第1类： ['个人中心', '个人中心', '个人中心', '个人中心', '个人中心那里吗', '中国金融认证中心', '云中心上课', '以武汉为中心', '你给我的是帮助中心', '共享智能铸造产业创新中心有限公司', '原来在个人中心有个', '国家卫星气象中心', '国知局发展研究中心', '增加一个中心', '外呼中心用', '帮助中心', '想弄一个点呼中心', '我们单位是药品审评中心', '我到个人中心了', '我是上韦博云中心的课程', '我这边需要外呼中心', '我这边需要有个客服中心', '浙江大学信息技术中心', '深圳韦思浩物流研究中心', '点击个人中心后', '郑州市宇信职业培训中心', '长江航运中心', '附带通话中心']
语义向量：[-8.82258002e-02  1.76655281e-01  1.45269226e-01  3.34293563e-02
 -1.56421207e-01  1.14543417e-01 -4.86337192e-02 -1.35685799e-01
 -1.29277872e-01 -4.70614802e-02  5.76732775e-02  1.69010223e-01
  1.77772771e-02 -2.54367630e-01  1.00910814e-01  5.75244785e-02
 -2.57669452e-01  4.11547961e-02  3.50307919e-02 -3.11436995e-01
 -1.66785107e-01  1.22363465e-01  7.59799158e-02 -2.12793793e-02
 -1.95483005e-01 -1.03240600e-01  1.75352599e-01  2.30229514e-02
  1.34661338e-01  1.47737149e-01 -4.31839644e-03 -1.44633181e-01
 -1.05288794e-02  9.10135649e-02 -1.82689274e-01 -4.98932799e-02
 -5.76846974e-02 -1.34885842e-01 -1.27097443e-01  1.79310156e-01
 -3.70560699e-02 -2.93822315e-02 -1.19871613e-01  1.88051408e-01
 -3.06227121e-02  1.49014802e-01 -1.40896660e-02 -5.91175061e-02
  2.51117942e-01  1.30469277e-01 -6.27315872e-02 -4.87827697e-02
  1.37410154e-01 -7.50242216e-02 -2.95854850e-01 -6.83735350e-02
 -8.50286244e-02 -1.03965449e-02  2.96830188e-01 -3.08624176e-02
  1.90220656e-01  3.24291041e-02 -2.49557107e-01 -1.81842728e-01
 -1.25811394e-01  3.37170336e-02  3.18814332e-01 -2.26799742e-01
 -2.63131232e-01 -2.18361654e-01  1.61893400e-01  8.72880288e-02
 -5.53563290e-02  2.67246343e-01 -1.32282736e-01 -2.51410813e-01
 -1.17699541e-01  7.81576622e-02 -3.26491104e-02 -2.25385512e-01
 -2.41520475e-01 -1.25011035e-01  1.01087326e-01 -1.40105581e-01
  5.25527002e-03  1.38585393e-01  1.71484019e-01 -3.90745973e-02
  1.88730104e-01  1.93672106e-01  1.80289609e-01 -5.22732558e-02
 -1.55971334e-01 -3.11957390e-01  9.89005276e-02 -4.81533351e-02
  1.21535785e-01  2.57750600e-01  1.35641547e-01  2.87579892e-02
  1.56945598e-01 -1.70956899e-01 -5.42774977e-02 -7.31990231e-02
 -3.48726617e-03  9.29559896e-02 -2.06256438e-01 -1.82722599e-02
 -1.24256432e-01 -1.23072577e-01 -6.68498634e-02  1.92174910e-01
 -1.96254795e-01  6.34188567e-02  2.42698956e-01 -4.61585444e-03
 -1.40362166e-03 -8.16282367e-02 -1.59506484e-01 -1.40490934e-01
  1.72065238e-01 -3.29329799e-01 -1.31288787e-01  7.09584158e-02
  2.41046746e-01  7.19182307e-02 -9.41507927e-02 -2.25717234e-01
  4.82172227e-02  1.71439133e-01 -1.77862134e-01 -2.11852234e-01
  2.06482646e-01 -4.49963511e-02  1.59418180e-01 -7.09603341e-04
  3.26563765e-02 -8.46470016e-02  7.04386270e-02  8.55084656e-02
 -4.07176558e-02  3.90524897e-02  1.76064564e-01 -1.38658635e-01
  9.99225378e-02  8.47512654e-02  5.55654133e-02  2.46748215e-01
  1.54893554e-02  2.58344768e-01 -2.73996620e-02 -2.03147526e-01
 -8.64487848e-02 -6.87351174e-03  1.84401090e-01  1.02264839e-01
 -1.93258255e-02 -2.51837242e-01  1.22162648e-02  8.58362779e-02
  2.84769695e-01 -6.67447011e-02  2.20578056e-01  9.83942699e-02
 -1.95040084e-01  1.22185994e-01 -2.83134125e-01 -2.01656550e-01
  1.47698087e-01  5.60023027e-03  7.09817340e-02 -1.06174205e-02
 -6.28474897e-02  3.09608425e-03 -1.52462112e-01 -1.28096223e-01
 -2.41891309e-01  2.86980877e-01  4.42020196e-01  1.64052136e-01
  2.22404132e-01  1.41892082e-01  1.25840543e-02 -1.05387154e-01
 -2.88897270e-01 -1.53955466e-01 -3.30932063e-01  2.71706690e-01
 -3.32119469e-01 -3.96860849e-02 -2.88541296e-04  1.44781604e-01
  8.09368690e-02 -1.87197781e-01  1.14453537e-01 -2.94345706e-01
  1.98385276e-02  2.63111841e-01 -1.58773736e-02 -5.89120730e-02
 -1.80921935e-01 -2.58875459e-02 -1.62080362e-01 -7.98049528e-03
 -7.57604805e-02 -3.82385267e-04  3.24767582e-01 -1.29961757e-01
  2.37805625e-01 -8.51883490e-02  1.57555502e-01  2.78617492e-02
 -2.10912723e-02 -1.19867654e-01  4.98514436e-02  1.64508590e-01
  1.08070547e-02  1.94885211e-01  8.55795056e-02  2.93591541e-02
  1.93761525e-01  5.40695003e-02  4.31791720e-02  8.58087452e-02
  4.70560942e-04 -5.11626644e-02  6.66732157e-02  2.97673416e-02
  2.75764534e-01  1.14205302e-02  1.73443941e-01  3.97828716e-02
 -2.11332157e-02  2.88788613e-01  8.10603752e-02  3.44988644e-03
 -2.84110741e-01  7.89943722e-02  5.64474303e-03  3.35652746e-01
 -7.50547146e-02 -1.04740704e-01  1.45518167e-01 -1.09278305e-01
 -2.36087299e-03 -9.95152816e-02  1.11797603e-01  1.97572262e-01
 -4.21234805e-02  1.77842593e-01 -1.14370321e-02  7.95365870e-03
 -1.08477604e-01  1.87955943e-01 -2.29319035e-02  3.68367554e-02
  5.65251889e-02 -2.55787679e-01 -6.96478479e-02 -8.29909516e-02
  1.24542446e-01 -2.20217482e-01 -4.73121671e-02 -2.29926793e-01
  7.22525730e-02 -1.46175336e-01  2.95808241e-01 -1.32407041e-01
  6.73072082e-02  1.06473901e-01 -1.65488413e-01  3.82071805e-02
 -7.29252648e-02  1.17223357e-01 -1.12869298e-01  1.12279385e-01
  3.38067916e-01 -1.82001680e-02  1.59214733e-01 -1.33573020e-01
  8.84631897e-02  1.61328967e-03 -4.76804537e-02 -3.03222082e-02
  1.07069914e-01 -6.91137878e-02  7.12135934e-02 -2.37284232e-01
  1.50351407e-01  2.65450822e-02 -2.60978521e-01  1.42755877e-01
 -3.40642330e-02 -1.47783502e-01 -1.85377210e-01  2.04182676e-01
  1.78310054e-01  2.07825186e-01 -1.67214062e-01 -1.75403242e-02]


