第1类： ['不是一次性买的', '不是我买的', '不能一次买多年', '个人买就不能开发票吗', '也许是成都买', '买两个月的呢', '买了能解封群', '买多个有优惠么', '买的说得', '以为是还没买', '你们至少买几方', '使用结束多少钱买正版', '公司买和个人买有什么区别', '刚刚买的科天云的', '只能够买吗', '因为不是我买', '好用的话就买', '如果他们买了', '如果我已经买了', '如果我已经买了', '如果我现在买了', '如果我要买是直接跟你们买还是代理商', '应该是买了', '我也打算买', '我买了一年的啊', '我买的是', '我们买了你们的', '我们买的有', '我们公司买了', '我们公司买了', '我们公司买的', '我们公司已经买了', '我们大概想买', '我们已经买了的', '我们想买你们的', '我们整个公司买了', '我们现在买了一个', '我们这里想买一个', '我们集团买了', '我们集团要买', '我准备买啊', '我刚才买了', '我如果买了一套', '我想买一个', '我想买一套', '我想在美国买', '我想着买一整套', '我才买的手机号码', '我是我买的', '我没买过', '是不是要买摄像头', '是买还是租', '是只能买账户吗', '是怎么买呢', '比如我买一年的', '比如我们买了', '比如说我第一次买了', '没有买八方的', '而且我们不想买这个', '请问你们这里买的', '还必须得买', '还没买呢', '还没买呢', '这个也要买', '那如果我买一个', '那就是要买两个', '那我可能没有买', '那比如如果买了', '那要在哪买', '集团公司应该有买吧', '需要买电话号码吗']
语义向量：[-2.98589975e-02 -1.64751714e-02 -1.41800386e-01 -5.61161428e-02
  1.75326481e-02 -4.13463143e-02  4.20800447e-02  7.68120764e-02
 -2.17304707e-02  1.11068609e-01  6.48509472e-02  1.49433831e-01
  2.82351779e-02  1.53283820e-01  4.31434306e-02 -4.92988669e-04
 -2.98300927e-02 -3.61159383e-02  8.77480649e-02 -1.18941182e-01
 -5.77693122e-02 -3.39598491e-02  7.45420795e-02 -9.63155701e-02
  5.53557961e-02  2.90465708e-02 -3.41944785e-02 -3.05922529e-03
 -2.62817899e-03 -1.62073188e-01 -6.27678518e-02 -7.59676624e-02
 -1.40334995e-02  1.03321754e-01  1.56650600e-02 -1.08044326e-01
 -1.41433859e-01 -9.97080727e-02 -3.88737780e-02 -1.02321497e-02
 -1.47888013e-01 -2.60743703e-01 -1.08349676e-02  4.48122589e-02
 -5.40102313e-03  2.12769230e-02  4.76349776e-02  3.19306538e-02
  2.04424109e-02  5.54211341e-03  3.23476020e-02  5.39296011e-02
  2.77611893e-02 -1.25933499e-01  2.51654384e-02  1.11795404e-01
  3.35110303e-02 -5.51129499e-02 -1.73271912e-02 -1.75383971e-01
  1.22719488e-01  1.29119162e-01 -3.40777502e-02 -2.18971217e-01
 -1.22708589e-01  8.79917876e-02 -1.64827060e-01 -1.70850885e-01
 -1.74835614e-01 -2.58168270e-01  2.33265625e-02  9.93245104e-02
 -3.03244728e-02 -1.08410612e-02 -3.46872525e-03  1.58974767e-01
 -6.02060978e-02  7.11721765e-02 -1.84300798e-02 -1.47554692e-01
 -4.80671076e-02  7.88659633e-02  1.07683425e-01 -6.60175812e-02
 -1.43339662e-01  1.53664957e-01  8.82656250e-02  1.42932917e-01
  2.31816189e-02  1.32291133e-01  7.23585063e-02 -2.01170875e-01
 -9.32949860e-02 -1.15889990e-01 -5.37357017e-02 -5.06402839e-03
 -4.54670563e-02 -5.38550495e-02 -5.91899387e-02  6.68582055e-02
 -4.39489051e-02 -7.38462146e-02  2.61230648e-02  4.06758658e-02
 -7.03576813e-02 -1.24518236e-01  6.47148542e-03  2.43222027e-01
  1.98105339e-01  8.70814466e-02  1.30674649e-02 -5.11085797e-02
 -1.38966408e-01 -3.96783886e-02 -1.30539743e-01  1.00320456e-01
 -2.29141552e-02 -1.98900513e-02  3.96422463e-02 -6.71889550e-02
 -4.98994133e-02 -2.55073619e-01 -3.63316298e-02  1.09649394e-01
  6.37743996e-03 -2.45247579e-02 -2.05408756e-02 -3.55352865e-02
  3.74704468e-02  4.25758122e-02 -1.02271115e-01 -1.54027358e-02
  4.86594816e-03 -2.19781187e-02  1.28408533e-01  1.72625720e-01
  3.48125188e-02 -2.94669644e-02  7.93990801e-02 -5.89180962e-02
 -1.76483733e-01 -5.83024916e-02 -4.07831095e-02  1.25136958e-02
  9.00719813e-02 -5.45463069e-04 -8.25985047e-02  1.20621902e-01
  1.28046045e-02 -6.60811298e-02 -1.43943220e-01  5.11019500e-02
 -1.88785033e-02  1.54293648e-01  4.00832490e-02  1.13512415e-01
 -2.80207942e-02 -2.20363483e-01  5.89590270e-02  4.84556023e-02
  1.02246149e-01 -8.55309442e-02 -5.37662050e-02  1.82109664e-01
 -1.18219124e-01 -6.67095117e-02 -1.43384263e-01 -9.77850452e-02
  3.91695548e-02 -4.14730542e-02  6.47429420e-03 -1.21206141e-01
 -1.25684049e-02 -1.18112919e-01 -3.36739442e-02 -5.70427397e-03
 -7.71200133e-02 -1.00798791e-02  1.38855096e-02  4.15532863e-02
  5.31289376e-02  7.89745938e-02 -5.08555902e-02 -6.54159506e-02
 -1.88489396e-01  4.58227664e-02 -1.53623810e-01 -1.55245349e-02
 -6.36471514e-03 -1.83921754e-02  9.08842986e-03 -4.77159311e-02
 -8.25766588e-03 -3.59171796e-02 -1.32042796e-01  9.27812461e-02
 -1.16255125e-01  2.20049319e-01 -7.36576433e-02  3.79103695e-02
 -5.05146437e-02 -6.72585054e-02 -1.06710273e-04 -1.93330790e-02
 -3.23461710e-02  1.34278525e-02 -2.45167220e-02 -2.29432943e-02
  5.17112674e-02 -8.00639838e-02  1.16420239e-01  2.05245249e-02
 -2.55123597e-02 -7.67216098e-02  9.68267487e-02 -1.06387620e-01
  1.41582495e-02  1.74257536e-01 -1.07947830e-02  1.34471899e-01
  1.00055022e-01  1.49828218e-01  3.20770310e-02  3.10261263e-02
 -9.84100256e-03  8.32732752e-02  9.95293687e-03  3.17858561e-02
 -8.85733239e-02  2.19301729e-02  4.94454204e-03 -8.00334468e-02
  9.94749714e-02 -3.25750592e-02  2.43667355e-02 -3.14071002e-02
  1.25534643e-02 -1.32815208e-01 -7.04124991e-02  2.63759699e-02
  3.55102949e-02  2.16998457e-01 -4.03792358e-02  4.30745693e-03
 -1.12510211e-01 -1.26153740e-02  1.45909841e-01 -2.59331665e-02
  9.31073364e-02 -1.37549583e-02 -8.64145031e-02 -9.33726784e-02
 -5.82958940e-02 -2.39520843e-02  5.54842455e-02 -1.08449401e-01
  9.65926219e-02 -1.06756842e-02  3.00449175e-02  8.95754459e-02
 -4.92707822e-03 -9.48379257e-02  4.94988909e-02 -1.00092141e-01
  8.80585888e-02 -6.42139840e-02 -1.48657129e-01 -2.65901338e-02
  1.91015816e-01 -7.70072798e-02  7.76380749e-02 -8.35054221e-02
  9.85404903e-02 -2.27831574e-02 -7.74340752e-02  1.99941843e-02
  1.34737313e-01  9.14184680e-02  1.41222173e-01  1.34963822e-01
  3.19890447e-02 -5.07671596e-02  3.85006837e-02 -1.32035145e-01
  7.00037310e-02 -1.85858595e-01  1.60908288e-01 -1.05518820e-01
  7.41975568e-02 -5.71691276e-02 -3.06608674e-02 -3.22617499e-02
 -8.37794978e-02  3.29022295e-02  6.29596561e-02 -5.20319410e-02
  9.29826381e-02  1.66420542e-01  2.20397014e-02 -4.36065469e-02]


第2类： ['国外可以就买一个许可', '如果我买的国内版', '想买一款教育在线的', '我们之前有买国外的', '我在科天云已经买了一年的服务', '我想问如果买你们云端的服务', '我是真的想买的客户', '用这个云平台是不是就不需要买', '的国外版本我们有买', '还有就是要买什么设备吗']
语义向量：[-0.02258092  0.02788764 -0.09797435 -0.04765325 -0.03958945 -0.02412136
  0.03938854  0.03955023 -0.01156833  0.05072397  0.0196842   0.11869434
 -0.01502457  0.1015185   0.01864179 -0.02654588 -0.06296478 -0.05259469
  0.0325748  -0.09855828 -0.04980837  0.02872557  0.01282201 -0.12623765
 -0.04743988  0.04830906 -0.03629877 -0.04947089 -0.00284419 -0.09663201
 -0.0798779  -0.13041035 -0.05848432  0.05669352  0.00304827 -0.09460691
 -0.06115846 -0.09196371  0.00558044 -0.00817292 -0.13832861 -0.19675191
 -0.02149733  0.06356301 -0.03891111  0.02750019 -0.00523457 -0.00465448
  0.00828557  0.02640607 -0.03314825  0.0794321   0.07305568 -0.07384065
 -0.02544467  0.06520177  0.05958206 -0.06201948 -0.03135739 -0.14318544
  0.11757542  0.14090324 -0.05080832 -0.23680956 -0.11044376  0.04421756
 -0.09321265 -0.1608372  -0.11816113 -0.22691382  0.04301038  0.07775822
 -0.02535966 -0.01162428  0.04595486  0.068188   -0.07201387  0.1138078
 -0.01597493 -0.13867038 -0.03831973  0.07409403  0.12789273 -0.07927835
 -0.08101163  0.10066427  0.08366215  0.11198607 -0.01378817  0.10234146
  0.04982949 -0.20075797 -0.05772457 -0.13093957 -0.02846978 -0.0287238
 -0.01524818 -0.07109182 -0.01664152  0.0366102  -0.04223275 -0.07929347
  0.0375714   0.08925825 -0.02523957 -0.06280605 -0.018585    0.21044839
  0.10850768  0.04108488  0.006604   -0.03845579 -0.0405634   0.02485054
 -0.10211979  0.05373315 -0.03715164  0.01939248 -0.04981088 -0.03019265
 -0.05195781 -0.19343086 -0.05100442  0.05901793  0.04482713  0.06072442
 -0.02706042 -0.00824024  0.05008774  0.04035648 -0.11050396 -0.01021348
  0.07989095 -0.00906983  0.11084098  0.23185487  0.05396749 -0.11501711
  0.04635181  0.00881961 -0.17828744 -0.0380347   0.01628073  0.00952361
  0.10618552 -0.04269716 -0.08088883  0.16340517  0.02742207 -0.02744053
 -0.07007423  0.04664879 -0.02879933  0.07732346  0.02912569  0.09315615
 -0.00359059 -0.21618879  0.0767528   0.06610239  0.12205492 -0.08621053
 -0.02596909  0.22090329 -0.08998983 -0.03266902 -0.1344526  -0.0844153
  0.07049224 -0.07924461  0.00257045 -0.12118211 -0.02074309 -0.06606125
 -0.03308518 -0.02301821 -0.07055586  0.04176378  0.03027408  0.04151277
  0.09898839  0.05872804  0.02612681 -0.08553676 -0.14637438  0.07965866
 -0.16998641 -0.02282844 -0.04743601  0.0085369  -0.0121578   0.01237833
  0.01867228 -0.03383406 -0.09697481  0.01139563 -0.10592309  0.20960782
 -0.08179855  0.02400537 -0.09711143 -0.05110456 -0.01773524  0.00189585
 -0.06731554 -0.03519864  0.04764815 -0.02795127  0.07499687 -0.04248252
  0.09238808  0.00661547 -0.06439924 -0.0930275   0.11375659 -0.06639607
  0.02921996  0.12009244 -0.05498171  0.12849342  0.05242322  0.08687495
  0.03790871  0.01996127 -0.01498046  0.09795029  0.0435908   0.01950131
 -0.01021396 -0.02799987  0.00051712 -0.08321063  0.07137848  0.01450731
  0.03364374 -0.0241866  -0.03373265 -0.1166013  -0.01057773  0.08543693
  0.07097892  0.10824643 -0.05608245 -0.02125488 -0.0734375  -0.06420414
  0.09396722 -0.02162031  0.10049851 -0.01041304 -0.07264384 -0.07467378
 -0.0580867  -0.03449642  0.07239583 -0.06380341  0.05323158 -0.0727928
 -0.04760267  0.05506966  0.0617705  -0.08759438  0.04753865 -0.14628223
  0.04044519 -0.08058245 -0.08045147 -0.02670801  0.13923418 -0.08863759
  0.0090739  -0.06244577  0.0998641  -0.03336229 -0.06210258  0.0621352
  0.12736083  0.054346    0.08545809  0.07594975  0.0316484  -0.03240029
  0.03574489 -0.10063118  0.08242828 -0.13278668  0.14756862 -0.14698049
  0.09308665 -0.02321343 -0.0213147  -0.0057053  -0.04866452  0.02506286
  0.02377659 -0.0644907   0.12116476  0.09280485 -0.00137959 -0.0409987 ]


第3类： ['一般买的流程是怎么样的', '之后再考虑买长期的', '买服务器自己达的环境管吗', '你们客户买了你们的平台还是想很好的利用起来', '你好我想问下我现在想买一套', '先还没到买那一步', '其实是相当于我买一个号码', '前年买一个你们制造的热水器现在不能用', '另外你能不能查一下之前我买的是几方的', '可以跟你们直接买不', '咱这里能查我们公司买', '如果买的话也是在北京', '如果是正式版也需要买空间', '您的意思是买一个', '我之前是在经销商买的', '我买了之后就可以', '我们买的这个是只适用于中国大陆的', '我们公司已经买了你们两个', '我们公司应该已经买了', '我们公司有买了哦', '我们在你们这儿买的', '我们已经买了你们的了', '我们应该已经买了吧', '我们当时是买这个套餐的', '我们还准备和你们买', '我公司买了你们的', '我想了解下情况再买', '我想问下这个要是集成商买的话', '我看网上可以直接买套餐', '我要确认下我们买的', '我还没决定要买', '我还没决定要买呢', '所以我们可以帮最终用户买', '是买一套就只能一个客户端用还是可以很多人一起用', '最好可以直接用我们要买的', '比如说我现在买的是', '纯电话会的话是要买时长对吧', '而且买的不限时长的', '请问最低可以买一个账户吗', '这个是活动的时候买的', '这个是要买的是吧', '那如果买正式版本的都有哪些套餐', '那我买了这些分钟数', '那我们之前在思科买的哪种方式不一样了', '那话成万元去买这个服务难道就这样']
语义向量：[-0.01817224 -0.00822262 -0.08798038 -0.03378162  0.00897562 -0.02411797
  0.02721442  0.04833519 -0.0125247   0.06906619  0.04014682  0.0900069
  0.01709598  0.09444549  0.02597463 -0.00198992 -0.0198494  -0.02382536
  0.05275273 -0.07576898 -0.03757109 -0.02065088  0.04464289 -0.06129924
  0.03141446  0.01623267 -0.02053657 -0.00258778 -0.00215424 -0.09984856
 -0.03892122 -0.05236624 -0.00828808  0.06250548  0.01048386 -0.06771708
 -0.08552111 -0.06198163 -0.02396671 -0.00379834 -0.09131331 -0.16247387
 -0.00880527  0.02817526 -0.00325504  0.01491114  0.02783763  0.01984879
  0.01396486  0.0047943   0.01712582  0.03472994  0.01826974 -0.07781796
  0.01374428  0.06855675  0.02221212 -0.03754116 -0.01276958 -0.10761613
  0.07680725  0.07998764 -0.0230546  -0.13745986 -0.07706151  0.05559221
 -0.09979678 -0.10737576 -0.10906408 -0.16086003  0.01367852  0.0624623
 -0.02055313 -0.00517183 -0.00339484  0.09566954 -0.03808653  0.04420067
 -0.00893546 -0.09327755 -0.02975827  0.04773745  0.06636612 -0.04257476
 -0.0863155   0.0952669   0.05489476  0.08735589  0.01371851  0.0845509
  0.04761363 -0.12423658 -0.05783554 -0.07424981 -0.03253176 -0.00570082
 -0.02812218 -0.03297112 -0.03676634  0.03874556 -0.02786287 -0.04764605
  0.01916467  0.02805531 -0.04524271 -0.07676034  0.0009345   0.1526338
  0.12257816  0.05255713  0.00801441 -0.03032238 -0.08526263 -0.02341788
 -0.08076522  0.06479569 -0.01483145 -0.01410663  0.02405299 -0.04165615
 -0.02979591 -0.15824838 -0.02621176  0.06858836  0.00672773 -0.01306709
 -0.01123138 -0.02021214  0.02303098  0.02781957 -0.06645975 -0.00877431
  0.00299494 -0.01454467  0.07993513  0.10975937  0.0241687  -0.01729884
  0.05039891 -0.03382261 -0.11190154 -0.03677864 -0.0222641   0.00759216
  0.05577951  0.00150795 -0.05305649  0.07746498  0.00773283 -0.03902421
 -0.0858318   0.02916632 -0.01295652  0.09399162  0.02628958  0.07126727
 -0.01772632 -0.13715816  0.0375968   0.02812844  0.06197253 -0.05426385
 -0.0313224   0.11253377 -0.07297678 -0.03988959 -0.08763864 -0.06277793
  0.02566718 -0.02562275  0.0052212  -0.07756857 -0.00650697 -0.07432489
 -0.02193418 -0.0049129  -0.04859181 -0.00374692  0.01053611  0.02489913
  0.03620493  0.0468932  -0.02808838 -0.04245945 -0.11853864  0.03085512
 -0.09793178 -0.00790931 -0.00643325 -0.00737021  0.0061195  -0.02757483
 -0.00372859 -0.02312713 -0.08111113  0.05545251 -0.06957965  0.13823471
 -0.0466265   0.0232582  -0.03528653 -0.04193959 -0.00253698 -0.01128152
 -0.02248811  0.00520848 -0.01287826 -0.01280851  0.03455856 -0.04920504
  0.07418473  0.01109486 -0.01767796 -0.0467465   0.06210623 -0.06344336
  0.00630303  0.10714228 -0.00709742  0.08503683  0.06296899  0.09180554
  0.01979216  0.01981977 -0.00650349  0.05393965  0.00782117  0.01715409
 -0.05449306  0.01307945  0.00459837 -0.05145589  0.06022995 -0.01910221
  0.01438679 -0.0171771   0.00767179 -0.08387577 -0.04260547  0.01982459
  0.02517154  0.13242259 -0.02323114  0.00259869 -0.06906757 -0.01119644
  0.0887747  -0.01323927  0.0554101  -0.00617353 -0.05350791 -0.05500259
 -0.03600553 -0.01515941  0.03297095 -0.06800523  0.06041333 -0.0099185
  0.01839319  0.05404615 -0.00034091 -0.06229121  0.02925892 -0.06469475
  0.05363782 -0.03939581 -0.09219312 -0.01692828  0.11761944 -0.04679009
  0.04575278 -0.05099691  0.06254136 -0.01106192 -0.04920543  0.01393851
  0.08496424  0.05844429  0.08644608  0.08418563  0.01883077 -0.03154414
  0.02410437 -0.08335805  0.04487025 -0.11412732  0.09992255 -0.06798348
  0.04777215 -0.03582812 -0.0211622  -0.0192412  -0.04844958  0.02013637
  0.03741967 -0.03250814  0.05690685  0.10307011  0.01179184 -0.02758223]


第4类： ['不能只买', '个人买可以吗', '买一个月不行', '买了已经', '买会员的', '买可能是在武汉买', '买是这边买', '你买几方', '公司买的', '公司有买', '准备买了', '只能买一年', '可以买几年', '如果我买', '如果我们买', '如果要买', '就是买电话费', '就是想买', '已经买了', '已经买了', '想买还买不了', '我们买了', '我们想买', '我刚买了', '我如果买', '我如果买', '是不是买', '最少买一年吗', '最少要买', '比如买了', '比如我买', '站点需要买么', '还没有买', '这个怎么买', '那怎么买', '那边买了', '问下买两个']
语义向量：[-4.38365177e-02 -2.28967502e-02 -2.14748895e-01 -8.37440116e-02
  2.49853825e-02 -6.41188465e-02  5.83051698e-02  1.20754326e-01
 -3.34722617e-02  1.69161114e-01  9.83642809e-02  2.27541481e-01
  4.22013413e-02  2.30139168e-01  6.72869611e-02  1.35180376e-03
 -3.83622325e-02 -5.41796709e-02  1.32851971e-01 -1.78204198e-01
 -8.46561186e-02 -4.91030279e-02  1.11146434e-01 -1.45175623e-01
  7.85129893e-02  4.50875998e-02 -5.35622012e-02 -3.50104661e-03
 -1.22271605e-02 -2.47429846e-01 -9.55370147e-02 -1.11629964e-01
 -2.64982865e-02  1.55367059e-01  2.86338157e-02 -1.59847397e-01
 -2.10879905e-01 -1.47405647e-01 -5.88451802e-02 -1.74529086e-02
 -2.24806813e-01 -3.91476054e-01 -1.79046720e-02  7.14235823e-02
 -9.17205119e-03  3.07376426e-02  7.04461479e-02  4.41472995e-02
  3.05859081e-02  5.44277412e-03  4.97816012e-02  7.88918229e-02
  4.27618604e-02 -1.90559727e-01  4.20588290e-02  1.70978869e-01
  5.09697917e-02 -8.64448272e-02 -2.79507917e-02 -2.62320947e-01
  1.92098332e-01  1.91635389e-01 -5.04003998e-02 -3.32744602e-01
 -1.80210202e-01  1.32283398e-01 -2.52343474e-01 -2.60562385e-01
 -2.59418669e-01 -3.85399627e-01  3.54079357e-02  1.54719823e-01
 -4.31033561e-02 -1.44669674e-02  3.02955206e-04  2.40467107e-01
 -8.86070666e-02  1.09089855e-01 -3.00571651e-02 -2.24922589e-01
 -6.99031453e-02  1.19961805e-01  1.60913167e-01 -9.38213770e-02
 -2.20886399e-01  2.34059051e-01  1.32948687e-01  2.11343542e-01
  3.00086465e-02  1.96567149e-01  1.05807463e-01 -2.98249545e-01
 -1.38666726e-01 -1.72932360e-01 -7.63182915e-02 -9.37754688e-03
 -6.94259176e-02 -7.68762016e-02 -8.95073087e-02  1.04620920e-01
 -6.15940152e-02 -1.08467544e-01  4.03759779e-02  6.21219033e-02
 -1.07102038e-01 -1.91945981e-01  1.06683800e-02  3.64832562e-01
  2.92055099e-01  1.30872341e-01  2.36342140e-02 -7.56733456e-02
 -2.05710734e-01 -5.58245459e-02 -1.96931969e-01  1.42836068e-01
 -3.76610496e-02 -2.55679864e-02  6.12990278e-02 -1.04083418e-01
 -7.69978192e-02 -3.82895156e-01 -4.92064110e-02  1.60666587e-01
  6.11987116e-03 -3.19068687e-02 -2.52489567e-02 -5.10675461e-02
  5.62976749e-02  5.94099480e-02 -1.56228852e-01 -2.55620503e-02
  6.35835464e-03 -3.18585286e-02  1.95188439e-01  2.63891604e-01
  5.14100175e-02 -4.18036513e-02  1.14334587e-01 -8.52698172e-02
 -2.66546935e-01 -8.54604556e-02 -5.90599089e-02  1.76312152e-02
  1.37363623e-01 -6.68221117e-03 -1.20312787e-01  1.83202895e-01
  2.27685717e-02 -9.76883442e-02 -2.16822545e-01  7.63461961e-02
 -3.02746714e-02  2.32185463e-01  6.18591713e-02  1.68142171e-01
 -4.12513935e-02 -3.35728715e-01  9.01050456e-02  7.80743554e-02
  1.54407722e-01 -1.31377436e-01 -8.19365726e-02  2.77569235e-01
 -1.78865961e-01 -1.01687645e-01 -2.17742281e-01 -1.48175443e-01
  5.70655396e-02 -6.56324905e-02  1.00605948e-02 -1.78566134e-01
 -1.93200512e-02 -1.76862541e-01 -4.94302054e-02 -5.57872703e-03
 -1.21469552e-01 -1.19268324e-02  1.33127852e-02  6.35950332e-02
  8.22613187e-02  1.18606507e-01 -7.55286317e-02 -9.81592071e-02
 -2.86090853e-01  7.04020326e-02 -2.26861156e-01 -2.18146632e-02
 -1.30094180e-02 -2.33110075e-02  8.53594257e-03 -7.39923358e-02
 -1.47128678e-02 -5.46579492e-02 -1.95379455e-01  1.38594031e-01
 -1.78196187e-01  3.30779491e-01 -1.08751151e-01  5.95596157e-02
 -7.94716661e-02 -1.01008463e-01 -1.52137768e-03 -2.84605107e-02
 -5.08809142e-02  2.62452005e-02 -3.70601178e-02 -3.49136701e-02
  7.84152068e-02 -1.18160007e-01  1.73287567e-01  2.96545390e-02
 -3.89383994e-02 -1.14309799e-01  1.42794535e-01 -1.59182187e-01
  2.41243464e-02  2.60955017e-01 -1.51115876e-02  1.98933861e-01
  1.55593470e-01  2.26135393e-01  4.55999557e-02  4.16081996e-02
 -1.47234107e-02  1.23146572e-01  1.35497674e-02  4.81393958e-02
 -1.24858712e-01  4.14499046e-02  6.11177442e-03 -1.18174446e-01
  1.47630300e-01 -4.95485265e-02  4.05732972e-02 -4.37933769e-02
  1.76799171e-02 -1.97016581e-01 -1.07947075e-01  3.67350839e-02
  5.42950500e-02  3.29171970e-01 -6.50112373e-02  7.05316002e-03
 -1.70659869e-01 -2.09962639e-02  2.19521781e-01 -3.82248161e-02
  1.38496839e-01 -2.36553874e-02 -1.31639737e-01 -1.40115627e-01
 -8.87608766e-02 -3.70956240e-02  8.46933215e-02 -1.62858655e-01
  1.43950270e-01 -1.39818141e-02  3.86965663e-02  1.33167602e-01
 -4.32934028e-03 -1.44988933e-01  7.29556255e-02 -1.48412184e-01
  1.33238288e-01 -9.67710262e-02 -2.24614042e-01 -3.55238783e-02
  2.91561212e-01 -1.16998501e-01  1.19682305e-01 -1.26720057e-01
  1.49130323e-01 -3.17710604e-02 -1.16635013e-01  2.67118646e-02
  2.01146425e-01  1.41119530e-01  2.13638526e-01  1.98973345e-01
  4.94484270e-02 -7.75905155e-02  5.90332015e-02 -1.96493719e-01
  1.03894902e-01 -2.79786508e-01  2.35722568e-01 -1.57091474e-01
  1.13569588e-01 -9.04497151e-02 -4.24979429e-02 -5.07826056e-02
 -1.24243972e-01  5.21651989e-02  9.32461595e-02 -8.25007594e-02
  1.42096464e-01  2.53255498e-01  3.75303281e-02 -6.60956242e-02]


第5类： ['不需要买什么设备吗', '买你们的服务', '买国内的花', '你们需要额外买设备吗', '公司买了一年的服务', '咱这个还用买设备么', '得买你们的服务', '我们买了服务了', '我们想买一套设备', '我们想买设备', '我客户这边买的', '服务还没有买', '还需要买其他设备吗', '这次国内买', '那我们设备必须买思科的吗', '需不需要买设备的', '需要买什么设备', '需要买什么设备吗']
语义向量：[-0.01336644  0.03219424 -0.12424109 -0.0538262  -0.03459499  0.00961098
  0.07825411  0.07449283 -0.01831457  0.09495105  0.0442507   0.17106784
 -0.03287774  0.19543041  0.07243563 -0.04722316 -0.07091182 -0.09850446
  0.06348973 -0.16252236 -0.10266102  0.04541566  0.0108127  -0.15684976
 -0.07943415  0.05440181 -0.0320007  -0.07755495  0.00915533 -0.15485561
 -0.13490626 -0.19756567 -0.06794674  0.0625703  -0.0016352  -0.1467658
 -0.12541717 -0.16221271  0.00964352 -0.00569746 -0.206055   -0.3291342
 -0.0451161   0.08358503 -0.03245842  0.03903013  0.00446843  0.00525038
  0.0516942   0.07501167 -0.08378534  0.15840575  0.08240235 -0.099609
 -0.09844318  0.09885519  0.12040147 -0.07860364 -0.05899528 -0.22513659
  0.13818144  0.20576298 -0.08946888 -0.35616175 -0.19119947  0.05826258
 -0.11949126 -0.23758985 -0.18020243 -0.34873359  0.06695364  0.11755472
 -0.05115935  0.00141087  0.06377263  0.09380929 -0.13009878  0.17468269
 -0.01588115 -0.21131537 -0.08755047  0.12939461  0.18734675 -0.1527487
 -0.14958432  0.1495053   0.13195548  0.17514127 -0.0168393   0.140419
  0.11235691 -0.29086886 -0.08675242 -0.20556555 -0.03107    -0.08042226
 -0.0103166  -0.08455382 -0.03963051  0.0597188  -0.07867613 -0.1474268
  0.0539705   0.14398301 -0.05263331 -0.10755255 -0.03917523  0.33114211
  0.15352439  0.07619864 -0.00053332 -0.08287726 -0.10998118  0.0373077
 -0.16902476  0.09690793 -0.0183751   0.03621348 -0.07776472 -0.04284175
 -0.05265523 -0.34387242 -0.11067349  0.10677503  0.05817611  0.07480319
 -0.04170641 -0.01963975  0.06181913  0.11856284 -0.16042055 -0.02533592
  0.13716251 -0.0273812   0.16757275  0.34972643  0.09364434 -0.19275598
  0.08402721 -0.03742274 -0.26770026 -0.04589122  0.0690383   0.01961144
  0.17899755 -0.01859585 -0.16811767  0.24400474  0.02381516 -0.01510457
 -0.13145711  0.06408759 -0.05238478  0.13359638  0.03933703  0.15937103
 -0.04829468 -0.32216376  0.12336793  0.09524198  0.18256497 -0.13053091
 -0.017051    0.3279001  -0.16974481 -0.03373189 -0.18941591 -0.13024172
  0.09540235 -0.12598788 -0.02941472 -0.21278872 -0.02465788 -0.09562986
 -0.04697706 -0.06375322 -0.11798695  0.06471826  0.06812714  0.08658188
  0.16597293  0.0951427   0.03618174 -0.10825604 -0.23858105  0.13303703
 -0.29258154 -0.01255342 -0.07371107  0.03746078 -0.01257097  0.02526112
  0.03421716 -0.05452682 -0.18986826  0.00205177 -0.15713752  0.31226414
 -0.12321084  0.01852412 -0.16855628 -0.07806513 -0.02957395 -0.00710099
 -0.11533436 -0.05175593  0.0688482  -0.05143377  0.12565828 -0.08269219
  0.13062365  0.02140176 -0.06833588 -0.1355265   0.18894753 -0.11189958
  0.02705073  0.16291781 -0.07319063  0.21809726  0.06441839  0.11155549
  0.07814169  0.03708325 -0.04073453  0.14738869  0.02937949  0.0050609
 -0.05030929 -0.04435171 -0.02895099 -0.11188984  0.08865788  0.06259975
  0.0625673  -0.06542344 -0.06270097 -0.18034193 -0.03226571  0.18448247
  0.09309549  0.13041187 -0.07459035 -0.02705748 -0.0905043  -0.12188251
  0.17777523  0.00763529  0.15955619  0.00357574 -0.0822315  -0.07208526
 -0.08982373 -0.00698487  0.04697839 -0.05986697  0.07850992 -0.09810048
 -0.01847368  0.06770672  0.07988817 -0.13939728  0.08921341 -0.21798071
  0.10722153 -0.11458596 -0.15016699 -0.02061598  0.20456744 -0.12703318
  0.01990414 -0.08004707  0.16227582 -0.04883742 -0.0985055   0.08896376
  0.22186815  0.09990513  0.1518738   0.11534686  0.03496299 -0.05046656
  0.02661415 -0.16518348  0.14191305 -0.19258497  0.2245295  -0.23438403
  0.1186826  -0.02534693 -0.04409861  0.0268305  -0.06283162  0.02278151
  0.03794282 -0.02586314  0.18464369  0.13117035  0.00179576 -0.04595987]


