第1类： ['上次有找你们了解过你们的产品', '以后好在电商区给你们推荐产品', '你们公司与宝利通产品各有什么区别及优势及不足', '你们公司的产品就是不需要配置专属的硬件是吗', '你们的产品可以满足这些要求么', '你们的产品在网上客服这块可以实现智能化吗', '你们的产品是全球都能访问使用吗', '你们的产品是自己研发的么', '你们这个产品的形式是什么样的', '你有你们产品的简单说明文档么', '你能先让我了解一下产品吗', '你还是简单的给我说下你们产品的功能把', '你这边有没有公司的产品演示样品', '公司已经估使用你们的产品了', '其他的我先了解下产品再说吧', '可以帮我看看哪款产品比较合适吗', '可是我还是不是很了解这个产品是来做什么的', '咱们的产品是云端的还是自建的', '咱们的产品是云端部署的么', '她说你们的产品不能嵌入我们的网站', '如果你们有一个详细的产品对应列表就好了', '如果感觉不错的话或许可以考虑长期采用你们的产品', '对咱们这个产品还不是很多了解', '就是我为什么要用你们的产品', '您这边是做产品还是做通讯的', '想了解一下咱们产品都在什么单位使用呢', '想了解下你们的产品和资费', '想了解这个产品是怎么卖的', '想具体了解一下你们家的产品', '想更多的了解你们的产品', '我们公司已经买过你们的产品了', '我们公司现在在用你们的产品', '我先看产品和我想要的方向一致不', '我关心的是产品的质量以及偏听', '我只是想了解你们的产品而已', '我希望你们能简单介绍你们的产品在这方面的优势', '我想要一些贵公司的产品资料', '我想要简单的了解一下你们的产品', '我想请问贵司的思科产品是贵司直销还是有代理商的', '我爸产品的参数要求给你发过去', '我看了下你们这边的产品', '我能找一个人了解一下你们的产品吗', '我这边想全面了解你们的产品', '或者找一款适合我公司的产品', '抱歉产品使用给您带来的不便', '最好找个很熟悉你们产品的人跟我沟通', '有催收用的自动外呼并且录音的产品没', '有没有产品信息和报价单可以发给我看一下', '目前科天云都做哪些产品的网真', '看到你们的产品后感觉不太好选', '能不能把你们产品的一些资料发过来看看', '能给我接好下你这个产品的', '让专门对接人员把产品明细发我看看', '请问您的产品能和保利通的', '这些需要我了解完您们的产品后再说', '这款产品完全是外包的是吧']
语义向量：[ 3.87454237e-02  1.25338404e-02 -2.46922156e-02  1.51844714e-02
 -2.14978573e-02 -1.90839358e-02  9.65789696e-03  2.74067111e-02
 -3.80984030e-02 -2.85971401e-02  9.74155949e-03 -4.12355565e-02
 -7.07042772e-02  2.24959117e-02 -1.34294223e-02 -4.63473812e-02
 -2.64485487e-02 -4.14780085e-02 -7.23672794e-02 -1.35219931e-02
 -3.06773286e-02  1.86991559e-02  5.00933457e-02 -2.14638979e-02
 -7.15810397e-02 -1.22838082e-02 -5.36708653e-03 -6.33157889e-02
 -4.72988658e-03 -2.69358906e-02 -8.23146604e-02 -2.76988089e-02
 -1.16166687e-02 -1.27091336e-01 -1.06608346e-01 -5.12858577e-02
 -2.94472662e-02 -6.75163123e-02  2.11520732e-02  3.09460884e-02
 -4.67927016e-02  6.78475777e-03  5.54591520e-04  9.10241407e-02
 -4.58793666e-03  4.29796975e-03 -2.30605251e-02 -1.97977302e-02
  8.54861434e-03  2.62799321e-02 -7.49194999e-02  5.79400528e-02
 -2.58206682e-04  1.62440555e-02 -4.35522440e-02  1.95677946e-02
  4.84729752e-02 -6.06390657e-03  3.27248793e-03 -3.93308351e-02
  2.80349107e-02  7.80916813e-02  6.23630298e-03 -9.13444348e-02
 -2.47218352e-02 -8.83168832e-05  2.46364420e-02 -5.63188725e-02
 -5.77918153e-02 -8.55250401e-02 -1.85450055e-02  3.66081734e-02
 -1.62776159e-02  2.08225126e-02 -1.32341048e-02 -3.01068050e-02
 -3.12715807e-02  8.72582347e-02  8.69851389e-03 -1.82921886e-04
 -4.19354096e-02  5.46310833e-02  3.72657315e-02 -4.48109072e-02
 -1.77934288e-02  2.76190167e-02  2.47678257e-02  1.83556156e-02
 -5.65775690e-02 -1.40200934e-02  4.93686004e-02 -2.42680453e-02
 -3.90716154e-03 -5.00396298e-02  9.08032142e-02 -8.82988563e-02
  3.00072181e-02  4.57910742e-02 -1.81805362e-02 -4.60442948e-03
  3.90913247e-02 -2.57454616e-02  4.58823332e-02  3.78558653e-02
 -2.90393700e-02 -2.57316302e-02 -8.72535785e-03  5.15029432e-02
 -4.74103307e-02 -2.20426447e-02 -3.91708080e-02 -4.85352640e-02
 -2.62531712e-02  5.27209114e-02  3.80131859e-02 -3.62690640e-02
  1.70377978e-02  1.30023369e-02 -4.71690712e-02 -3.94790461e-02
  1.21660856e-02 -7.58128338e-02 -5.24791218e-02 -4.58130288e-02
  1.91538094e-02 -1.07776467e-02 -7.52290348e-03  1.76211855e-02
  7.86690761e-03  6.92548117e-02 -2.92843699e-02  8.70800351e-03
  2.26340013e-02  1.57590316e-02  4.90362650e-02  5.18569865e-02
  2.16390709e-02 -9.93658166e-02  1.00456303e-03  1.49832239e-02
 -4.70963370e-02  2.53803456e-02  4.05590077e-02 -1.05488044e-02
  5.81827200e-02  1.24456901e-03 -8.80103837e-02  5.41035529e-02
  3.14582674e-02  2.84344695e-02 -2.24722766e-02 -8.08605842e-03
 -3.88144536e-02 -2.23955137e-02  2.43361154e-02  3.76964988e-02
 -3.82277915e-02 -7.79763740e-02  2.40088574e-02  2.43709898e-02
  5.19108862e-02 -1.28443351e-02  3.23629536e-02  6.91446232e-02
 -5.38508924e-02  6.81018303e-02 -5.06182028e-02 -6.34594425e-02
 -3.63468938e-02 -2.60799173e-02 -3.32897100e-02 -5.07381739e-02
  1.61810660e-02  5.31793453e-02  2.45816431e-02 -3.82371755e-02
 -6.90225828e-02  8.21316095e-02  1.15357896e-02 -1.26694939e-02
  7.85269987e-02  3.91570218e-02  5.31100793e-02 -5.12965857e-02
 -2.06193808e-02  3.77274110e-02 -4.25741811e-02  8.26119180e-03
 -6.78643423e-02  3.02825648e-02  2.64318482e-02  6.11398962e-03
  6.92234631e-02 -4.33572986e-02 -2.70153926e-02 -1.43572222e-02
 -4.52077450e-02  3.78765125e-02 -3.88107019e-02  9.94109023e-04
 -7.80243104e-02 -9.25167516e-03  1.17557033e-02  5.44854400e-02
  2.12803799e-02 -2.80350895e-02  1.77167409e-02  6.56924483e-02
  5.87935927e-02  4.90894795e-02 -9.84087647e-03 -3.33339337e-02
 -2.74025360e-03 -5.90787104e-02  3.97062809e-02  1.52117284e-02
  3.63518652e-03  4.87147687e-03  2.36369815e-02  3.37672793e-02
  1.44063151e-02 -3.23803449e-03  7.78607843e-02  8.57747218e-05
 -2.76653595e-02  4.96139592e-02  1.87406538e-02 -1.05298453e-02
 -3.76119011e-02  4.45354162e-02 -2.96290795e-02 -3.94373864e-02
 -3.30432016e-02  8.54603244e-02  6.46803316e-02 -1.12225092e-02
 -5.14653981e-02 -4.58768435e-02 -2.41460353e-02  8.64674256e-02
  1.62815792e-02 -2.56769587e-02 -2.39467045e-03  1.60232191e-02
  6.28056617e-02 -4.67219692e-02  1.15619811e-02  4.75468773e-02
  2.19998240e-02  1.81609941e-02 -3.87293396e-02 -1.62633465e-02
 -2.45018784e-02 -3.49033535e-02 -5.27184567e-02 -9.41522377e-04
  2.35591203e-03 -4.31453408e-02  1.59660780e-03 -8.46844014e-03
  2.92319313e-02 -4.37315853e-02  4.26502916e-02 -9.59406365e-02
  5.37390258e-02 -4.17357547e-02 -2.46163324e-02 -2.16153489e-02
 -2.26967323e-02 -4.98092634e-02 -1.13776502e-02 -6.83725880e-02
 -8.04024483e-03 -2.24735166e-02 -9.24499624e-03 -2.05894624e-02
  8.14725738e-02 -3.37226879e-02  5.48320092e-02 -1.34666166e-02
 -8.08771776e-02  2.38644878e-02  6.23606686e-03 -4.01988573e-02
  4.93889312e-02 -4.95588408e-02  4.15644483e-03 -2.75667812e-02
 -3.10862022e-02  1.13240134e-02  3.29791857e-02  1.08054452e-02
 -2.37513666e-02 -5.50422086e-03  5.20460520e-02  1.63137083e-02
 -3.60797084e-03 -1.42447129e-02  1.47137654e-02  2.08713164e-02]


第2类： ['不了解你们的产品', '不知道贵司有无此产品服务', '了解一下你们的产品', '产品不是了解很多', '产品可以发过来体验', '产品属于什么的', '产品是什么档次的', '产品资费信息有吗', '体验下咱们产品', '你们一家产品吗', '你们主要做哪些产品', '你们产品没适合', '你们产品稳定性怎么样', '你们是代理的思科的产品吗', '你们是思科旗下的产品吗', '你们有什么产品', '你们有匹配的硬件产品吗', '你们有哪些产品', '你们有哪些产品', '你们有这种产品吗', '你们的产品不是智能语音吗', '你们的产品为什么比', '你们的产品可以吗', '你们的产品能实现吗', '你们的产品能满足这些功能吗', '你们的产品能用再催收行业吗', '你们网络教学用你们的产品', '你们这个产品可以私有云部署么', '你们这个产品手册吗', '你家的产品跟', '先看看你们产品', '先聊你们产品吧', '先试试你们的产品', '可视电话都有什么产品', '咱们用的是思科的产品吗', '哪一款产品呢', '四川长虹佳华信息产品有限责任公司', '外包产品是哪些', '居然不了解自家产品', '怎么体验产品呢', '怎么用你们的产品', '想了解一下你们产品', '想了解一下咱们的产品功能', '想了解下贵公司产品', '想体验下你们产品', '想先看下产品如何', '想先看下产品资料', '想多了解一下产品', '我了解下产品', '我们在调研产品', '我们已经买过产品了', '我关注的是产品', '我就想知道产品', '我想了解一下产品', '我想了解下产品', '我想了解下你们产品的费用问题', '我想了解不同的产品方案', '我想了解咱们产品的大概价格', '我想先了解产品', '我想对比你们产品', '我想问下你们的这个产品功能', '我现在正在考察产品', '我问过一款产品', '或者说你们的产品主要有哪些功能', '是不是你们公司的产品', '是你们产品吗', '是你们的产品吧', '是你们的产品吧', '是哪一款产品', '有什么产品推荐', '用你们的产品', '目前的产品就只有', '看看有没有合适的产品', '看见你们的产品是', '第一次使用贵公司产品', '给我发点产品资料', '要用到这个产品', '试试你们的产品', '请问我需要产品的价格的话', '还是科天云自有产品', '还是说是别的产品', '这个产品还有吗', '这个是哪个产品', '这是你们的产品么', '这是你们的产品么', '这样做的产品', '这款产品稳定性方面如何', '这款产品试用期多久', '那这个是什么产品', '问一下你们产品', '需要先看下产品']
语义向量：[ 0.07541489  0.02498279 -0.04065392  0.02912959 -0.03706036 -0.03644366
  0.02453148  0.0517841  -0.07290703 -0.05979702  0.01976466 -0.0716925
 -0.13423193  0.04716163 -0.02146195 -0.08970064 -0.05087636 -0.08180025
 -0.14262144 -0.02627094 -0.0580648   0.03904585  0.08432986 -0.04337021
 -0.14357493 -0.02054996 -0.00873798 -0.11987997 -0.00476364 -0.05364806
 -0.15687616 -0.05545151 -0.02818336 -0.23936162 -0.2045434  -0.10279639
 -0.05278407 -0.13278042  0.04373301  0.05726841 -0.09163155  0.00641018
 -0.00083728  0.17121187 -0.00735652  0.01052981 -0.04805343 -0.04147557
  0.02089126  0.05514791 -0.15019012  0.11717585  0.00236735  0.03341228
 -0.09282019  0.03795899  0.09361966 -0.01047832  0.00515007 -0.07898669
  0.04976588  0.15041102  0.01065534 -0.17708079 -0.05282251 -0.0003803
  0.04447521 -0.11108808 -0.1123801  -0.17008306 -0.0358566   0.06634861
 -0.02893145  0.04360312 -0.01975361 -0.06081838 -0.06305145  0.16833156
  0.01778341 -0.00379324 -0.08560457  0.10814253  0.07689533 -0.09169644
 -0.03684389  0.05144925  0.05110654  0.03441592 -0.11103189 -0.0263198
  0.09635989 -0.05137136 -0.00702393 -0.10101115  0.16763414 -0.17263505
  0.05762321  0.08547113 -0.0319718  -0.00500456  0.07042929 -0.05381961
  0.08184373  0.07752013 -0.05268634 -0.0471527  -0.02098177  0.10178339
 -0.08875292 -0.03850391 -0.07475514 -0.09352283 -0.05066202  0.10428906
  0.06991363 -0.06852703  0.03322942  0.02783772 -0.0948522  -0.06905849
  0.02121913 -0.14992145 -0.10418476 -0.08726552  0.03850384 -0.01869911
 -0.01755056  0.03367759  0.01662359  0.13400689 -0.05646728  0.01288214
  0.04923713  0.03006072  0.09640393  0.10929614  0.04121715 -0.19580327
  0.00258225  0.0249337  -0.09027264  0.04397369  0.07965166 -0.02176172
  0.11486489  0.00213854 -0.16968512  0.10640784  0.0665528   0.05791202
 -0.04312911 -0.0099852  -0.07580021 -0.04349485  0.04240583  0.06927161
 -0.07539293 -0.14816354  0.05083381  0.04772016  0.10415824 -0.0230249
  0.05914042  0.13836828 -0.10870696  0.13453799 -0.0992878  -0.12220132
 -0.06356039 -0.05650907 -0.06943525 -0.09450609  0.03043977  0.10702898
  0.04278202 -0.07496652 -0.13165666  0.16209145  0.02453323 -0.02424997
  0.15182426  0.07672151  0.10196839 -0.09861252 -0.04093534  0.07985417
 -0.08776706  0.01547497 -0.13666799  0.05594041  0.04771698  0.01358785
  0.13350744 -0.07837643 -0.05619266 -0.03372157 -0.08785225  0.07802797
 -0.07297147  0.00331512 -0.15214753 -0.01230323  0.02393577  0.10219135
  0.03978253 -0.0541906   0.03456003  0.11587863  0.11641646  0.09082917
 -0.02278158 -0.05626979 -0.0038813  -0.11587199  0.08203671  0.02221684
  0.009112    0.01423877  0.034803    0.06745113  0.0242919  -0.00649114
  0.15296289 -0.00151463 -0.0549186   0.091319    0.03168592 -0.02143759
 -0.06906236  0.07930282 -0.05900855 -0.0752103  -0.06640359  0.1632704
  0.12594618 -0.02532107 -0.10141055 -0.08405319 -0.04341885  0.17116958
  0.03311615 -0.05105399 -0.00655304  0.02928566  0.12591998 -0.09598509
  0.02532584  0.09099942  0.047393    0.03705434 -0.07064967 -0.03164416
 -0.04788975 -0.06259087 -0.10121447 -0.00071396  0.00421085 -0.08569657
  0.00563562 -0.0161703   0.06100261 -0.08099072  0.08320964 -0.18928231
  0.10321754 -0.08092743 -0.04502901 -0.03968325 -0.03932391 -0.09809743
 -0.02351383 -0.13091907 -0.01489185 -0.04723243 -0.01868345 -0.03211308
  0.15907449 -0.06324712  0.10660494 -0.02789884 -0.15122787  0.0440433
  0.00951843 -0.0743998   0.09728215 -0.09805571  0.01063062 -0.05971797
 -0.05699094  0.02861063  0.05701582  0.02172446 -0.04740648 -0.01530082
  0.09961358  0.03465694 -0.00062592 -0.02844142  0.02882298  0.04143674]


第3类： ['了解产品', '产品使用', '产品经理', '产品说明', '你们产品', '导热产品', '我们产品', '推介产品', '看看产品', '采购产品']
语义向量：[ 1.77441746e-01  4.80465665e-02 -1.05930597e-01  6.86841011e-02
 -7.04622269e-02 -9.24650803e-02  5.34615666e-02  1.29465595e-01
 -1.70184314e-01 -1.23746015e-01  4.33687121e-02 -1.82698026e-01
 -3.12421292e-01  1.08848333e-01 -5.80797680e-02 -2.00966343e-01
 -1.10501647e-01 -1.80145234e-01 -3.33892167e-01 -4.77555655e-02
 -1.27060160e-01  7.39877522e-02  2.22112462e-01 -9.55948010e-02
 -3.13963145e-01 -5.08744568e-02 -1.71351060e-02 -2.69363225e-01
 -2.68929973e-02 -1.29978210e-01 -3.52075160e-01 -1.15297206e-01
 -4.39761765e-02 -5.58927774e-01 -4.77122635e-01 -2.28861883e-01
 -1.32228836e-01 -2.96435833e-01  7.17013180e-02  1.46483362e-01
 -2.02079400e-01  3.78721356e-02 -9.88223401e-05  3.96662027e-01
 -1.31596476e-02  1.55370487e-02 -9.32794064e-02 -7.99007267e-02
  4.44405004e-02  1.20357744e-01 -3.35767120e-01  2.45295182e-01
 -6.05352875e-03  8.44444931e-02 -2.00205311e-01  8.47755447e-02
  2.01751009e-01 -1.73489768e-02  1.81960985e-02 -1.67451516e-01
  1.11449905e-01  3.39388371e-01  3.66283394e-02 -3.96094888e-01
 -9.69322100e-02  1.71437804e-02  1.03924870e-01 -2.32108593e-01
 -2.51570016e-01 -3.70232999e-01 -9.72636119e-02  1.55117333e-01
 -6.09872490e-02  9.75060761e-02 -4.95459586e-02 -1.20880187e-01
 -1.32926881e-01  3.72197837e-01  3.66365202e-02  1.33738639e-02
 -1.82989776e-01  2.48247162e-01  1.56577945e-01 -1.93712100e-01
 -8.63484442e-02  1.15189023e-01  1.10033154e-01  7.53586441e-02
 -2.59136558e-01 -7.43317604e-02  2.18723089e-01 -9.86314714e-02
 -1.09105110e-02 -2.18114376e-01  4.03753966e-01 -4.00040358e-01
  1.24375664e-01  2.05457911e-01 -7.92904496e-02 -1.69526190e-02
  1.68467924e-01 -1.10728927e-01  1.95997387e-01  1.62600830e-01
 -1.26685888e-01 -1.20893240e-01 -3.67611498e-02  2.22259521e-01
 -2.20353320e-01 -9.85205099e-02 -1.62756607e-01 -2.11566597e-01
 -1.18033223e-01  2.32874408e-01  1.64080217e-01 -1.63908318e-01
  7.63716251e-02  5.32484315e-02 -2.05477595e-01 -1.77248940e-01
  5.50927073e-02 -3.30072880e-01 -2.25355312e-01 -2.01519996e-01
  7.29529336e-02 -5.95005117e-02 -2.33259462e-02  7.81613439e-02
  2.78940201e-02  2.95223564e-01 -1.24376625e-01  4.01169211e-02
  9.07352343e-02  5.71578331e-02  2.12032244e-01  2.20737621e-01
  9.25901905e-02 -4.26923931e-01  9.00527649e-03  6.36489093e-02
 -1.94613725e-01  1.14584900e-01  1.72498718e-01 -5.20324931e-02
  2.39119634e-01  1.43524120e-02 -3.80784959e-01  2.20157012e-01
  1.42290786e-01  1.30712077e-01 -1.06706209e-01 -2.84008179e-02
 -1.65917084e-01 -1.05519652e-01  9.81233567e-02  1.59733564e-01
 -1.81010142e-01 -3.43427569e-01  9.59164798e-02  1.05350181e-01
  2.15110600e-01 -4.79665697e-02  1.29776657e-01  2.85766482e-01
 -2.47509792e-01  3.14413399e-01 -2.15131208e-01 -2.74729460e-01
 -1.61977127e-01 -1.19161017e-01 -1.56202972e-01 -2.06424564e-01
  8.51103067e-02  2.42925301e-01  1.04531974e-01 -1.72877386e-01
 -2.98387527e-01  3.62198442e-01  3.54784019e-02 -7.23939389e-02
  3.38709652e-01  1.79071590e-01  2.29215845e-01 -2.34168485e-01
 -8.97138491e-02  1.79024577e-01 -1.83181405e-01  5.05747721e-02
 -3.06583017e-01  1.27573848e-01  1.21527143e-01  2.70691924e-02
  3.03810209e-01 -1.83324784e-01 -1.17593668e-01 -5.77497706e-02
 -1.94631666e-01  1.60940081e-01 -1.61265209e-01  6.49968802e-04
 -3.33234578e-01 -2.94603333e-02  5.93368486e-02  2.37902150e-01
  1.08859926e-01 -1.15602501e-01  7.09937215e-02  2.74879068e-01
  2.57736892e-01  2.14960814e-01 -6.31463453e-02 -1.38900548e-01
  5.43697365e-03 -2.63721764e-01  1.65818453e-01  6.91577867e-02
  2.45556347e-02  3.09549943e-02  9.86602083e-02  1.43470630e-01
  5.33551872e-02 -2.72318274e-02  3.45716417e-01 -9.80654079e-03
 -1.16266035e-01  1.99246481e-01  6.07946552e-02 -4.14776839e-02
 -1.68850541e-01  2.07910746e-01 -1.31684378e-01 -1.60845295e-01
 -1.52181938e-01  3.78929973e-01  2.91888654e-01 -5.38317300e-02
 -2.27706030e-01 -1.86895639e-01 -1.08094729e-01  3.69593948e-01
  5.35562485e-02 -1.09734468e-01 -1.44927828e-02  7.29269162e-02
  2.91363716e-01 -2.10707277e-01  5.49047962e-02  2.08271429e-01
  9.09498781e-02  8.86335596e-02 -1.70951635e-01 -6.65055066e-02
 -9.93616059e-02 -1.56802401e-01 -2.36746386e-01 -3.91260441e-03
  1.14382626e-02 -1.82073131e-01  2.48936731e-02 -4.74398807e-02
  1.28629163e-01 -1.88231885e-01  1.96043551e-01 -4.21874464e-01
  2.52996832e-01 -1.84567556e-01 -1.07657075e-01 -9.20807719e-02
 -1.04227275e-01 -2.31492862e-01 -4.41504084e-02 -3.07801247e-01
 -4.69109379e-02 -1.08243369e-01 -3.65136042e-02 -9.37883332e-02
  3.47287863e-01 -1.61429629e-01  2.44760841e-01 -6.04311638e-02
 -3.54275793e-01  1.15315557e-01  2.99335048e-02 -1.79437995e-01
  2.23044232e-01 -2.22253129e-01  7.46052852e-03 -1.09998420e-01
 -1.42995432e-01  5.75807095e-02  1.49144590e-01  4.64752167e-02
 -1.12752073e-01 -2.63788011e-02  2.38134965e-01  8.05470869e-02
 -2.15380043e-02 -5.34482300e-02  7.74416104e-02  1.03037745e-01]


第4类： ['产品功能也给介绍一下', '产品服务和介绍有吗', '介绍下你们产品呗', '介绍下您家的产品', '你们网站里有产品介绍', '大概产品方案可以介绍下', '我先要看下产品介绍', '或者此产品服务的介绍资料', '有产品介绍吗', '有产品介绍吗', '有产品介绍吗', '有产品介绍的文档吗', '有没有一些产品的相关介绍', '有相关的产品介绍吗', '有相关的产品介绍文档', '有详细的产品介绍吗', '能介绍下你们产品吗', '能否介绍下贵司产品', '能否介绍你们公司产品', '能否介绍你们公司产品']
语义向量：[ 0.14572536 -0.0285618  -0.16924977  0.02547274 -0.10240379 -0.07663434
 -0.12252097  0.0271174  -0.10481576 -0.16025476  0.02661034 -0.12119604
 -0.16542416 -0.04121172 -0.06828978 -0.12683375 -0.14647268 -0.09066939
 -0.1482095  -0.01550226 -0.1639869   0.07678184  0.13515828  0.07858048
 -0.10514564 -0.02322093 -0.05310625 -0.19485152  0.11231921 -0.05019735
 -0.3328272  -0.02086446 -0.06144306 -0.41835003 -0.30670182 -0.15363278
 -0.15398443 -0.24262806  0.13297815  0.08531888 -0.12918486  0.03066809
  0.01685758  0.34014375 -0.11004846 -0.03082441 -0.14305468 -0.15120143
 -0.00592162  0.03536688 -0.12334152  0.25023784  0.00535418  0.04404695
 -0.02578089  0.03802185  0.16617661  0.04686439  0.00178369 -0.14730851
  0.12348206  0.26671155 -0.02689561 -0.22882492 -0.07488749 -0.11308713
  0.05021251 -0.17010944 -0.14413051 -0.18559331 -0.02399373  0.15338562
 -0.11199748  0.04354961 -0.0503381  -0.12083723 -0.09788514  0.29265844
  0.01513521 -0.05368202 -0.10138016  0.18690144  0.11712142 -0.0805644
 -0.01527839  0.14060899  0.1053951   0.10891352 -0.12841775  0.0199862
  0.07955897 -0.01404942  0.02343106 -0.030294    0.19190812 -0.17649686
  0.13637887  0.25086867 -0.06769541 -0.02721501  0.19897809  0.02431199
  0.11607038  0.14355399 -0.02340413 -0.08072825  0.02694719  0.08084457
 -0.01621435 -0.03552829 -0.14335414 -0.19939743 -0.14058715  0.14437299
  0.16971347 -0.0866613   0.09391842  0.01361765 -0.12249795 -0.1635319
  0.12059114 -0.12969127 -0.23308857 -0.16848491  0.0982647  -0.05753416
 -0.15577232  0.07251095 -0.00288987  0.22351235  0.02070105  0.00208638
  0.13125667  0.14741975  0.13923926  0.02828766 -0.04745045 -0.34619999
 -0.06623456  0.04785826 -0.16546038  0.06747763  0.12430754  0.03542575
  0.24527356 -0.09394479 -0.33092635  0.1294715   0.09321442  0.06157088
 -0.07535783  0.06489271 -0.09812641 -0.04310525  0.1327687   0.14020891
 -0.1271407  -0.13768529  0.07352918  0.08156604  0.19131797  0.00230119
  0.1904122   0.19628264 -0.11694323  0.20422587 -0.20959513 -0.22614022
 -0.13854715 -0.06421073 -0.10477993 -0.16460632 -0.04768896  0.18482043
  0.17249525 -0.09114127 -0.24151242  0.22513109  0.14587815  0.0255413
  0.18734277  0.09870556  0.16141926 -0.07377317 -0.05640349  0.09037273
 -0.01023793 -0.08072668 -0.06880588  0.02165278  0.0459808  -0.00299075
  0.17290865 -0.20199112 -0.11108188 -0.01320382 -0.10297488  0.05345703
 -0.10782881  0.05429513 -0.17859254 -0.12182903  0.06115042  0.13159891
  0.01807603 -0.11030394 -0.0186011   0.36526736  0.16769856  0.15663697
  0.12252273 -0.10311328 -0.05463614 -0.10172256  0.03363384 -0.0167827
 -0.0428166  -0.12847083  0.08390694  0.12087137  0.08956419  0.004719
  0.24684247  0.00981657 -0.1081108   0.20233911  0.17380704 -0.06552612
 -0.18097799  0.08720202 -0.03548361 -0.13660815 -0.02149059  0.27251515
  0.17921284 -0.08442943 -0.14602245 -0.19338047 -0.12223739  0.30038323
  0.06873918 -0.06208355 -0.02352979  0.06360279  0.10797099 -0.02556002
 -0.01763677  0.05578082  0.07843559  0.03759847 -0.06924393 -0.15449344
 -0.09286899 -0.10430883 -0.07766813 -0.02527026 -0.11970826 -0.07832627
 -0.03172671  0.02289327  0.07288907 -0.14401895  0.05274475 -0.26461457
  0.11870344 -0.10993859 -0.09372899 -0.12247407 -0.11787882 -0.06514496
 -0.00203638 -0.11330187  0.03779865 -0.01744612 -0.02449092 -0.10654915
  0.28936486 -0.03200535  0.19008592 -0.05480559 -0.30744843 -0.0429156
 -0.07466768 -0.05631477  0.15648693 -0.17393317  0.10467476 -0.08189142
 -0.11764973  0.03651258  0.09428981  0.07491439 -0.060725   -0.03645356
  0.12734496  0.01604033  0.00122723 -0.13265863 -0.05815914  0.07633909]


第5类： ['产品性能啊', '产品确定了', '什么样的产品', '你们产品是', '你们产品的', '你们产品的价格', '你们有产品方案吗', '你们的产品', '先了解产品', '先讲点产品吧', '关于你们产品', '具体是哪个产品服务', '咱们的产品', '咱们这个产品', '咱们这个产品', '哪种产品', '在线讲产品和解决方案', '有产品方案吗', '有哪些产品', '有没有产品介绍书', '有没有产品说明书', '类似那个产品', '自己公司产品', '需要你们产品']
语义向量：[ 1.14146662e-01  3.66892211e-02 -6.40143913e-02  4.45159992e-02
 -4.82927333e-02 -6.07811594e-02  3.49784833e-02  7.12495768e-02
 -1.14711835e-01 -9.85912690e-02  2.41316380e-02 -1.10193016e-01
 -2.12114699e-01  6.70839486e-02 -4.15203646e-02 -1.33537099e-01
 -7.80288492e-02 -1.18847973e-01 -2.15703392e-01 -3.31726211e-02
 -9.20300077e-02  5.75222544e-02  1.41791195e-01 -5.80496412e-02
 -1.99133956e-01 -2.90696934e-02 -2.02013325e-02 -1.82185090e-01
  3.19550334e-03 -7.45623958e-02 -2.40857537e-01 -7.47889766e-02
 -3.10446248e-02 -3.70526967e-01 -3.18908270e-01 -1.56126955e-01
 -8.88995461e-02 -2.05400941e-01  6.04831449e-02  9.08170591e-02
 -1.33294565e-01  1.85360349e-02  8.76984853e-03  2.68022597e-01
 -1.53940549e-02  7.60871585e-03 -6.41629510e-02 -6.16979009e-02
  2.78393551e-02  8.01727606e-02 -2.23794974e-01  1.70780484e-01
 -1.15049322e-03  5.94857238e-02 -1.35946972e-01  5.59709438e-02
  1.43595638e-01 -3.61224687e-04  1.42625708e-02 -1.23757852e-01
  7.43756685e-02  2.37006494e-01  2.08158257e-02 -2.62796593e-01
 -7.98090687e-02 -2.37158453e-03  6.55159838e-02 -1.57585954e-01
 -1.69044741e-01 -2.48156408e-01 -5.71034683e-02  9.88429640e-02
 -5.31384850e-02  5.14546600e-02 -2.50246461e-02 -8.34992761e-02
 -9.50014281e-02  2.59307368e-01  2.56196694e-02  2.61533903e-03
 -1.17321220e-01  1.68435118e-01  1.16992602e-01 -1.38513994e-01
 -5.11428257e-02  7.87660067e-02  8.05908795e-02  6.27684287e-02
 -1.69396418e-01 -4.71408700e-02  1.44642962e-01 -8.06457996e-02
 -5.77653580e-03 -1.38945415e-01  2.60854731e-01 -2.57179723e-01
  8.81467701e-02  1.35130523e-01 -4.90959846e-02 -1.35979067e-02
  1.12358083e-01 -6.88339413e-02  1.22816665e-01  1.13299763e-01
 -6.99529095e-02 -7.06437077e-02 -2.04219194e-02  1.47155820e-01
 -1.36725577e-01 -5.19259252e-02 -1.11076592e-01 -1.53328865e-01
 -7.94233017e-02  1.57072157e-01  1.05925233e-01 -1.13851887e-01
  5.00740504e-02  4.23286080e-02 -1.41900153e-01 -1.12681809e-01
  3.63683309e-02 -2.18476748e-01 -1.53078572e-01 -1.36856351e-01
  5.26906755e-02 -3.11103285e-02 -3.47457064e-02  5.32778658e-02
  1.89779369e-02  1.99467039e-01 -7.25056659e-02  2.27217731e-02
  7.43677965e-02  5.11130656e-02  1.42172774e-01  1.50990199e-01
  6.12314421e-02 -2.99025940e-01  7.73461861e-03  3.29665612e-02
 -1.33676404e-01  7.28009642e-02  1.15180380e-01 -3.36239713e-02
  1.69380081e-01 -4.19235470e-03 -2.61202617e-01  1.54756341e-01
  9.72893878e-02  8.57193194e-02 -6.73722384e-02 -1.00996870e-02
 -1.06699478e-01 -6.54462054e-02  6.35585149e-02  1.09112561e-01
 -1.13270204e-01 -2.24110284e-01  6.79081980e-02  7.53050405e-02
  1.60007042e-01 -2.90492170e-02  8.96635881e-02  2.09635119e-01
 -1.59315101e-01  2.10064085e-01 -1.49695262e-01 -1.81237809e-01
 -1.02416440e-01 -8.69005959e-02 -1.05874198e-01 -1.41023875e-01
  4.30167774e-02  1.69202540e-01  7.30546566e-02 -1.15654853e-01
 -1.97029034e-01  2.37864105e-01  3.72258810e-02 -3.77835232e-02
  2.22423293e-01  1.18730910e-01  1.51421991e-01 -1.49408254e-01
 -5.54865574e-02  1.15833725e-01 -1.24243574e-01  2.26967514e-02
 -1.89146874e-01  7.11303242e-02  7.56149535e-02  1.95473438e-02
  2.04815613e-01 -1.23270418e-01 -8.16588445e-02 -4.26432444e-02
 -1.39455754e-01  1.03114315e-01 -1.12162424e-01  6.31117708e-03
 -2.20529075e-01 -2.26617850e-02  4.98060918e-02  1.53539662e-01
  7.06747606e-02 -8.26342888e-02  4.92128929e-02  1.80123597e-01
  1.75472656e-01  1.40754281e-01 -2.76616612e-02 -9.05240968e-02
 -3.45678512e-03 -1.78139413e-01  1.13060516e-01  3.83685697e-02
  2.06074402e-02  1.20404158e-02  6.21357919e-02  1.04285277e-01
  3.13860370e-02 -1.74996886e-02  2.31111527e-01 -1.67682431e-03
 -7.82696841e-02  1.40152375e-01  5.10103560e-02 -2.61480448e-02
 -1.07845162e-01  1.18981781e-01 -8.95232970e-02 -1.10954047e-01
 -9.06909696e-02  2.53293238e-01  1.90441862e-01 -4.55892381e-02
 -1.52942608e-01 -1.30547722e-01 -6.80697421e-02  2.58765948e-01
  4.31984896e-02 -7.14907460e-02 -1.24360665e-02  4.39170485e-02
  1.90775215e-01 -1.36771210e-01  3.22175572e-02  1.23587080e-01
  7.70422597e-02  5.41660166e-02 -1.07326090e-01 -5.77999497e-02
 -7.31049509e-02 -1.05469895e-01 -1.51633916e-01  2.33430859e-03
 -3.51506410e-03 -1.23251221e-01  1.35495928e-02 -2.54997939e-02
  8.48138579e-02 -1.21608060e-01  1.28447366e-01 -2.84253346e-01
  1.60407942e-01 -1.30054853e-01 -7.38054852e-02 -7.08800893e-02
 -6.80410406e-02 -1.48047800e-01 -3.46315115e-02 -2.00948390e-01
 -2.75978573e-02 -7.63831418e-02 -1.59640247e-02 -5.50875101e-02
  2.37398662e-01 -1.05801448e-01  1.66880545e-01 -3.77439319e-02
 -2.34498053e-01  6.84502519e-02  9.52834271e-03 -1.14418712e-01
  1.46660945e-01 -1.50009338e-01  1.95324580e-02 -7.90643937e-02
 -9.88607088e-02  4.33470292e-02  9.58228790e-02  2.93897484e-02
 -8.08870029e-02 -1.64850746e-02  1.56781366e-01  5.52792951e-02
 -3.89690559e-03 -4.77260741e-02  4.55864157e-02  6.02195833e-02]


第6类： ['你只要告诉我买那个产品', '如果买了你们的产品', '我买了你们的产品', '我们公司买了你们这个产品', '我们公司买了你们这个产品', '我们这边正考虑买你们这个产品', '我想买你们的产品为什么合同方是这家', '我是买的别的产品', '推荐我买哪款产品', '推荐的产品是你们卖还是要自己去买', '这跟买产品有关系吗']
语义向量：[ 0.03229637  0.00397373 -0.12167832 -0.0149727  -0.00978947 -0.05216815
  0.0423301   0.08636253 -0.0615583   0.03573239  0.05446711  0.03890209
 -0.07076915  0.12773931  0.00961457 -0.05906323 -0.05093768 -0.07508476
 -0.03967072 -0.09080514 -0.07411098 -0.00220265  0.11227966 -0.08906106
 -0.05398542  0.00192318 -0.02597948 -0.07857689 -0.01041036 -0.14038546
 -0.14021414 -0.08345037 -0.01977348 -0.09663509 -0.1261768  -0.13424899
 -0.12761059 -0.1481328  -0.00486466  0.03754558 -0.15118901 -0.15389345
 -0.00707795  0.14201655 -0.00614127  0.01853543  0.00329036 -0.00128522
  0.02632049  0.03761711 -0.07557501  0.1035257   0.01538602 -0.05647889
 -0.04100437  0.09459663  0.07877364 -0.04230147 -0.00754828 -0.1583403
  0.11005227  0.17819211 -0.01222472 -0.25127326 -0.10488357  0.06227877
 -0.07418044 -0.1746036  -0.1846448  -0.27054711 -0.01510378  0.10766266
 -0.03742518  0.02186143 -0.01986668  0.06523848 -0.07519798  0.15043527
  0.00091968 -0.08963666 -0.08279218  0.11952762  0.11158218 -0.09800596
 -0.11440719  0.13105397  0.08709389  0.11168601 -0.05948032  0.06447008
  0.10972136 -0.15450973 -0.06311655 -0.13652933  0.08232191 -0.1189366
  0.00615943  0.02525664 -0.06141303  0.03560427  0.0200747  -0.07922324
  0.07483874  0.07244591 -0.08319811 -0.1143638  -0.00830435  0.21924957
  0.06358452  0.02526601 -0.03852128 -0.09193035 -0.12283488  0.04056822
 -0.03488084  0.0200761   0.00748736 -0.00040318 -0.03191814 -0.09415039
 -0.01465407 -0.2562601  -0.08922129  0.01234835  0.02610615 -0.03366692
 -0.01800681  0.00101971  0.03125024  0.11261729 -0.10186823  0.00281871
  0.02677107  0.00145009  0.14114913  0.17157517  0.04953647 -0.13758826
  0.05451533 -0.0183153  -0.16858309 -0.0045068   0.02392595 -0.00744133
  0.12465792  0.0067495  -0.16332575  0.13970702  0.04734949 -0.00388352
 -0.12123712  0.02159369 -0.06040273  0.06664692  0.05501876  0.11868279
 -0.06962313 -0.23759209  0.06427936  0.05838525  0.12405866 -0.06767785
  0.0039877   0.19401204 -0.14580849  0.04806019 -0.15043427 -0.14209324
 -0.02266183 -0.05824936 -0.03983708 -0.13736746  0.01762283 -0.00726108
  0.00869496 -0.05295938 -0.13540475  0.0976174   0.01964348  0.00358391
  0.13144202  0.09984495  0.03423671 -0.11028135 -0.14563277  0.08010442
 -0.15004579  0.00584421 -0.09311514  0.02794892  0.04182656 -0.02260147
  0.08326232 -0.07610138 -0.11615427  0.04306524 -0.12716657  0.18626767
 -0.09322736  0.02404752 -0.12839308 -0.05141977  0.01588039  0.05657981
  0.01039738 -0.02524559  0.00431195  0.06605894  0.10703984  0.01061935
  0.05684942 -0.02875892 -0.01468859 -0.1230879   0.10971101 -0.04599457
  0.01264634  0.11907561  0.02332524  0.12692011  0.07969312  0.08741532
  0.11919531  0.0184653  -0.04009618  0.11160261  0.02465829  0.00640903
 -0.1065683   0.07517516 -0.03416289 -0.09816278  0.01828875  0.08702875
  0.09730178 -0.03300049 -0.05564708 -0.13999608 -0.07614447  0.12220261
  0.03820581  0.10667998 -0.027236    0.02384069  0.01252945 -0.06929975
  0.10685114  0.0456675   0.08216403  0.01788731 -0.10418669 -0.07676404
 -0.06476444 -0.06045047 -0.03427386 -0.07154951  0.06572295 -0.05983482
  0.02746715  0.04255478  0.03389476 -0.11634967  0.08679574 -0.18447284
  0.12842079 -0.09191901 -0.12578583 -0.0433629   0.09080479 -0.11396493
  0.03615123 -0.14135843  0.04876237 -0.04268812 -0.0605124  -0.01531376
  0.18528586  0.01247065  0.15976163  0.07028238 -0.08271084  0.00101566
  0.03401441 -0.13629139  0.10861011 -0.18121505  0.10377886 -0.09791772
  0.00627533 -0.02143635  0.02313157 -0.00758109 -0.08311999  0.01369884
  0.10840983 -0.01027374  0.04973815  0.09161568  0.03545927  0.00199417]


第7类： ['和产品介绍', '有没有产品介绍', '要个产品介绍']
语义向量：[ 2.48094603e-01 -5.81482090e-02 -3.00124496e-01  4.01599929e-02
 -1.67729259e-01 -1.33920982e-01 -2.16511652e-01  5.44018447e-02
 -1.76424131e-01 -2.57989645e-01  5.25022633e-02 -2.15885282e-01
 -2.75294244e-01 -7.61260092e-02 -1.17338277e-01 -2.07951307e-01
 -2.42221296e-01 -1.48678318e-01 -2.51557678e-01 -1.35642057e-02
 -2.70273298e-01  1.18895642e-01  2.49236107e-01  1.40728280e-01
 -1.67400956e-01 -4.22430225e-02 -8.84878635e-02 -3.24488103e-01
  1.80331275e-01 -9.69763622e-02 -5.57355642e-01 -1.76124815e-02
 -9.85572338e-02 -7.09131241e-01 -5.21492779e-01 -2.60906219e-01
 -2.67688543e-01 -4.03355688e-01  2.15530798e-01  1.44569635e-01
 -2.08109275e-01  6.30267859e-02  2.57928148e-02  5.71924746e-01
 -1.87955260e-01 -5.64901531e-02 -2.37189844e-01 -2.52362967e-01
 -1.34991361e-02  5.02389371e-02 -1.84960380e-01  4.10525829e-01
 -3.37356073e-06  6.47288710e-02 -1.97181497e-02  6.88787922e-02
  2.68982470e-01  8.11448470e-02  7.95799959e-03 -2.40420893e-01
  2.11233959e-01  4.39059407e-01 -3.93565111e-02 -3.72752041e-01
 -1.06546886e-01 -1.83988497e-01  8.04363266e-02 -2.81763017e-01
 -2.37813175e-01 -3.02670777e-01 -4.61278893e-02  2.68520147e-01
 -1.76283762e-01  7.65269101e-02 -9.46501791e-02 -2.00658396e-01
 -1.50645927e-01  4.82656956e-01  2.07977705e-02 -7.98226073e-02
 -1.65599123e-01  3.09848040e-01  1.83067575e-01 -1.18626624e-01
 -3.87106128e-02  2.41824105e-01  1.65220156e-01  1.78687081e-01
 -2.16735289e-01  2.87139211e-02  1.30295455e-01 -5.64395403e-03
  3.34025510e-02 -4.36544418e-02  3.29948008e-01 -2.89992303e-01
  2.20731720e-01  4.33341026e-01 -1.19835339e-01 -4.95600142e-02
  3.49890143e-01  5.44773303e-02  1.96508631e-01  2.29379490e-01
 -5.15674166e-02 -1.45771682e-01  5.70338853e-02  1.20107837e-01
 -2.47743521e-02 -6.44543767e-02 -2.38562092e-01 -3.33574682e-01
 -2.42302671e-01  2.33828977e-01  2.98092395e-01 -1.45807490e-01
  1.64491564e-01  1.53671689e-02 -1.99248686e-01 -2.87344813e-01
  2.07147315e-01 -2.08293006e-01 -3.80179018e-01 -2.85597831e-01
  1.57158747e-01 -1.21348225e-01 -2.58328736e-01  1.20747171e-01
 -1.29613755e-02  3.74552011e-01  4.20377143e-02  1.03290481e-02
  2.05652833e-01  2.42249385e-01  2.34853014e-01  2.22924557e-02
 -8.99769440e-02 -5.67757368e-01 -1.15150280e-01  7.81339332e-02
 -2.74177432e-01  1.14729203e-01  1.90444723e-01  6.14907891e-02
  4.11615163e-01 -1.53876230e-01 -5.51518142e-01  1.96413115e-01
  1.55105397e-01  9.45721865e-02 -1.35386661e-01  1.04109824e-01
 -1.64045393e-01 -7.00329691e-02  2.33133361e-01  2.34005824e-01
 -2.14622617e-01 -2.25347474e-01  1.11275375e-01  1.33294001e-01
  3.10609639e-01  4.11374355e-03  3.21538687e-01  3.07716876e-01
 -1.98889092e-01  3.45006973e-01 -3.53793055e-01 -3.81191462e-01
 -2.46083498e-01 -9.54787359e-02 -1.71254203e-01 -2.65936673e-01
 -8.19445774e-02  3.11399728e-01  2.97525793e-01 -1.44969359e-01
 -4.07387257e-01  3.71868521e-01  2.37215221e-01  3.38301361e-02
  3.08988452e-01  1.69537306e-01  2.64229745e-01 -1.17277823e-01
 -9.12707224e-02  1.44536898e-01  6.65102387e-03 -1.36872232e-01
 -1.03300422e-01  3.31072100e-02  8.30136910e-02 -2.16249898e-02
  2.88156569e-01 -3.50652218e-01 -1.82931021e-01 -4.73432010e-03
 -1.69614315e-01  8.53947997e-02 -1.79933801e-01  9.07529891e-02
 -2.87803441e-01 -2.15584815e-01  9.63425636e-02  2.24251986e-01
  3.41885649e-02 -1.73415378e-01 -4.77631502e-02  6.36734188e-01
  2.71911711e-01  2.66001254e-01  2.04720989e-01 -1.79960057e-01
 -8.66039321e-02 -1.66933253e-01  3.35591584e-02 -2.24278327e-02
 -7.49529377e-02 -2.14831844e-01  1.52580440e-01  1.85941577e-01
  1.68364584e-01  1.12107517e-02  4.09659714e-01  1.78762134e-02
 -1.71391249e-01  3.31786484e-01  2.91743964e-01 -1.02233954e-01
 -3.14007372e-01  1.67494535e-01 -5.36944829e-02 -2.25258470e-01
 -3.08732782e-02  4.57988769e-01  3.06491524e-01 -1.33176491e-01
 -2.39150330e-01 -3.24065387e-01 -2.18436822e-01  4.88581091e-01
  1.06392659e-01 -1.01054750e-01 -3.59001234e-02  1.10161684e-01
  1.73528180e-01 -2.71075461e-02 -2.98890024e-02  9.73969623e-02
  1.13590360e-01  6.44460395e-02 -1.21885158e-01 -2.60487676e-01
 -1.50675312e-01 -1.77712843e-01 -1.34614155e-01 -5.88688590e-02
 -1.96523741e-01 -1.12947054e-01 -4.70124446e-02  4.11084294e-02
  1.13659620e-01 -2.41300359e-01  8.23943540e-02 -4.34617877e-01
  2.01259077e-01 -1.75134286e-01 -1.63117900e-01 -2.05693886e-01
 -2.02675164e-01 -1.10320985e-01  7.69017404e-03 -1.94249153e-01
  5.96177690e-02 -2.52481401e-02 -4.46155407e-02 -1.94854096e-01
  4.74948734e-01 -5.29134311e-02  3.23152751e-01 -9.22483802e-02
 -5.21694601e-01 -7.27162957e-02 -1.22511208e-01 -9.54941288e-02
  2.60784835e-01 -2.98231125e-01  1.60234898e-01 -1.21965505e-01
 -2.02188328e-01  4.80822921e-02  1.65064856e-01  1.26241699e-01
 -9.98324752e-02 -6.65043816e-02  2.19029620e-01  2.70012561e-02
 -8.85911379e-03 -2.16699138e-01 -9.30099264e-02  1.38502911e-01]


第8类： ['产品功能', '产品服务']
语义向量：[ 0.28694633  0.09789138 -0.08926976  0.11482221 -0.20932359 -0.07831147
  0.04303476  0.07479898 -0.21323781 -0.31316548  0.01105143 -0.16744725
 -0.41078311  0.17378908 -0.04282042 -0.33731589 -0.25075915 -0.29671942
 -0.40370873 -0.20106576 -0.31129105  0.2426772   0.04102271 -0.11685016
 -0.56819445 -0.01654975 -0.049385   -0.44597928  0.10994846 -0.09309904
 -0.62068528 -0.334723   -0.20146163 -0.79178646 -0.62886202 -0.30226149
 -0.13857371 -0.53793418  0.26530025  0.16152301 -0.43946666 -0.03968928
 -0.01862095  0.61337605 -0.07044604  0.05075411 -0.27617757 -0.22849423
  0.09275613  0.27097912 -0.65813994  0.57679626  0.11225688  0.1951343
 -0.45868897  0.06786521  0.39879532 -0.06928193 -0.0743973  -0.31696507
  0.17003125  0.58681178 -0.05602342 -0.68658143 -0.31431149 -0.13346206
  0.19804295 -0.42412989 -0.38229872 -0.62539735 -0.06210864  0.17487007
 -0.18573552  0.17540894 -0.01746179 -0.27956358 -0.32660456  0.66053104
  0.09720409 -0.14434219 -0.36441717  0.42661846  0.37627424 -0.3921358
 -0.01999481  0.15147748  0.27112743  0.16334081 -0.34568341 -0.0014525
  0.30386016 -0.25384973  0.07596419 -0.34132192  0.4383084  -0.62762699
  0.3277723   0.25188049 -0.07735278  0.04807006  0.16495521 -0.26116991
  0.26632168  0.42280596 -0.04688407 -0.10863548 -0.17071334  0.44063449
 -0.25696683 -0.12924231 -0.32677993 -0.32863995 -0.14314202  0.41722745
  0.17061369 -0.19893139  0.09007287  0.15183588 -0.39944725 -0.16173027
  0.11707051 -0.55456027 -0.5354127  -0.30174774  0.25426947  0.14995336
 -0.13966551  0.14087166  0.12848779  0.50533545 -0.19709509 -0.0380216
  0.34957573  0.20713262  0.32626081  0.55550572  0.13389226 -0.84455606
 -0.06750386  0.13208279 -0.35222672  0.14347604  0.49710053 -0.03815055
  0.46024528 -0.0638028  -0.65361789  0.52114955  0.23179805  0.26634607
 -0.09511519  0.07942881 -0.28317048 -0.17512152  0.10110522  0.27062333
 -0.27798432 -0.49822579  0.30428655  0.21224492  0.44674349 -0.06058838
  0.26968247  0.64625365 -0.34954233  0.41913535 -0.36205296 -0.43713848
 -0.11619993 -0.28936227 -0.28693449 -0.42021987  0.07583728  0.36237323
  0.16477427 -0.31558274 -0.4542395   0.61744869  0.21469462  0.06595567
  0.53709498  0.20848971  0.43444495 -0.35499957 -0.19748807  0.33273447
 -0.44137749 -0.0126631  -0.53639919  0.23200949  0.08763454  0.19105209
  0.41170143 -0.18828496 -0.28109269 -0.25927135 -0.26937345  0.29944831
 -0.24537957  0.01926148 -0.62102973 -0.02675466  0.11457387  0.31890522
  0.05741272 -0.30109775  0.20972967  0.33364904  0.46721688  0.29503596
 -0.00773752 -0.10031824 -0.0633967  -0.34061408  0.45121767 -0.05615025
 -0.00393745 -0.05216997 -0.00577141  0.36793777 -0.0476061  -0.04251305
  0.59888789 -0.02537752 -0.3206172   0.41293535  0.18539477 -0.18956841
 -0.21057273  0.07603265 -0.22221865 -0.30941299 -0.26536708  0.56108329
  0.38244444 -0.20588291 -0.41586363 -0.33944145 -0.06580533  0.75778401
  0.19060355 -0.22840513 -0.08231543  0.11725991  0.45270565 -0.40028545
  0.08099633  0.26609862  0.30964231  0.10609844 -0.17359756 -0.15468674
 -0.21550942 -0.17062876 -0.2608304   0.134587   -0.10328954 -0.42500623
 -0.09638737 -0.04151709  0.2827591  -0.3099415   0.29861961 -0.71118191
  0.30300572 -0.32476769 -0.10682354 -0.12395386 -0.11431963 -0.29499951
 -0.14904599 -0.33167213  0.027748   -0.15560451 -0.06262801 -0.01309443
  0.68481568 -0.15652692  0.32662453 -0.12750454 -0.51340295  0.06505482
 -0.06495331 -0.16654193  0.37401807 -0.28820968  0.20734843 -0.34103963
 -0.13381097  0.23772817  0.13862159  0.14308405 -0.14973284 -0.0376382
  0.25567912  0.07123805  0.11008296 -0.20458611  0.0012052   0.09139189]


第9类： ['之前没有用过你们家产品', '以后我再问您的产品', '你们产品是一样的吗', '你们推荐我们选购哪个产品', '你们是产品的代理吗', '你们现在一共有几款产品', '你们现在有成熟的产品么', '你们的产品会有这种问题吗', '你们的产品叫什么名字', '你们的产品可以做企业内部培训吗', '你们的产品可以做吗', '你们的产品可以内嵌到', '你们的产品和我所在的哪个区域', '你们的产品怎么使用啊', '你们的产品我一直在用', '你们的产品招合作伙伴吗', '你们的产品放在我们平', '你们的产品有客户端的吗', '你们的产品稳定性质量怎么样', '你们的产品能嵌入到我们开发的产品中去么', '你们私有云部署部门部署的是什么产品', '你们这个产品和别的类似产品有什么不同吗', '你们这个产品招城市代理吗', '你们这个产品是是网站操作还是有硬件设施呢', '你们这个产品有什么特点呢', '你们那个科天易播是什么产品', '你老是问一些不是产品的问题', '你那边能提供什么样的产品和服务呢', '做产品就是你们这种态度吗', '刚才看你们产品去了', '刚看到你们公司的产品', '咱们的产品具体如何使用啊', '咱们的产品最低几个用户起卖', '咱们的产品能否实现客户端在任意网络条件下通过网页链接入会', '咱们这个产品在行业里边应用的多吗', '因为咱们必定是外国产品', '因为我接触过贵公司的产品', '如果你连自己产品免费期限都不知道', '如果我想用这个产品来网上培训', '您是需要什么产品吗', '您有相关的产品资料吗', '想了解一下你们的产品', '想了解一下你们的产品', '想了解一下这个产品是什么样的方式实现开会', '想了解下视屏通信的产品', '想体验一下你们的产品', '想进一步了解你们的产品', '想问下咱们有相关产品吗', '我不太清楚你们的产品', '我也不太清楚这个产品', '我了解一下你们的产品', '我们在集成你们的产品', '我们怎么来使用这个产品', '我们有可能代理你们的产品', '我们现在用好视通的产品', '我们用了你们的产品', '我先了解完你们的产品', '我具体看一下这款产品的功能', '我对咱们这产品有意向', '我对这个产品不是很了解', '我想了解一下你们的产品', '我想了解一下你们的产品', '我想了解一下你们的产品', '我想了解一下你们的产品', '我想了解一下你们这个产品', '我想了解一下关于远程协助的这个产品', '我想了解一下咱们的产品', '我想了解一下这个产品的', '我想了解下咱们的产品', '我想了解你们的产品', '我是初次了解咋们的产品', '我是第一次接触这个产品', '我有一些产品想通过直播做推广', '我没有买过你们的产品', '我看一下你们的产品', '或者有没有专业的产品客服', '昨天我问过你们的产品', '是另一个产品是吧', '有产品的价目表可以看看嘛', '有产品的资料能发一下吗', '有什么产品可以推荐的吗', '有什么可以推荐的产品吗', '有其他的产品是么', '有哪些产品可以提供呢', '有没有一款产品能同时满足', '有没有教育培训机构在使用你们的产品', '没有想要做下我们的产品吗', '现在先了解下产品情况', '现在想免费体验一下你们的产品', '看来也是差不多的产品', '要用到的产品都有那些', '请问你们的产品是否提供开放式', '请问是你们这个产品吗', '还是就是单一的一个产品', '还是必须是你们的产品', '这两方面可能都用得上我们的产品', '这个产品可以有几个点用户数', '这是你们的产品是吧', '那你们产品定价怎样的呢', '那你们这个产品是怎么样去实现的', '都是你们的产品吧', '都有一些怎样的产品呢', '问一下你们产品是什么形态', '问下你们的产品和思科有什么关系', '首先是你们的产品类型']
语义向量：[ 0.05239795  0.01343047 -0.03250795  0.01931279 -0.02389278 -0.02741427
  0.01617793  0.03956553 -0.04978327 -0.03870688  0.01212753 -0.04955395
 -0.09454178  0.0361082  -0.01216218 -0.06060669 -0.03382707 -0.05632835
 -0.10163093 -0.01785543 -0.04066074  0.02644441  0.06297264 -0.03133659
 -0.10426067 -0.01094497 -0.00622015 -0.0845668  -0.00686587 -0.04262138
 -0.1108113  -0.036745   -0.02094663 -0.16598833 -0.14334815 -0.07206562
 -0.03885056 -0.09468289  0.02711381  0.04046753 -0.06616978  0.00741191
 -0.00185268  0.12364328 -0.00937828  0.00817634 -0.03559566 -0.02790488
  0.01391581  0.04103437 -0.10488529  0.0814466   0.00400283  0.02166383
 -0.06358444  0.02829809  0.0639713  -0.00998427  0.00158811 -0.05296506
  0.03604185  0.10595192  0.00730753 -0.12750052 -0.03564585  0.00141938
  0.03120664 -0.08061263 -0.07750551 -0.11986226 -0.02630879  0.05119511
 -0.01773619  0.03360091 -0.01191133 -0.04137644 -0.0462764   0.11802681
  0.00856926 -0.00324617 -0.06017565  0.07607828  0.05595633 -0.05926056
 -0.02979751  0.03671497  0.03270058  0.02113188 -0.07723945 -0.01529324
  0.06781815 -0.03527792 -0.0051624  -0.07023942  0.11941399 -0.12259119
  0.03772962  0.05843881 -0.023419   -0.00314371  0.04780161 -0.03620815
  0.05865613  0.05658624 -0.03832629 -0.03745118 -0.01333309  0.07408936
 -0.06269073 -0.02767872 -0.04995383 -0.06477532 -0.03508651  0.07431462
  0.0471457  -0.04917241  0.0229431   0.02225805 -0.06771389 -0.05137523
  0.01602864 -0.10749068 -0.06946903 -0.05902171  0.02623964 -0.01169869
 -0.01002739  0.02364872  0.0135848   0.09566386 -0.04045237  0.00916564
  0.03644899  0.02042813  0.06983399  0.08009055  0.0273715  -0.13917389
  0.00146286  0.01866113 -0.06429753  0.03118228  0.0577547  -0.01241948
  0.08142401 -0.00264006 -0.11561631  0.07025917  0.04852538  0.04002182
 -0.03383367 -0.00554834 -0.05296616 -0.02794282  0.03124499  0.04769894
 -0.05469309 -0.10767539  0.03461067  0.03592466  0.07281926 -0.01887914
  0.04223556  0.09617455 -0.07653983  0.09386971 -0.07185724 -0.08689996
 -0.0431995  -0.04121388 -0.04660113 -0.06450327  0.02362828  0.07381569
  0.03168427 -0.05274803 -0.09252743  0.11466839  0.01580926 -0.01597078
  0.10923424  0.05540013  0.07147566 -0.0703747  -0.02977157  0.0562848
 -0.0594145   0.01073434 -0.09703733  0.04137485  0.03461998  0.00837762
  0.09066712 -0.05410503 -0.04161865 -0.02293213 -0.06101968  0.05820386
 -0.04803068  0.00060434 -0.10597548 -0.00973738  0.01239073  0.07189593
  0.02700317 -0.03776845  0.02472844  0.08378698  0.08113836  0.06340066
 -0.01615341 -0.03890602 -0.00301309 -0.08319742  0.0573702   0.01403004
  0.00805434  0.01307289  0.0233604   0.0481706   0.01975315 -0.00528856
  0.10828645 -0.00359707 -0.0373067   0.06356679  0.02067883 -0.01279905
 -0.04845899  0.06047108 -0.03893078 -0.05329268 -0.04460127  0.11587307
  0.08863022 -0.01736254 -0.07284781 -0.05949974 -0.03252609  0.12028625
  0.02286874 -0.03350406 -0.00990246  0.02049171  0.08538919 -0.06565097
  0.01923358  0.06446264  0.03240247  0.02515654 -0.05333096 -0.02583066
 -0.03487657 -0.0445163  -0.06857432 -0.00277794  0.00558937 -0.05953983
  0.00299038 -0.01110877  0.04361651 -0.05898405  0.05917993 -0.13370535
  0.07332454 -0.05935022 -0.03182984 -0.02691923 -0.02517252 -0.07027866
 -0.01410326 -0.093497   -0.00705965 -0.03163812 -0.01351984 -0.02281984
  0.11195738 -0.04338806  0.07481073 -0.01891738 -0.1062313   0.03007474
  0.00621486 -0.05356784  0.06856075 -0.07221444  0.0081641  -0.04139399
 -0.03785165  0.01827588  0.04015113  0.01583932 -0.03517798 -0.00878882
  0.06865947  0.02175067  0.00196665 -0.01787116  0.02112006  0.02707478]


第10类： ['不能先给我个你们的产品介绍或方案么', '产品介绍可以发给我看一下吗', '你先介绍下你们的产品', '你可以简单介绍下你们的产品么', '你把你们家的产品介绍给我发个宣传片', '你能先介绍一下你们的产品吗', '你能详细介绍下这个产品吗', '包括功能和产品可以给我介绍一下吗', '可以简单为我介绍下你们的产品吗', '可以给我介绍一下你们公司的外呼产品吗', '可以给我介绍一下你们公司的外呼产品吗', '哪里可以看到相关的产品介绍', '您能先将相关产品介绍给我说下嘛', '有产品介绍和使用说明吗', '有文件可以介绍你们产品的吗', '能不能派人来我公司进行产品介绍', '能介绍下您的产品吗', '请你们发一个产品介绍给我', '请问你能介绍一下您的产品吗', '请问您这有没有你们这个产品的介绍', '请问有关于贵产品的套餐文档资料介绍吗']
语义向量：[ 8.67410116e-02 -1.94958446e-02 -1.03334774e-01  1.48037090e-02
 -6.01791977e-02 -4.56180850e-02 -7.49459950e-02  1.71073361e-02
 -6.24562708e-02 -9.48187400e-02  1.68343139e-02 -7.39224172e-02
 -9.74866595e-02 -2.62373792e-02 -3.97124040e-02 -7.52922270e-02
 -8.42216324e-02 -5.40623961e-02 -8.79500317e-02 -6.47262234e-03
 -9.44111056e-02  4.43101218e-02  8.39508791e-02  4.91845132e-02
 -6.02929587e-02 -1.44252650e-02 -3.29523738e-02 -1.15045706e-01
  6.54302046e-02 -3.14719501e-02 -1.97820935e-01 -5.81095714e-03
 -3.60735565e-02 -2.50432182e-01 -1.83777855e-01 -9.11948195e-02
 -9.26848441e-02 -1.42358515e-01  7.92910058e-02  4.79367394e-02
 -7.50792846e-02  2.22495165e-02  1.02512053e-02  2.02185381e-01
 -6.61319748e-02 -2.05203650e-02 -8.38838065e-02 -8.99449278e-02
 -4.58367742e-03  1.85591979e-02 -6.79578240e-02  1.45778374e-01
  1.43029754e-03  2.40079740e-02 -1.03130530e-02  2.54551436e-02
  9.77644239e-02  2.79620220e-02  1.87991322e-03 -8.64556685e-02
  7.39637636e-02  1.55181359e-01 -1.45272426e-02 -1.33048426e-01
 -4.12022577e-02 -6.75866840e-02  2.81144635e-02 -9.97227657e-02
 -8.28030975e-02 -1.08032114e-01 -1.54691719e-02  9.30797624e-02
 -6.35354015e-02  2.45207873e-02 -3.08381541e-02 -7.28647865e-02
 -5.46169654e-02  1.71349833e-01  7.82145629e-03 -2.78038049e-02
 -6.10105452e-02  1.09924614e-01  6.77541956e-02 -4.35989590e-02
 -1.22912124e-02  8.38377616e-02  5.94126926e-02  6.45520008e-02
 -7.69854303e-02  1.00726295e-02  4.56477478e-02 -4.39451172e-03
  1.22521368e-02 -1.58765938e-02  1.14607276e-01 -1.02699139e-01
  7.96791327e-02  1.50781194e-01 -4.22107484e-02 -1.63106351e-02
  1.22639943e-01  1.85920739e-02  6.74398481e-02  8.18204268e-02
 -1.55807836e-02 -4.93456446e-02  1.96639535e-02  4.42351648e-02
 -8.12618035e-03 -2.12258021e-02 -8.50208762e-02 -1.17942200e-01
 -8.35849964e-02  8.31863903e-02  1.03381876e-01 -5.33496335e-02
  5.74396191e-02  8.48424692e-03 -7.09683989e-02 -9.85249707e-02
  7.08312037e-02 -7.46716972e-02 -1.34132077e-01 -1.01836252e-01
  5.63366184e-02 -3.82456017e-02 -9.28180867e-02  4.40231046e-02
 -4.07193852e-03  1.32562229e-01  1.51681210e-02  1.38194611e-03
  7.63606369e-02  8.85312481e-02  8.19587553e-02  1.19468234e-02
 -3.07376048e-02 -2.03331133e-01 -4.18203007e-02  2.59591956e-02
 -9.62555909e-02  4.03506762e-02  6.92769544e-02  2.11632057e-02
  1.46137512e-01 -5.70290736e-02 -1.96371571e-01  7.36803049e-02
  5.62121763e-02  3.37027131e-02 -4.57342898e-02  3.77478313e-02
 -5.78525939e-02 -2.56886874e-02  7.99162798e-02  8.23599588e-02
 -7.44006378e-02 -8.01897299e-02  4.13933120e-02  4.88281945e-02
  1.12602084e-01  2.01363970e-03  1.13218135e-01  1.13324878e-01
 -6.93167695e-02  1.21034204e-01 -1.24453574e-01 -1.33817504e-01
 -8.61232327e-02 -3.50263639e-02 -6.12192017e-02 -9.50167846e-02
 -2.98424121e-02  1.11335849e-01  1.05492121e-01 -5.09728211e-02
 -1.43774047e-01  1.32634962e-01  8.39970101e-02  1.28984447e-02
  1.09240142e-01  5.90168761e-02  9.33415010e-02 -4.13138855e-02
 -3.13539951e-02  5.12873051e-02  1.63501799e-04 -4.96266474e-02
 -3.67566961e-02  1.22540633e-02  2.80753900e-02 -5.42323566e-03
  1.01032826e-01 -1.22445911e-01 -6.45474818e-02 -4.94641326e-03
 -6.20508554e-02  2.98850017e-02 -6.39558039e-02  3.25727566e-02
 -1.04453055e-01 -7.44683927e-02  3.70549380e-02  7.97298671e-02
  1.15494348e-02 -6.31585391e-02 -1.47799730e-02  2.21260799e-01
  9.68192340e-02  9.38092555e-02  7.21496244e-02 -6.33873810e-02
 -3.18735476e-02 -6.01816754e-02  1.49285417e-02 -9.78908732e-03
 -2.52682569e-02 -7.71686908e-02  5.37101128e-02  6.74407777e-02
  5.71070968e-02  4.93205644e-03  1.45982658e-01  5.45936578e-03
 -6.29286894e-02  1.19285001e-01  1.03751683e-01 -3.68142916e-02
 -1.08917489e-01  5.63282165e-02 -2.10465281e-02 -8.09894594e-02
 -1.13997942e-02  1.61000649e-01  1.07147546e-01 -4.71236777e-02
 -8.61483513e-02 -1.14118893e-01 -7.60439714e-02  1.75003005e-01
  3.98443530e-02 -3.67285892e-02 -1.29968282e-02  3.79804791e-02
  6.33096824e-02 -1.18187443e-02 -1.14092011e-02  3.28183037e-02
  4.35827160e-02  2.02254060e-02 -4.15973020e-02 -9.37594959e-02
 -5.50170477e-02 -6.21791977e-02 -4.77940516e-02 -1.77898506e-02
 -7.08355739e-02 -4.16574515e-02 -1.90598596e-02  1.57688788e-02
  4.08057849e-02 -8.37292045e-02  2.99514177e-02 -1.54114688e-01
  6.99320318e-02 -6.24849090e-02 -5.65757138e-02 -7.17959851e-02
 -7.09993605e-02 -3.79982138e-02  1.99339606e-03 -6.77034635e-02
  2.16752775e-02 -9.07813119e-03 -1.43131850e-02 -6.72194711e-02
  1.67714670e-01 -1.91904015e-02  1.14417236e-01 -3.28622341e-02
 -1.84312298e-01 -2.62988942e-02 -4.44349295e-02 -3.22884758e-02
  9.14074051e-02 -1.04618385e-01  5.82575126e-02 -4.44466208e-02
 -7.22578799e-02  1.89394911e-02  5.73917583e-02  4.45559142e-02
 -3.62839837e-02 -2.26679127e-02  7.72710977e-02  8.88245517e-03
  5.81856307e-05 -7.94952780e-02 -3.33178433e-02  4.59170440e-02]


第11类： ['你们代理思科的产品吗', '你们的产品思科', '思科的产品有吗', '是思科产品吗', '硬件设备有哪些产品', '这个是思科的产品吗']
语义向量：[ 0.10737945  0.14120071  0.00723211  0.01696398 -0.10979313  0.01146158
  0.12257494  0.09981398 -0.07987238 -0.01697574  0.05702247 -0.05913819
 -0.15257991  0.11450989 -0.03327323 -0.16384283 -0.05685406 -0.15051791
 -0.21042374 -0.07559939 -0.08194662  0.09434556  0.00591904 -0.12238156
 -0.29746344 -0.0540812  -0.01044318 -0.16307121 -0.02906735 -0.10222497
 -0.20704831 -0.24221954 -0.09986907 -0.19710991 -0.19751158 -0.15654087
  0.01684808 -0.14727713  0.10575596  0.09182979 -0.11376294 -0.1429127
 -0.08070572  0.2149817   0.00564274  0.11008722 -0.08972426 -0.07345678
  0.07523571  0.09107319 -0.30313961  0.23200065  0.07471841  0.04002452
 -0.21243411  0.08389451  0.17408256 -0.11945062  0.05270556 -0.1245433
  0.1144094   0.20995807  0.03575879 -0.35083746 -0.17718546  0.02186187
  0.05613708 -0.27663532 -0.15531425 -0.2882712   0.01772412  0.08493609
 -0.0603466   0.06010426  0.01040726 -0.1070871  -0.1338154   0.26952474
  0.07592239 -0.11152981 -0.15127545  0.16553704  0.1047643  -0.21261608
 -0.03311276  0.09022317  0.10288042  0.00637526 -0.17291911  0.03683336
  0.23274728 -0.15597818 -0.00346156 -0.27857304  0.19838089 -0.29502086
  0.08259408  0.08129383 -0.00799732 -0.02305041  0.06420943 -0.16884676
  0.17508243  0.14593689 -0.13421913 -0.04858235 -0.1080652   0.19920565
 -0.16550649 -0.00673189 -0.12503173 -0.06228044 -0.05464263  0.18787461
  0.06046902 -0.08530215  0.07790858  0.05267883 -0.18481236 -0.063342
  0.00744806 -0.29284277 -0.19861852 -0.1015802   0.08921913  0.0796865
  0.0232761   0.0471125   0.02717833  0.17646096 -0.2242131   0.03418368
  0.0845041   0.01263362  0.22366635  0.31725524  0.14270912 -0.30836159
  0.035394    0.08631287 -0.1967764   0.0016072   0.15372606 -0.03000307
  0.16784316  0.04646264 -0.2093639   0.25507528  0.14242496  0.09380484
  0.00777998 -0.06591197 -0.133547   -0.04712106  0.05748917  0.09130522
 -0.10388148 -0.26407339  0.18243172  0.02591156  0.16086421 -0.12342284
  0.03873817  0.30875431 -0.18008     0.12778443 -0.12877125 -0.21646335
  0.0150992  -0.12425971 -0.04281545 -0.19039356  0.01192182  0.0927906
 -0.0368995  -0.11228038 -0.16160317  0.29086734  0.04249357 -0.02069102
  0.31488936  0.08345051  0.22852486 -0.11912032 -0.15392579  0.19224338
 -0.28693062  0.04042455 -0.26033659  0.15218953  0.04470175  0.05148156
  0.20059456 -0.10800567 -0.06775971 -0.14224304 -0.1132147   0.21462276
 -0.1596762   0.00387847 -0.33842531  0.03123999 -0.07758086  0.15136966
 -0.05097528 -0.15434639  0.11465254  0.05322251  0.21607632  0.13849261
 -0.00326461 -0.05210887 -0.07788347 -0.13645613  0.22841578  0.07581725
  0.01254478  0.08515689 -0.04374388  0.13328032  0.04970666  0.03040673
  0.16960218 -0.00635325 -0.09156259  0.10953789  0.03434186 -0.0609388
  0.00798422  0.05858697 -0.0451909  -0.13392597 -0.11262178  0.20754206
  0.18209995  0.00423479 -0.16355796 -0.12427337  0.01496196  0.32533253
  0.17959831 -0.11988741  0.03469002  0.02770202  0.16383779 -0.25549296
  0.06421908  0.22092778  0.06171922  0.11540048 -0.09756992  0.07006577
 -0.10529359 -0.06333506 -0.18248889 -0.00279369  0.04816106 -0.19279483
  0.00813746 -0.05699108  0.14329526 -0.12634926  0.09852176 -0.32895095
  0.11557696 -0.10729222 -0.06365032 -0.05245929  0.02759622 -0.13759015
 -0.09964876 -0.18871062  0.03407401 -0.07533353 -0.09171121  0.11452094
  0.23789812 -0.00301329  0.07444704 -0.06948617 -0.18726474  0.07465721
  0.00586394 -0.12792927  0.15341235 -0.11657254  0.0028394  -0.23816838
 -0.04967829  0.05108139 -0.05168989  0.00508584  0.00787835 -0.06851402
  0.08662505  0.06820597  0.0358301  -0.02138129  0.02483837  0.02120248]


第12类： ['产品主要功能', '产品功能和价格']
语义向量：[ 2.09512256e-01  3.53192938e-02 -5.22251166e-02  7.87607469e-02
 -1.41381312e-01 -9.81402816e-03 -6.35600742e-03 -4.13685851e-03
 -1.31031461e-01 -3.04942608e-01  1.44249520e-02 -5.18819578e-02
 -2.76192620e-01  1.18624974e-01  2.87209246e-02 -2.54023641e-01
 -1.17448058e-01 -2.50075102e-01 -2.28809349e-01 -1.17552526e-01
 -1.82697430e-01  2.24259265e-01 -5.56550268e-03 -2.96613295e-02
 -3.66802081e-01  2.40082356e-02 -1.11568268e-01 -3.03112492e-01
  1.58512969e-01 -6.25028126e-02 -4.61699292e-01 -8.62327050e-02
 -1.73945278e-01 -5.63993186e-01 -4.67596620e-01 -2.17151389e-01
 -1.10442445e-01 -3.95706967e-01  2.99712390e-01 -7.14862160e-02
 -3.15870166e-01  8.50937329e-03  1.82849811e-02  3.86965796e-01
 -7.66200423e-02 -1.01764863e-02 -1.88665204e-01 -2.18083225e-01
  8.76501966e-02  1.81296676e-01 -3.92875910e-01  4.23844263e-01
  9.03181173e-02  8.57921951e-02 -2.72410095e-01  1.31986555e-01
  3.13980281e-01 -3.10161225e-02 -8.18190351e-02 -2.69275792e-01
  1.00723356e-01  3.61543000e-01 -3.61306164e-02 -4.36906472e-01
 -2.57082917e-01 -1.79093882e-01  6.40117899e-02 -3.05003688e-01
 -2.12246440e-01 -4.36989143e-01 -5.00692595e-02  1.26152873e-01
 -7.10067917e-02  3.65199074e-02  2.13933410e-04 -2.88562506e-01
 -1.71973214e-01  4.34723541e-01  7.59241469e-02 -5.57316151e-02
 -3.36280391e-01  2.99790010e-01  3.27391669e-01 -2.57318445e-01
 -1.10244598e-01  8.21251981e-02  1.27469368e-01  1.61128346e-01
 -2.36030281e-01 -3.95009583e-02  1.94931231e-01 -1.94611520e-01
  1.48293264e-02 -2.11111046e-01  2.53753021e-01 -3.49749103e-01
  2.53803223e-01  1.33715969e-01 -9.15356688e-02  8.70557092e-02
  1.93191223e-01 -1.08927213e-01  7.03907199e-02  2.88895071e-01
 -7.71581195e-04 -6.22679964e-02 -3.41206007e-02  2.46313393e-01
 -7.06952363e-02 -2.78586634e-02 -2.61595473e-01 -2.72278957e-01
 -6.88645300e-02  2.30365619e-01  1.18183050e-01 -2.12314785e-01
  6.17214665e-02  1.95282035e-01 -3.01700041e-01 -4.74512149e-02
  3.26042147e-02 -4.08063754e-01 -2.98705831e-01 -2.63511866e-01
  1.69939414e-01  1.08602379e-01 -1.92560673e-01  1.54571697e-01
  5.11566857e-02  3.91107544e-01 -4.11126874e-02 -8.62791389e-02
  3.06352496e-01  2.20949546e-01  2.19006464e-01  4.13669065e-01
  5.23320548e-02 -6.35373026e-01 -1.34311404e-01 -4.17386359e-02
 -2.06826411e-01  8.33986141e-02  2.85648182e-01 -4.89605740e-02
  4.20427591e-01 -1.15768973e-01 -5.06370887e-01  3.91940802e-01
  2.12698027e-01  1.21828765e-01 -6.74170572e-02  1.08001526e-01
 -1.81763157e-01 -1.10671893e-01  3.67934201e-02  1.55697092e-01
 -1.05479531e-01 -2.89744213e-01  2.20395468e-01  2.33931236e-01
  3.84037510e-01 -3.15140737e-02  1.95254035e-01  5.51218525e-01
 -2.68897057e-01  2.80958757e-01 -3.01340759e-01 -2.82609954e-01
 -1.04561765e-01 -1.85525320e-01 -2.16522731e-01 -2.58768961e-01
 -4.87758354e-02  3.42299759e-01  1.58710860e-01 -1.30901862e-01
 -2.98683211e-01  4.12335366e-01  1.19186018e-01  7.32193310e-02
  3.05682242e-01  1.49567597e-01  2.19673686e-01 -1.70855254e-01
 -1.02152128e-01  1.81478404e-01 -2.37689525e-01 -1.14478789e-01
 -2.60923952e-01  1.23966850e-01  4.59815916e-02  7.36614857e-02
  2.33713888e-01 -1.52167149e-01 -2.29091413e-01 -1.81095004e-01
 -3.04001540e-01  2.06661507e-01 -1.80930272e-01  6.00035838e-02
 -4.52004120e-01 -6.19501173e-02  1.60492823e-01  2.30250031e-01
  3.09660183e-02 -1.65591180e-01  8.77386294e-02  2.47551173e-01
  2.86556721e-01  1.87657870e-01 -1.34220980e-02 -4.64580581e-02
 -4.26122416e-02 -2.77970843e-01  2.76595920e-01 -1.58459753e-01
  1.57694884e-02 -6.85791932e-02  3.18486653e-02  1.93164922e-01
  2.45390981e-02  3.34802866e-02  4.32982594e-01 -9.04012099e-03
 -2.17500806e-01  3.02847296e-01  1.70759164e-01 -9.81931575e-02
 -1.42610840e-01  6.23226445e-02 -2.17315935e-01 -2.50069417e-01
 -1.38366539e-01  3.51928875e-01  2.66235739e-01 -1.33408822e-01
 -2.90257201e-01 -2.32841589e-01 -9.01395269e-02  5.47688425e-01
  1.48563698e-01 -1.72080733e-01 -6.31616469e-02  6.90578688e-02
  3.08415100e-01 -2.28874922e-01  5.62492814e-02  1.11094411e-01
  2.53814973e-01 -2.33165026e-02 -7.49940984e-02 -2.26696186e-01
 -1.95935674e-01 -7.91410245e-02 -2.21655227e-01  8.42728429e-02
 -9.81416255e-02 -2.15121083e-01 -1.23371746e-01  8.22539125e-02
  1.48421742e-01 -1.37764104e-01  1.95678055e-01 -4.50788885e-01
  1.25070669e-01 -2.04584494e-01 -1.18631272e-01 -4.25262405e-02
 -2.86658052e-02 -1.82475403e-01 -4.42415830e-02 -2.11448573e-01
  3.52083212e-02 -1.08168133e-01 -2.04298319e-02 -5.13798445e-02
  3.96169588e-01 -8.27643983e-02  2.87775822e-01 -8.69629346e-02
 -3.52381483e-01 -3.49812160e-02 -9.97165255e-02 -2.97509208e-02
  2.17342161e-01 -2.36590721e-01  1.04869716e-01 -1.88785806e-01
 -1.22108128e-01  1.62607417e-01  8.02232176e-02  1.19070083e-01
 -1.26530033e-01 -6.72256108e-02  2.05305226e-01  3.79876196e-02
  1.93069577e-01 -2.23105662e-01  3.06191379e-02  3.34189963e-02]


第13类： ['产品功能详情和价格表资料', '产品大概多少钱啊', '产品是否可用作远程培训', '你们的网络直播产品', '全国技术人员进行产品培训', '软件产品与硬件产品都能实现', '需要异地在线进行产品培训']
语义向量：[ 0.08451886  0.01195021 -0.04250013 -0.01764659 -0.07965391 -0.05651942
  0.06868235 -0.01046005 -0.0812516  -0.10446604 -0.03489621 -0.00726579
 -0.12484205  0.08702902 -0.00938194 -0.089432   -0.09186843 -0.11011509
 -0.15027367 -0.05546193 -0.08982286  0.09280597  0.02385292 -0.0730231
 -0.23977862  0.03333218 -0.03776444 -0.18757597  0.05870566 -0.08220758
 -0.24167561 -0.11706996 -0.12824282 -0.21990819 -0.23356005 -0.14063957
 -0.04928495 -0.23621401  0.10193936  0.04834536 -0.18319009 -0.03789415
 -0.01716796  0.25512672 -0.08471656  0.01581373 -0.13107357 -0.05483223
  0.0010044   0.138236   -0.21206771  0.19984615  0.08353271  0.02976078
 -0.18510802  0.03660792  0.1393903  -0.02218982 -0.02415792 -0.13110961
  0.06070954  0.22410817 -0.0368409  -0.26760402 -0.15231166 -0.06252912
  0.05836132 -0.20266262 -0.13190538 -0.30100194  0.03343829  0.06021954
 -0.00399747  0.04710537  0.0227648  -0.07115137 -0.15371568  0.27206175
 -0.0241345  -0.05604167 -0.15212987  0.13392189  0.18349856 -0.1061484
 -0.07195951  0.05505492  0.08774205  0.07463639 -0.13590243  0.02471026
  0.11893774 -0.17349514 -0.02348211 -0.16880531  0.07787434 -0.20564222
  0.08894498  0.02460142 -0.0115462   0.01468609  0.04757229 -0.08319646
  0.06551875  0.16101771 -0.00690364 -0.04153611 -0.0497851   0.20802029
 -0.06004336 -0.04207043 -0.13103493 -0.08901621 -0.04118169  0.14738813
  0.05009913 -0.03000626  0.06686143  0.11626112 -0.21255123 -0.04967835
  0.0251263  -0.24890832 -0.15538957 -0.08165378  0.11897375  0.03322502
 -0.08067044 -0.00640278  0.10722391  0.20776063 -0.08109963 -0.00662459
  0.21395969  0.08295488  0.15813659  0.24889717  0.03381718 -0.41853574
 -0.01670228  0.02307227 -0.15742745  0.03278576  0.15464191 -0.00206854
  0.21789799 -0.08642382 -0.1964504   0.20125796  0.10338955  0.05481322
 -0.06796104  0.05154415 -0.09766873 -0.009869    0.00047489  0.11246224
 -0.07960447 -0.23511147  0.14239281  0.08740799  0.22310695 -0.01989214
  0.07312441  0.27892414 -0.11941876  0.11273896 -0.17029243 -0.13605305
  0.00444317 -0.13879622 -0.09474582 -0.13661928 -0.01615646  0.13336284
  0.08889927 -0.11452606 -0.12747734  0.2119636   0.13665732  0.04106717
  0.18593981  0.08873737  0.15273328 -0.09822317 -0.06340011  0.09299413
 -0.19284284 -0.05803611 -0.17498781  0.02146864  0.01305123  0.05481878
  0.14884358 -0.05950701 -0.15271134 -0.11036756 -0.11139275  0.20218927
 -0.14798435 -0.02201441 -0.18060597 -0.04886745 -0.00487187  0.10697686
  0.02267252 -0.1116837   0.07702875  0.10620826  0.14871218  0.07622996
  0.00273559 -0.02902709 -0.03901192 -0.16232495  0.20428952 -0.04192299
  0.02895766  0.04606663 -0.07130697  0.15941191 -0.01847623  0.01284674
  0.2127786  -0.00674327 -0.08984948  0.16776281  0.07477244  0.00392808
 -0.07068704 -0.02674749 -0.04792548 -0.14169633 -0.03132645  0.19716378
  0.13407804 -0.09544209 -0.19315108 -0.1315437  -0.02344458  0.28066928
  0.0919405  -0.09385714 -0.07418711  0.00108176  0.12835819 -0.12023578
  0.05884255  0.05749787  0.15415869  0.01226087 -0.08678135 -0.10557818
 -0.10509698 -0.06672526 -0.03322459 -0.00413286 -0.03066224 -0.16346891
 -0.0539262   0.03319692  0.09956136 -0.09289911  0.13778952 -0.2944872
  0.10601286 -0.15238524  0.00332148 -0.07584878 -0.04148165 -0.13470303
 -0.06973662 -0.12998064  0.04507543 -0.09070274 -0.02831745  0.06489727
  0.24038743 -0.09203769  0.08773315 -0.03447132 -0.16746138  0.03258056
 -0.03063491 -0.083183    0.14224828 -0.16970588  0.1484074  -0.17914903
 -0.0353435   0.09108211  0.01968425  0.05360739 -0.09010511 -0.02410048
  0.082991    0.00042013  0.13233881 -0.06503801 -0.0148149   0.00633127]


