第1类： ['一般参与人数不会太多', '不是按人数的吗', '与会人数如果超过', '人数一开始不用多', '人数不限定的', '人数估计不超过', '人数只是一个扩展', '人数暂时还不确定', '人数的话估计不超过', '人数还没有准确定下', '人数这边应该是', '你们是按照人数吗', '具体人数不知道', '具体人数不确定', '具体人数不确定', '具体人数还需要评估', '加入人数有限制吗', '参入人数多一点的', '同时在线人数应该不会很多', '同时在线人数有限制吗', '后期最大人数可能是', '和人数有关系吗', '和人数没有关系吧', '在线人数大概是', '对人数的不同', '开会人数总共应该有', '怎么跟人数限制呢', '我们人数不多', '我们公司人数较少', '我们公司的人数就是', '我们总体人数是', '我需要确定下人数', '才占人数对吗', '按人数来的吗', '是限制在线人数还是累计人数的', '暂时人数估计在', '最大在线人数是多少', '有人数和功能限制吗', '有人数限制吗', '有人数限制吗', '有人数限制吗', '有人数限制是吧', '有哪些人数可以选', '有没人数限制', '未来参与的人数不确定', '根据使用人数吗', '每个地方人数不定', '每次会议室人数不一样', '每次培训的总人数', '没有限定人数的', '目前人数会在', '目前免费的人数是', '目前开会人数在十几个吧', '网络课堂的人数有没有限制', '要是按照规模人数', '试用版有限制人数嘛', '跟人数还有关系啊', '这个也有人数限制', '这个人数以及同时开会数', '那也就是买人数']
语义向量：[-2.65745554e-02  5.47087302e-02  1.57262123e-01  2.04547252e-02
 -1.47842317e-01  1.39677338e-02  1.00205717e-01  5.70146957e-02
 -1.37097863e-01 -1.71289122e-01 -3.89283446e-02  1.69608875e-01
 -1.65296962e-01  9.19828542e-02 -6.16315186e-02 -1.86227314e-02
  1.02982440e-02 -1.62408936e-01  1.06937713e-01 -1.03395275e-01
  9.71031814e-02  1.51850784e-01 -9.04282508e-02 -1.77816959e-01
 -4.84623012e-02  1.12905461e-01 -7.55614993e-02  6.02545670e-02
  1.08442150e-01  7.88024534e-02  3.27651733e-02  1.39611156e-01
 -1.38544609e-01  1.42067266e-01 -1.40070734e-01  7.15328857e-02
 -9.06362197e-02 -5.45321459e-02  2.40760811e-01 -1.39621024e-01
 -1.03289036e-01  7.73222797e-02  1.06007075e-01 -3.39466260e-02
  3.65054312e-02  1.04633037e-01 -1.03607050e-01 -1.42894273e-01
 -1.64657529e-01  6.03810399e-02 -1.15753110e-01  7.27862068e-03
  2.64276285e-01  3.80925490e-02 -1.04931736e-01 -6.95021567e-02
 -9.43383992e-02  9.50315267e-02  1.74645068e-01 -1.21694067e-01
 -8.96387817e-03  2.58745620e-01  1.03911482e-01 -8.27936170e-02
  1.55120551e-02  4.22887569e-02 -5.76853350e-02 -1.93396090e-01
 -5.98444712e-03  5.95492745e-03  2.08931525e-01  7.31369764e-02
  1.20972921e-01 -1.27195298e-01  6.60664334e-03 -1.18579801e-02
  9.06460513e-02  8.07734186e-02 -1.62729569e-02 -7.01447778e-02
 -1.24113589e-01 -5.96311019e-02  8.58182255e-03 -1.91827415e-02
  1.04991013e-02 -1.69071795e-02  8.77145196e-02  1.28577014e-01
 -1.34080733e-01 -1.52987411e-01  2.80610996e-02 -2.84225743e-01
 -1.82172513e-01 -4.10689212e-03 -2.04219717e-01  4.61620853e-02
  5.94257970e-02 -2.77545845e-01  8.48203226e-02  2.14186980e-01
 -4.45615516e-02 -2.00745795e-02 -1.27106559e-01 -1.90013368e-02
  7.70379620e-02  1.05859951e-02  1.75127026e-01 -4.94570413e-02
 -1.42115446e-01  8.22237163e-02 -9.37223790e-02  2.22609703e-02
  9.24138072e-02 -1.41597258e-01 -7.67198844e-02 -1.52994622e-01
  2.30021741e-02  2.38130141e-01 -1.38022982e-01  1.87191753e-01
 -2.30266947e-01 -1.44681152e-01 -2.43934461e-02 -1.90292002e-01
 -1.91882289e-02  1.35824307e-01 -2.08236684e-01  4.33277582e-02
  7.10307791e-02 -6.09852558e-02 -7.22959388e-03 -1.13154420e-03
  6.70541022e-02  1.06549195e-01  7.72591672e-02  3.35858749e-01
  2.67243532e-03 -8.16238036e-02 -8.28673046e-02 -8.05734091e-02
 -4.47217918e-02  1.21836008e-01 -1.80029187e-01 -2.73370940e-01
  2.24240848e-01 -2.50468891e-01 -7.74852990e-02  2.53201037e-01
 -3.70708488e-02 -2.79961244e-02 -1.22866254e-01  1.19467703e-01
  1.03823635e-01  3.90359135e-03 -1.07948666e-01  1.10694818e-02
  1.66903277e-01 -4.38483097e-03  1.53376721e-01  3.31960574e-01
  1.61618161e-01  1.55813017e-02 -3.51974102e-02  3.77737559e-01
 -5.34033683e-02 -1.52389492e-02 -1.27910659e-01  8.46058272e-02
  3.11076486e-03 -1.95708864e-01  5.03366680e-03  5.77710243e-02
 -1.13601019e-01  1.51324342e-01 -1.15561183e-01  9.86497661e-02
 -1.35914176e-01 -7.32923254e-02 -7.03713861e-02  1.90888242e-01
  1.27678469e-02  6.38096824e-03  4.64448073e-02  1.25706993e-01
  5.92267062e-02 -9.41294930e-02 -9.32517777e-02  4.07509942e-02
 -1.05481203e-01 -2.40234109e-01 -7.28927320e-02  1.69205692e-01
 -5.56827823e-03  2.56022444e-03 -2.32982242e-02 -8.30076405e-02
 -2.46962902e-01  6.35075064e-02 -2.35690542e-02  6.27082057e-02
  3.45396445e-02  1.14190304e-01  1.47407970e-01  1.32856402e-01
  1.16493388e-01  6.12653702e-02 -6.18428321e-02 -1.33902165e-01
 -8.90479869e-02 -7.34142293e-02 -1.58507512e-01 -5.67056659e-02
 -1.58045526e-02 -2.05513687e-01  1.08364939e-01 -7.34762769e-02
  3.20668111e-01  9.78033406e-02 -7.45214333e-02 -1.63399508e-01
  1.72284557e-02  1.25545450e-04  3.09289959e-02 -9.38659785e-02
  7.09531667e-02 -5.73453181e-02 -6.82687218e-02  1.05484511e-01
  2.32230411e-01  4.88150458e-03 -5.46559719e-02 -4.09303970e-02
  5.42372943e-02 -3.33973464e-02  1.30846004e-01 -2.34929575e-02
 -1.23122695e-01  1.95923899e-01  1.85448293e-01 -1.79247892e-01
  6.47439614e-02 -3.27965105e-02 -1.03051453e-01 -4.29436279e-02
  2.10476491e-02  1.72670804e-02  1.69414678e-02 -1.19630756e-01
  1.15470557e-01 -4.71759755e-02  1.38258150e-02 -4.53799913e-02
  2.63608698e-02 -2.75643374e-02  8.08135579e-02  5.02942319e-02
  4.52607673e-02 -2.09206522e-02 -2.35144789e-01  2.12826041e-01
 -3.31773601e-02  1.53416504e-01  1.64443723e-01 -4.69750348e-02
 -1.60029070e-01 -2.24922621e-01 -4.59656346e-02  1.02269669e-01
  5.95936725e-02 -1.22401056e-01 -1.70105178e-01 -2.53727080e-02
 -5.16919364e-02 -1.80831790e-01 -6.10940175e-02  5.97909083e-02
 -8.91630814e-02 -3.60342295e-02  3.56804088e-02 -1.92027420e-01
  9.27742958e-02  1.36666188e-01 -6.96363878e-02  1.41332266e-01
  1.23217998e-02 -2.22020132e-01  3.91188607e-02  6.11891603e-02
  5.23443374e-02  1.31052903e-01  8.92327025e-03 -1.32687517e-01
 -2.02668372e-01 -7.78956173e-02 -2.83933966e-03 -9.18001152e-02
  3.07531493e-01 -9.53534402e-02  1.59944389e-01 -4.73104315e-02]


第2类： ['人数上限', '人数不定', '人数不定', '人数不定', '人数不定', '人数大概', '人数就是', '人数的话', '人数的话', '人数限制', '参与人数', '参与人数一般', '参与人数在', '参与人数在', '同时在线人数', '在线人数', '更新人数', '现在人数']
语义向量：[-6.58012175e-02  1.19812053e-01  3.72378505e-01  3.43544489e-02
 -3.23692616e-01  2.83068170e-02  2.33094864e-01  1.04164681e-01
 -2.85335720e-01 -3.96022442e-01 -9.01802075e-02  3.93611812e-01
 -3.82985537e-01  1.75940196e-01 -1.52771130e-01 -5.40679722e-02
  2.37988095e-02 -3.58753170e-01  2.41370619e-01 -2.10669043e-01
  2.25124143e-01  3.44684026e-01 -2.01190101e-01 -4.02839671e-01
 -1.04501356e-01  2.39250128e-01 -1.63944445e-01  1.42924070e-01
  2.65734216e-01  1.96580670e-01  8.81883336e-02  3.25484611e-01
 -3.05635240e-01  3.38420631e-01 -3.09774662e-01  1.62481406e-01
 -2.12346669e-01 -9.96273216e-02  5.50454201e-01 -3.05537574e-01
 -2.12990443e-01  1.79505591e-01  2.45357647e-01 -1.12455709e-01
  8.22396671e-02  2.32590792e-01 -2.28713450e-01 -3.27250683e-01
 -3.64379471e-01  1.48542590e-01 -2.47151053e-01  1.11488815e-02
  5.98238654e-01  9.90789731e-02 -2.13901392e-01 -1.76387493e-01
 -2.04046310e-01  2.17114520e-01  4.07445949e-01 -2.67200838e-01
 -4.00919188e-02  5.64843979e-01  2.56152560e-01 -1.40398787e-01
  2.12682767e-02  1.06142295e-01 -1.13932398e-01 -3.99511706e-01
  3.51776214e-04  4.64661204e-02  4.70893403e-01  1.35035572e-01
  2.61184415e-01 -3.12286069e-01  1.95070237e-03 -3.01318229e-02
  1.88585558e-01  1.45682102e-01 -4.01826388e-02 -1.48753511e-01
 -2.79442921e-01 -1.51874127e-01  1.80438433e-02 -5.06147325e-02
  3.08608909e-02 -5.57047923e-02  1.73985873e-01  2.79680591e-01
 -2.80648352e-01 -3.44748116e-01  5.15620282e-02 -6.40587734e-01
 -4.05632729e-01  9.67707692e-04 -4.76332156e-01  1.03741488e-01
  1.47650700e-01 -6.45856049e-01  2.10955535e-01  4.94464134e-01
 -1.17227090e-01 -4.09064978e-02 -2.99093557e-01 -4.88662952e-02
  1.89773440e-01  4.18876596e-02  4.23080815e-01 -1.60569778e-01
 -3.28677757e-01  1.93138409e-01 -2.14081776e-01  3.55125021e-02
  2.05850775e-01 -3.34565426e-01 -1.71514250e-01 -3.57961070e-01
  6.62147659e-02  5.57450990e-01 -3.13587639e-01  4.40609874e-01
 -5.39849487e-01 -3.29822729e-01 -5.29484720e-02 -4.17307133e-01
 -4.14693387e-02  3.06899521e-01 -4.86860901e-01  8.84641457e-02
  1.49913105e-01 -1.30827665e-01 -1.70503825e-02  1.79389590e-03
  1.53491346e-01  2.47965689e-01  1.53551300e-01  7.38306254e-01
  1.88895156e-02 -1.91893840e-01 -1.67090747e-01 -2.04875519e-01
 -9.60326605e-02  2.81254821e-01 -4.19784210e-01 -6.08477609e-01
  5.04176728e-01 -5.32554959e-01 -1.57477640e-01  5.33870768e-01
 -8.95987087e-02 -8.07407424e-02 -2.77414247e-01  2.81074704e-01
  2.46306353e-01  2.99719224e-02 -2.63418061e-01 -3.48535656e-03
  4.06881569e-01  1.95899832e-02  3.30897129e-01  7.27615194e-01
  3.51008841e-01  3.56837050e-02 -8.95806673e-02  8.45555772e-01
 -1.03615103e-01 -5.16322218e-02 -2.53759098e-01  1.84472597e-01
  1.65532848e-02 -4.35166832e-01  2.43657979e-02  1.38473243e-01
 -2.77052118e-01  3.66480399e-01 -2.88107876e-01  2.31922218e-01
 -2.60707147e-01 -1.86254486e-01 -1.61080567e-01  4.17489828e-01
  2.74715932e-03  1.16407701e-02  8.39179961e-02  2.95974258e-01
  1.35071291e-01 -2.33039155e-01 -2.07052912e-01  7.85424790e-02
 -2.02806878e-01 -5.58532460e-01 -1.38010260e-01  3.65304800e-01
 -1.67724423e-02  2.88570249e-03 -4.00344374e-02 -1.93353387e-01
 -5.53910308e-01  1.50319438e-01 -5.29826193e-02  1.49967290e-01
  1.06245214e-01  2.67793560e-01  3.17695926e-01  3.00536656e-01
  2.60928712e-01  1.40693675e-01 -1.05095634e-01 -3.19007205e-01
 -2.23896344e-01 -1.97564459e-01 -3.67287752e-01 -1.10358580e-01
 -4.57843607e-02 -4.65767355e-01  2.26314067e-01 -1.52166176e-01
  7.16593766e-01  2.33930563e-01 -1.57869052e-01 -3.78964242e-01
  3.23710361e-02 -5.59056292e-03  9.02938886e-02 -2.09949065e-01
  1.58906271e-01 -1.40557926e-01 -1.64703142e-01  2.69832375e-01
  5.16636426e-01 -1.33045735e-02 -9.78587443e-02 -8.90788771e-02
  1.48627061e-01 -7.58982361e-02  2.80135781e-01 -5.07188410e-02
 -2.61013388e-01  4.45191195e-01  4.31903225e-01 -3.93335710e-01
  1.36304472e-01 -8.75163277e-02 -2.36601741e-01 -1.00311724e-01
  4.31501411e-02  4.86834900e-02  2.86527192e-02 -2.63926374e-01
  2.74225892e-01 -1.19520902e-01  5.51663482e-02 -1.14678715e-01
  5.71609772e-02 -5.13884560e-02  1.94144716e-01  1.34708658e-01
  9.72924862e-02 -5.28518832e-02 -5.09165792e-01  4.91167502e-01
 -7.45690558e-02  3.82398688e-01  3.61162542e-01 -8.73397622e-02
 -3.82961864e-01 -5.08237056e-01 -9.28631797e-02  2.05030915e-01
  1.23579341e-01 -2.59792516e-01 -3.95675610e-01 -3.62067450e-02
 -1.09742359e-01 -3.93217264e-01 -1.41835899e-01  1.38194498e-01
 -2.21822679e-01 -7.93765955e-02  7.10579290e-02 -4.43803587e-01
  2.17893050e-01  3.10634005e-01 -1.69717704e-01  3.28842301e-01
  3.43379641e-02 -4.64886530e-01  9.00457802e-02  1.60271698e-01
  1.04521466e-01  2.89975204e-01  2.23868578e-02 -3.18387118e-01
 -4.68434523e-01 -1.68195691e-01 -2.22358545e-02 -1.86458492e-01
  7.17929956e-01 -2.21737391e-01  3.52683129e-01 -1.17410749e-01]


第3类： ['一般人数在', '一般同时在线人数', '人数一般是', '人数上限是', '人数不一定', '人数不一定', '人数不会超过', '人数不固定', '人数不固定', '人数不固定', '人数不多', '人数不确定', '人数不确定', '人数不确定', '人数不确定', '人数不确定', '人数不等', '人数不超过', '人数不超过', '人数不限的', '人数也就', '人数二十多人', '人数只是一对一', '人数大概在', '人数少些的', '人数很多的话', '人数是吧', '人数比较分散', '人数较少', '人数还是方数', '分人数吗', '参与人数不多', '只是按人数', '和人数相关', '总人数吗', '我们人数不定', '方是人数还是', '请问人数限制', '还有人数问题', '限制人数吗']
语义向量：[-3.95377722e-02  8.51251816e-02  2.41122664e-01  4.34192342e-02
 -2.22097762e-01  2.64044433e-02  1.46646531e-01  8.79575157e-02
 -2.08089674e-01 -2.65568563e-01 -5.09948608e-02  2.38406891e-01
 -2.47030307e-01  1.26044088e-01 -9.94894808e-02 -3.91014820e-02
  1.65472744e-02 -2.41639208e-01  1.59681667e-01 -1.54067694e-01
  1.53571690e-01  2.21846177e-01 -1.33152281e-01 -2.64250159e-01
 -5.39472276e-02  1.61607227e-01 -1.01866633e-01  1.04468002e-01
  1.61749512e-01  1.38651734e-01  5.88572070e-02  2.22965359e-01
 -1.87760374e-01  2.07575139e-01 -2.13785955e-01  1.19688223e-01
 -1.35896564e-01 -6.07936069e-02  3.64820069e-01 -2.09293570e-01
 -1.39025791e-01  1.34834888e-01  1.67984889e-01 -6.54409312e-02
  7.40708611e-02  1.59322379e-01 -1.42045660e-01 -2.18308485e-01
 -2.40184663e-01  7.85083493e-02 -1.73653237e-01 -2.63359258e-03
  3.86008468e-01  6.28090036e-02 -1.50340131e-01 -1.12160041e-01
 -1.50302530e-01  1.54143312e-01  2.78484873e-01 -1.75350587e-01
 -2.51890034e-02  3.83074854e-01  1.67077873e-01 -1.04452872e-01
  3.74850606e-02  7.01674821e-02 -8.72596227e-02 -2.69596843e-01
 -6.62716662e-03  3.54057865e-02  3.06007599e-01  9.78406314e-02
  1.74021550e-01 -1.96835424e-01 -1.25928684e-03 -2.91251670e-02
  1.56994456e-01  1.07149543e-01 -9.47002958e-03 -9.36149450e-02
 -1.86521670e-01 -9.67979249e-02 -4.21427186e-03 -3.46224511e-02
  3.82492566e-02 -3.26531743e-02  1.39547930e-01  1.85978068e-01
 -1.95797876e-01 -2.37480611e-01  4.01124424e-02 -4.09073380e-01
 -2.71199059e-01  5.73483983e-03 -3.01880110e-01  7.80089915e-02
  9.31036358e-02 -4.05561022e-01  1.31698146e-01  3.27289598e-01
 -6.63802037e-02 -2.79941917e-02 -1.93802232e-01 -4.19143716e-02
  1.12725907e-01  2.26424596e-02  2.68926527e-01 -9.80954479e-02
 -2.20832032e-01  1.26658589e-01 -1.40625330e-01  3.36545397e-02
  1.31955780e-01 -2.28447934e-01 -9.78161508e-02 -2.37848330e-01
  3.23391263e-02  3.44179083e-01 -1.91096289e-01  2.83116367e-01
 -3.51875291e-01 -1.94572463e-01 -4.14217950e-02 -2.93221836e-01
 -3.88681462e-02  1.98657456e-01 -3.15797911e-01  7.49403494e-02
  9.09359830e-02 -1.03861570e-01 -2.11359335e-03 -4.95143345e-03
  7.96816178e-02  1.54882386e-01  9.73150583e-02  4.79352334e-01
  5.41621855e-03 -8.74531511e-02 -1.19434737e-01 -1.25153105e-01
 -4.74547712e-02  1.86659458e-01 -2.88209659e-01 -4.18992939e-01
  3.16549344e-01 -3.66877990e-01 -1.22673402e-01  3.75460143e-01
 -5.68330418e-02 -3.78083475e-02 -1.77261712e-01  1.69132996e-01
  1.64657173e-01 -9.26066502e-03 -1.57807890e-01  6.77524082e-03
  2.51224260e-01  1.82300489e-02  2.18304728e-01  4.97396766e-01
  2.24083982e-01  3.42164786e-02 -5.22897985e-02  5.41237609e-01
 -7.96493726e-02 -1.89032731e-02 -1.75037742e-01  1.29940351e-01
 -1.14624368e-02 -2.77951531e-01  9.64511407e-03  9.97452725e-02
 -1.62729938e-01  2.24692929e-01 -1.85716467e-01  1.59240338e-01
 -2.13008792e-01 -1.19108593e-01 -1.17616436e-01  2.76506163e-01
  8.16479935e-03  8.24253449e-03  6.53535004e-02  1.93259044e-01
  1.01517359e-01 -1.44953136e-01 -1.22034446e-01  7.62677521e-02
 -1.59202391e-01 -3.59817525e-01 -1.05870361e-01  2.56861678e-01
 -1.24201971e-02  2.17295046e-03 -1.48253411e-02 -1.18706998e-01
 -3.62656280e-01  6.89016223e-02 -1.69637245e-02  1.02831649e-01
  5.84344942e-02  1.91685134e-01  2.36202168e-01  1.98038916e-01
  1.83292316e-01  9.96006409e-02 -1.01790773e-01 -2.06110425e-01
 -1.38065513e-01 -1.05954019e-01 -2.42857095e-01 -9.64466380e-02
 -1.98032807e-02 -3.08324341e-01  1.43858030e-01 -1.03135907e-01
  4.80544765e-01  1.38490409e-01 -9.03506199e-02 -2.64626128e-01
  2.20838669e-02 -8.25197049e-03  3.70302798e-02 -1.42206981e-01
  1.01271367e-01 -1.03114602e-01 -1.08035309e-01  1.47045400e-01
  3.47866514e-01  1.93515358e-02 -9.12221650e-02 -5.22303086e-02
  7.05152469e-02 -5.82580652e-02  1.93701612e-01 -2.48384182e-02
 -1.77098161e-01  3.06521329e-01  2.77861848e-01 -2.98013856e-01
  8.90952118e-02 -4.85512244e-02 -1.43496522e-01 -5.91899118e-02
  3.72001709e-02  2.83040915e-02  1.23459365e-02 -1.72470055e-01
  1.59176920e-01 -6.72004249e-02  3.47990761e-02 -5.67810381e-02
  4.58839459e-02 -3.70017634e-02  1.06644558e-01  8.22673493e-02
  6.84692048e-02 -1.95406402e-02 -3.47777444e-01  3.08516468e-01
 -6.23656028e-02  2.43176563e-01  2.45064183e-01 -5.62810960e-02
 -2.40511672e-01 -3.28595021e-01 -7.19795397e-02  1.62642349e-01
  8.25568769e-02 -1.76014367e-01 -2.52422428e-01 -3.50510328e-02
 -9.31978488e-02 -2.68603025e-01 -9.08350693e-02  7.13648666e-02
 -1.45484689e-01 -5.31257840e-02  5.99477232e-02 -2.94765902e-01
  1.36995176e-01  2.04211825e-01 -1.00115795e-01  2.19001010e-01
  7.25298140e-03 -3.22359938e-01  4.14434585e-02  1.13235821e-01
  6.58958790e-02  2.00110674e-01  1.88363077e-02 -2.06844006e-01
 -3.02199961e-01 -1.19261254e-01 -3.27859254e-04 -1.31473469e-01
  4.42299391e-01 -1.50703102e-01  2.40893874e-01 -6.12374641e-02]


第4类： ['一次性的价格也是按人数算是不是', '专线电话语音服务是否有人数限制', '人数多了是不是就不稳定了', '人数多的有几十到上百', '但没有那么多的使用人数呢', '你们是按总在线人数来算的', '你们最少的套餐人数是多少', '你们那里有没有人数段的选择', '你分别按人数报价格给我参考下', '你是按人数来定的吗', '你说的人数是指', '具体人数什么的暂时不太好确定呀', '只有在外面的才占用人数对吗', '后期人数增多还可以增加吗', '就是不同容纳人数不同价格的档位', '我们目前小团队人数比较少', '我们这个有人数限制的吗', '我只是想知道有没有人数限制', '是一个会议室的人数是吧', '是不是要知道人数是多少', '暂时不清楚同时的人数和有几场', '最开始我们人数可能比较少', '每次人数都会有区别', '还有你们这个有无人数的限制', '这个人数你们有大概得档次的吗', '这个是按人数算的吗', '这个是按时长和人数来租用的是吗', '这个现在我无法确定人数', '这个试用版的也有人数限制吗', '那一次性的会限制人数么', '那如果半年后需要加人数', '那如果路演人数较多', '针对人数你们都有什么样的保价呢']
语义向量：[-1.21301759e-02  3.84493189e-02  9.97029174e-02  1.54310985e-02
 -9.20921079e-02  1.01680682e-02  5.99933150e-02  3.22810603e-02
 -8.72409250e-02 -1.13317580e-01 -2.34325349e-02  1.04277401e-01
 -1.06577476e-01  5.55734594e-02 -4.14439044e-02 -1.60839624e-02
  5.61906843e-04 -1.03131419e-01  6.38668180e-02 -6.45730477e-02
  5.59982811e-02  9.68782305e-02 -5.58581440e-02 -1.09145088e-01
 -2.82602532e-02  6.88928796e-02 -4.41785665e-02  3.65877605e-02
  7.36684558e-02  5.41414818e-02  1.66824253e-02  8.29120273e-02
 -8.09207054e-02  7.92803557e-02 -9.25226237e-02  4.14203854e-02
 -5.86992293e-02 -3.87477651e-02  1.52550223e-01 -8.62110808e-02
 -6.16098606e-02  4.55489495e-02  6.89729376e-02 -1.87812106e-02
  2.54039148e-02  6.53883915e-02 -6.23728537e-02 -9.15090856e-02
 -9.47801986e-02  3.67838859e-02 -7.70998475e-02  9.31947254e-03
  1.62862031e-01  2.60418910e-02 -6.93876509e-02 -4.58104687e-02
 -5.45792979e-02  6.83647056e-02  1.09684541e-01 -8.05294840e-02
 -7.86299517e-03  1.65570910e-01  6.21615019e-02 -5.31527394e-02
  6.67574429e-03  2.30633764e-02 -3.77162232e-02 -1.18402930e-01
 -8.99973549e-03  1.64763847e-03  1.27049525e-01  4.01870699e-02
  7.03368727e-02 -8.13078559e-02  2.93657704e-03 -1.33054294e-02
  5.76041327e-02  5.63066245e-02 -3.71391979e-03 -4.65892453e-02
 -7.74930736e-02 -3.08568231e-02  8.02423712e-03 -2.10565391e-02
  1.02600971e-02 -1.08726524e-02  6.17887114e-02  8.18589578e-02
 -8.32505304e-02 -9.62939358e-02  2.20446266e-02 -1.78213925e-01
 -1.10383396e-01 -3.64776795e-03 -1.19937824e-01  3.03007150e-02
  4.14566617e-02 -1.66398963e-01  5.40085201e-02  1.31245079e-01
 -2.35246582e-02 -1.29712696e-02 -7.94600781e-02 -8.50157194e-03
  4.99406100e-02  8.37769310e-03  1.08633012e-01 -3.18547085e-02
 -8.87499219e-02  5.31121622e-02 -5.88410759e-02  7.11553304e-03
  5.50594977e-02 -8.64915572e-02 -4.26889074e-02 -9.70992362e-02
  1.09394264e-02  1.43694793e-01 -8.83531500e-02  1.16424431e-01
 -1.40167375e-01 -8.92093516e-02 -2.34679018e-02 -1.21914314e-01
 -1.03327020e-02  8.41057722e-02 -1.34746112e-01  3.08166405e-02
  4.10889737e-02 -3.71626184e-02 -2.95749440e-03 -3.28601833e-03
  4.21354023e-02  6.47071618e-02  4.65443974e-02  2.06031122e-01
  2.72341234e-03 -5.41646008e-02 -5.00454734e-02 -4.82043234e-02
 -2.72785445e-02  7.81927035e-02 -1.11016505e-01 -1.72435924e-01
  1.39559428e-01 -1.53567789e-01 -5.87544287e-02  1.64494103e-01
 -2.26778524e-02 -1.20211687e-02 -7.31410600e-02  7.64462894e-02
  6.52344496e-02 -1.51569481e-03 -6.57083970e-02  8.94580481e-03
  1.02343278e-01 -1.70444899e-03  9.53320435e-02  2.09393058e-01
  1.02519706e-01  1.15661789e-02 -1.95201308e-02  2.37213262e-01
 -3.81647768e-02 -3.35367693e-04 -8.33857083e-02  4.88775702e-02
 -8.83307005e-05 -1.22292376e-01 -3.62119918e-03  3.17622989e-02
 -7.10373372e-02  9.87811265e-02 -7.45975599e-02  5.95344802e-02
 -8.95424565e-02 -4.20106819e-02 -4.05309682e-02  1.18292066e-01
  7.38419874e-03  6.64683860e-03  2.96173938e-02  7.34621863e-02
  3.57741326e-02 -5.54264958e-02 -5.92876184e-02  2.57177417e-02
 -6.72569669e-02 -1.49966595e-01 -4.46212065e-02  1.06679069e-01
  3.45958815e-03 -3.91209733e-03 -1.50730102e-02 -5.18550136e-02
 -1.57709618e-01  3.65963799e-02 -1.42968105e-02  4.32587775e-02
  1.73007894e-02  7.09997492e-02  9.76781847e-02  7.94000368e-02
  7.36907914e-02  3.81038876e-02 -3.98480736e-02 -8.19893540e-02
 -4.91669761e-02 -4.22168016e-02 -9.67457564e-02 -3.52877240e-02
 -8.81898886e-03 -1.32768347e-01  6.59304235e-02 -4.49900120e-02
  1.96601517e-01  5.47165103e-02 -4.55404871e-02 -9.94503625e-02
  7.99587109e-03 -4.95743601e-03  2.02057307e-02 -5.50971725e-02
  4.42600343e-02 -3.38073754e-02 -3.92940814e-02  6.01569689e-02
  1.42627954e-01  2.92105419e-03 -3.98286400e-02 -2.40908932e-02
  3.13247310e-02 -1.61587847e-02  8.52587465e-02 -1.86814549e-02
 -7.61787092e-02  1.19943743e-01  1.14850818e-01 -1.04716056e-01
  3.75573133e-02 -2.11009562e-02 -6.10234786e-02 -2.72988243e-02
  1.74092262e-02  7.94960124e-03  8.76929893e-03 -7.67277296e-02
  7.34643354e-02 -2.64375222e-02  1.31311050e-02 -2.75204445e-02
  1.62184478e-02 -1.74212965e-02  4.44641517e-02  3.30103354e-02
  2.30028790e-02 -1.35740728e-02 -1.43478552e-01  1.28871715e-01
 -1.99472969e-02  9.34310433e-02  1.03600950e-01 -3.51543254e-02
 -9.59103495e-02 -1.41506669e-01 -3.11782820e-02  6.09188093e-02
  3.55894707e-02 -7.60260806e-02 -1.05962677e-01 -1.67819954e-02
 -3.42294562e-02 -1.14224051e-01 -3.68043062e-02  3.39260969e-02
 -5.10535290e-02 -2.44977187e-02  2.62786966e-02 -1.18399252e-01
  5.32584254e-02  8.22146623e-02 -4.23191007e-02  8.70651512e-02
  9.89258059e-03 -1.38013016e-01  2.42664472e-02  3.52471204e-02
  2.98206047e-02  8.45995569e-02  5.71912420e-03 -8.02336410e-02
 -1.24232650e-01 -5.17638947e-02  3.19286373e-03 -5.13834496e-02
  1.89001334e-01 -6.32408214e-02  9.73733285e-02 -2.48135703e-02]


