第1类： ['不是有免费使用的时间吗', '不知道多久可以开通免费', '你们是可以免费用一段时间的吗', '你们给了一个免费试用版一个月的', '你们这个是免费使用的吗', '你们这个是免费的吗', '你们这边可以免费给你制定话术的吗', '你的意思第一次可以免费使用', '免费的能同时多少人参与', '免费获取应用获取应用获取应用获取应用该应用不适用于你的设备', '分钟国内语音通话这个是免费赠送', '可以先免费一个月对吗', '各地拨入是免费的是吗', '因为免费时段快结束了', '我可以免费体验一下吗', '我怎么昨天在一个网站看到有个永久的免费版本啊', '我是个人的如果有异常可以册掉吗是用期是免费吗吗', '我正在现在我们的免费试用版', '我看第一次是免费使用的', '我这端是免费的吗', '是参与的就是永远免费', '有一个免费试用期是吗', '现在这种应用程序不提供免费使用了', '登陆后点哪里进行免费使用呢', '能否发送一个他们可以免费打入的本地好猫', '请问一下免费测试版的最多可以有几个人参与', '请问下免费体验的有效时间是', '请问下我们的免费试用版的可以使用多久', '请问咱这个是免费的吗', '请问语音包智能是国内免费通话吗', '还是他拨进来是免费', '还有我们使用是一直免费的吗', '这个可以免费试用版可以同步加入到他们正式版里面吗', '这个和免费的版本的区别是什么', '这个是怎么个免费法', '这个有免费的可以用吗', '那你们这个是免费使用呢', '那就是不是免费的呗', '那我想请问一下是免费的吗', '那比如说我过了免费期']
语义向量：[ 0.03469494 -0.03047991 -0.01219587 -0.027644    0.11003191  0.02010848
 -0.06897201  0.02832516  0.0201645   0.06455964 -0.02871115  0.05240763
 -0.03814931  0.02793477  0.05623569  0.07783478 -0.02527824  0.0040368
 -0.04899016  0.02600732 -0.034791    0.02416848  0.03097126  0.00764055
 -0.05017819  0.13184365  0.02294361 -0.03407668  0.02566543 -0.09877976
 -0.08061317  0.02991574 -0.08867522  0.02087342 -0.02642489 -0.01542672
 -0.06088318 -0.07459863 -0.08536354 -0.05631863 -0.08560164  0.00725015
 -0.02175683  0.06718073 -0.07928528  0.01680243 -0.04249018  0.03973759
 -0.01582303 -0.00968337 -0.03863592  0.05124763 -0.01824735 -0.00325007
 -0.04938995  0.05742229 -0.10055922 -0.0434836  -0.044702   -0.01229482
  0.05628955  0.0942319   0.02332161 -0.0661454   0.0369602   0.0189691
 -0.05600553 -0.09125253  0.01246614 -0.05849901 -0.0655595   0.07855961
  0.09852326  0.07970778  0.06468886  0.0228094   0.00796576  0.03199712
 -0.03706087 -0.02908186 -0.04294477  0.08104269  0.0376041  -0.00519532
 -0.07681876  0.0476699  -0.08155141 -0.03815964 -0.01739532  0.02393757
 -0.02292548 -0.0437399   0.04361598  0.01200361  0.03320586 -0.00052278
 -0.00383126 -0.00530509  0.00242784  0.02347117 -0.02501143 -0.01767987
  0.00054764  0.02067085 -0.0061926  -0.07964318  0.00531068  0.03139086
  0.03743433  0.01110343 -0.03938933 -0.09009059 -0.02770286  0.08772611
 -0.06025083 -0.02781667 -0.03119258  0.06207212 -0.07274872 -0.01493367
  0.06276814 -0.08900646  0.08962436 -0.01891604 -0.0685046   0.02494844
  0.06076583 -0.00820068  0.03644744  0.07513374  0.06065512  0.0170947
  0.04391648  0.01669329  0.05124345 -0.01413828 -0.05250923 -0.06674306
 -0.0121224  -0.02749614 -0.00322647  0.01032153  0.08250089  0.04580055
  0.06265531 -0.04498929  0.04260033 -0.1284234   0.05204639  0.00422267
 -0.10976614 -0.00025193  0.02240881  0.0461672  -0.01898017 -0.02968038
 -0.06028918 -0.08445029  0.02868351  0.05416907  0.13893948 -0.0174158
  0.03878098  0.08369429 -0.08906994  0.02983323 -0.09626355 -0.01090412
  0.02173408 -0.10518433 -0.00677412  0.0092029   0.04884518  0.01724331
  0.07388441  0.01196634  0.00186411  0.03050464 -0.03967778  0.01589705
  0.10782596  0.06516165  0.04324446  0.00661023 -0.04848018  0.13334
 -0.00660398 -0.01442002 -0.08547656 -0.00528807 -0.02921228 -0.00388089
 -0.02036374  0.00965149 -0.0837515   0.01825569 -0.01241436  0.0572256
  0.08586303 -0.00479399  0.00953592 -0.00653226 -0.04750054  0.00292982
 -0.04003453  0.00986897 -0.04316785 -0.00555914  0.05038761  0.02489435
  0.0026842   0.11132193  0.0215796  -0.00229604  0.0405025  -0.07850185
  0.04079557 -0.01065566 -0.03090787  0.04091375 -0.00949249 -0.0061082
  0.06231437 -0.05111681 -0.04234798 -0.02201432 -0.05697687 -0.02012136
 -0.00154049  0.05992665 -0.00550798  0.02449443 -0.02253917  0.05415542
  0.03316728 -0.08386698 -0.0524847  -0.03380235 -0.03632432  0.0743961
 -0.06676484  0.02254889 -0.12188599 -0.00592431  0.01134086  0.05992754
  0.05659289  0.0270333   0.05015324  0.03627492 -0.07267187 -0.05736983
 -0.05338393 -0.01108979 -0.0034154   0.03293415  0.01257217  0.01556797
  0.01479248  0.00210317  0.0186154   0.00461929  0.07117442 -0.00125576
  0.03126279 -0.07079597 -0.04470215 -0.00772615  0.09788473 -0.05727593
  0.05244282 -0.04531359  0.01160286 -0.00574962  0.03445626 -0.01694377
  0.05211729 -0.02264251  0.07831336  0.00094302 -0.02135926 -0.04608929
 -0.01694044  0.03259892 -0.00600664 -0.0762073   0.01771551  0.02874147
  0.06556033  0.00478486  0.01332446  0.06617481 -0.05067431  0.02577369
  0.03323756 -0.05176771  0.04973412  0.03375639  0.03949291  0.05123866]


第2类： ['一直免费吗', '不是免费的', '免费使用', '免费使用', '免费使用', '免费使用多少时间', '免费使用多长时间', '免费使用的', '免费多久', '免费打电话吗', '免费用多长时间', '免费的么', '免费的吗', '免费的吗', '免费试用期多长', '可不可以免费使用', '可以免费用', '如何免费使用', '就是可以免费', '怎么免费使用', '怎么免费使用', '怎样才能开始免费', '想免费使用', '是免费的', '是免费的', '确定免费使用']
语义向量：[ 1.00604632e-01 -8.45793705e-02 -4.57874801e-02 -6.04661950e-02
  3.05259385e-01  4.78819859e-02 -1.95588425e-01  8.13533549e-02
  4.49796121e-02  1.68290303e-01 -7.32844041e-02  1.07266742e-01
 -8.45737595e-02  7.38452471e-02  1.40233011e-01  2.01371794e-01
 -6.45453739e-02  2.27534095e-02 -1.47394377e-01  7.24489185e-02
 -9.82457053e-02  5.09369815e-02  1.04962650e-01  3.75685971e-02
 -9.81705429e-02  3.35553113e-01  7.10635662e-02 -7.94870292e-02
  7.20509798e-02 -2.61037606e-01 -2.13169574e-01  8.82056760e-02
 -1.93478207e-01  2.42418312e-02 -8.36894078e-02 -3.19118941e-02
 -1.65445257e-01 -1.87175319e-01 -2.46601682e-01 -1.45427318e-01
 -2.09496998e-01  3.71220216e-02 -4.62570193e-02  1.87652046e-01
 -1.97309476e-01  3.66714273e-02 -9.25909908e-02  1.15410176e-01
 -2.89131420e-02 -4.81323882e-02 -1.01300941e-01  1.24392637e-01
 -8.71269037e-02 -5.32395180e-03 -1.22796455e-01  1.58262345e-01
 -2.71860730e-01 -1.01200249e-01 -1.07255258e-01 -1.94715466e-02
  1.43591633e-01  2.35100268e-01  6.91898375e-02 -1.54224874e-01
  1.09770604e-01  4.92814981e-02 -1.51244269e-01 -2.26310791e-01
  2.91728563e-02 -1.44403590e-01 -1.91521906e-01  1.93371078e-01
  2.46261403e-01  2.17561869e-01  1.57128658e-01  6.35018845e-02
  3.64863667e-02  8.15887196e-02 -7.83325256e-02 -5.79151429e-02
 -1.10031378e-01  2.23718234e-01  8.06217580e-02 -1.84987763e-02
 -1.84178568e-01  1.33756609e-01 -2.06249028e-01 -1.11652914e-01
 -4.48584393e-02  6.35706963e-02 -4.47647377e-02 -8.55291377e-02
  1.27645889e-01  4.43950022e-02  1.01373850e-01  8.87832067e-03
 -9.83997148e-03  2.08508684e-02 -3.09469707e-03  4.27939617e-02
 -4.95907785e-02 -3.60494365e-02  8.38972313e-03  3.41991241e-02
 -3.38054019e-02 -2.16406242e-01  2.79052265e-03  8.42126436e-02
  1.06764789e-01  3.22690686e-02 -1.11533226e-01 -2.36408173e-01
 -8.93315118e-02  2.24916513e-01 -1.34631458e-01 -7.04641356e-02
 -8.50760332e-02  1.28205245e-01 -1.57839270e-01 -6.48729205e-02
  1.85436318e-01 -2.00623255e-01  2.28398051e-01 -5.55050438e-02
 -1.88941925e-01  3.76658498e-02  1.64171975e-01 -1.33418402e-02
  8.48436241e-02  1.87403037e-01  1.73226748e-01  4.60151106e-02
  7.71895767e-02  3.10376583e-02  1.26485962e-01 -8.41489285e-02
 -1.47301188e-01 -1.39987225e-01 -2.58987128e-02 -6.33391688e-02
  1.63535418e-02  1.98475050e-02  2.09252198e-01  1.23971148e-01
  1.33135700e-01 -1.10605110e-01  1.01713984e-01 -3.48312912e-01
  1.40901862e-01  1.90171016e-02 -2.77184864e-01 -2.31904428e-02
  6.43706439e-02  1.09659155e-01 -3.49824037e-02 -7.89630963e-02
 -1.79863705e-01 -2.04113780e-01  5.97834993e-02  1.25326756e-01
  3.45900489e-01 -2.85795575e-02  1.10548280e-01  1.71222603e-01
 -2.34280930e-01  9.04428413e-02 -2.34343321e-01 -2.89875220e-02
  3.42026594e-02 -2.48029746e-01 -1.89142536e-02  3.50418019e-02
  1.46430114e-01  2.81015685e-02  2.05352215e-01  2.81154133e-02
 -9.03968998e-03  7.79292985e-02 -1.04243633e-01  2.85647054e-02
  2.66679359e-01  1.71435439e-01  1.08966379e-01  9.06771758e-03
 -1.18798287e-01  3.46857316e-01  8.84673544e-03 -1.93568022e-02
 -2.21236489e-01 -4.94438359e-03 -7.05486694e-02 -1.27239834e-02
 -5.14847225e-02  2.30947945e-02 -2.11478194e-01  6.72827993e-02
 -1.10453459e-02  1.08831317e-01  2.41121428e-01 -1.09879622e-02
  3.43996632e-02 -1.48081707e-02 -1.08249959e-01  2.50264913e-04
 -9.05714350e-02  3.09638092e-02 -1.39032122e-01 -8.43803362e-04
  1.40557799e-01  9.07437575e-02  2.28842475e-02  2.80905786e-01
  6.82903834e-02  2.97679466e-03  8.68752620e-02 -2.03672581e-01
  9.67108954e-02 -5.15314462e-02 -4.90332954e-02  1.08397423e-01
 -2.62978093e-02 -2.25721456e-02  1.42069531e-01 -1.27436121e-01
 -1.19470142e-01 -6.44551554e-02 -1.41471754e-01 -8.29226507e-02
 -2.51192402e-02  1.75339488e-01 -2.26262817e-02  7.70632227e-02
 -7.91601168e-02  1.34092484e-01  7.99554503e-02 -2.18757042e-01
 -1.24035876e-01 -9.47626422e-02 -1.15036402e-01  1.77202695e-01
 -1.85971685e-01  7.71462270e-02 -3.02334749e-01 -2.56862472e-03
  3.57505285e-02  1.71614815e-01  1.47890853e-01  7.46669967e-02
  1.09228228e-01  1.02740394e-01 -1.89893243e-01 -1.41661700e-01
 -1.36052457e-01 -3.96655654e-02 -3.65630461e-02  7.97511272e-02
  3.15356859e-02  6.19736048e-02  6.27548849e-02 -8.12727064e-03
  2.04488796e-02  3.20602516e-03  1.78030110e-01  1.05829892e-02
  9.94813666e-02 -1.71835084e-01 -1.31298569e-01 -2.17403959e-02
  2.43600266e-01 -1.43274381e-01  1.57363372e-01 -1.27185346e-01
  7.91938220e-03 -9.91912043e-03  1.02898450e-01 -6.35317146e-02
  1.44166350e-01 -6.74641559e-02  2.16547134e-01  1.09636849e-02
 -7.63430836e-02 -1.34428552e-01 -3.49625711e-02  7.22119243e-02
 -3.20464687e-02 -1.94630003e-01  2.97908648e-02  9.06996259e-02
  1.44931530e-01  2.06206015e-02  3.84625689e-02  1.84110320e-01
 -1.24534339e-01  7.09424687e-02  1.01439571e-01 -1.32869976e-01
  8.52927932e-02  8.82902431e-02  1.05942807e-01  1.55741326e-01]


第3类： ['你们这边的免费使用', '免费上门处理吗', '免费试用期是一个月', '免费试用期是几天', '免费试用期是多久', '免费试用版可以远程控制嘛', '前期免费是吗', '只看到免费使用', '可以免费使用吗', '可以免费使用吗', '可以免费使用吗', '可以有免费试用版吗', '因为现在用免费的', '天使用都免费', '怎么免费使用呢', '怎么免费适用呀', '我想免费使用下', '我想免费用', '我最好是免费', '是免费使用吗', '是免费的吗', '有没有永久免费的啊', '现在是免费使用吗', '能免费面试一个月', '这个可以先免费试', '这个可以免费使用', '这个是免费的吧', '这是免费使用吗', '这是免费的吗', '这样参与是免费的', '那是免费的吗', '那现在免费的']
语义向量：[ 7.15426652e-02 -5.63955283e-02 -2.50689490e-02 -4.30333647e-02
  1.99928071e-01  2.83325842e-02 -1.22735846e-01  4.83532504e-02
  3.05055130e-02  1.09067896e-01 -5.33203540e-02  7.10278528e-02
 -5.19669793e-02  5.00663332e-02  8.86736530e-02  1.29980465e-01
 -4.06307972e-02  1.11669974e-02 -9.73112474e-02  4.84972530e-02
 -6.13898167e-02  3.31377987e-02  6.45387779e-02  2.11395629e-02
 -6.53428659e-02  2.15265336e-01  5.15888336e-02 -4.75981297e-02
  5.09840589e-02 -1.71326599e-01 -1.36572774e-01  5.42147219e-02
 -1.27517346e-01  1.94485252e-02 -5.51435264e-02 -2.04203510e-02
 -1.10287350e-01 -1.23002826e-01 -1.59752450e-01 -9.25421159e-02
 -1.38368046e-01  2.16821623e-02 -2.84617023e-02  1.20546930e-01
 -1.26444073e-01  2.49576970e-02 -6.36541579e-02  7.66418765e-02
 -1.90924939e-02 -2.73526134e-02 -7.02851573e-02  8.09638449e-02
 -5.36830777e-02  2.66620700e-05 -8.38216980e-02  9.61181369e-02
 -1.81155128e-01 -6.31579310e-02 -6.81666040e-02 -1.08819252e-02
  8.97517937e-02  1.51426547e-01  4.83424978e-02 -9.41583382e-02
  6.88643397e-02  3.25291856e-02 -9.96696298e-02 -1.48262689e-01
  2.00090933e-02 -9.41758308e-02 -1.22449362e-01  1.16107767e-01
  1.63360073e-01  1.43740785e-01  9.76274735e-02  4.36782423e-02
  2.03963276e-02  5.22667468e-02 -5.06838317e-02 -4.10582713e-02
 -7.62859113e-02  1.45381078e-01  5.28915654e-02 -1.33466556e-02
 -1.18201857e-01  8.60188633e-02 -1.33935277e-01 -7.64252078e-02
 -2.87166876e-02  4.18682267e-02 -2.47427829e-02 -5.88651282e-02
  8.56539088e-02  2.71235643e-02  5.67058397e-02  4.93149908e-03
 -2.89283710e-03  8.87904251e-03  2.29126639e-03  3.05603226e-02
 -3.51046243e-02 -2.59011659e-02  5.45880769e-03  2.02835522e-02
 -2.21901257e-02 -1.42298057e-01  1.81543725e-03  5.36630185e-02
  6.66640949e-02  2.19698918e-02 -7.66928585e-02 -1.49700937e-01
 -6.03770216e-02  1.43593078e-01 -8.79862168e-02 -4.23510873e-02
 -5.16435740e-02  8.77085452e-02 -1.04732596e-01 -3.84880214e-02
  1.19568293e-01 -1.34541988e-01  1.42352437e-01 -3.57026898e-02
 -1.21311093e-01  2.57381120e-02  1.04023054e-01 -1.20551768e-02
  6.02955465e-02  1.20854971e-01  1.08338802e-01  3.07136759e-02
  4.94902222e-02  2.11629557e-02  8.10872249e-02 -5.32887547e-02
 -9.61852545e-02 -9.61362885e-02 -1.50440327e-02 -4.07171120e-02
  1.08403408e-02  1.41118241e-02  1.37117899e-01  7.90248478e-02
  8.69052124e-02 -7.10325633e-02  6.63300272e-02 -2.24140157e-01
  9.05771612e-02  1.21245648e-02 -1.82567806e-01 -1.24395241e-02
  4.48100744e-02  7.64545382e-02 -2.75230149e-02 -5.66707943e-02
 -1.16630581e-01 -1.32604959e-01  4.53279755e-02  7.95194868e-02
  2.22720521e-01 -1.60115571e-02  6.87912444e-02  1.09499800e-01
 -1.52644138e-01  5.47621194e-02 -1.45343259e-01 -2.10613198e-02
  2.32289233e-02 -1.65917350e-01 -1.55792289e-02  2.33420336e-02
  9.44891056e-02  2.06179026e-02  1.30198466e-01  1.85762858e-02
 -3.29581663e-03  5.09081916e-02 -6.64501506e-02  1.98377985e-02
  1.69965634e-01  1.06971253e-01  7.29926343e-02  5.96146808e-03
 -7.87057253e-02  2.23870782e-01  1.00923916e-03 -1.28695180e-02
 -1.46020681e-01 -7.08074683e-03 -4.51604638e-02 -6.17295044e-03
 -3.25610536e-02  1.50733127e-02 -1.43102463e-01  4.06312821e-02
 -4.44767285e-03  7.74669958e-02  1.58775897e-01 -7.43836813e-03
  2.76103870e-02 -7.49094915e-03 -7.35278522e-02  3.27686326e-03
 -5.52108075e-02  2.08549184e-02 -9.10931369e-02 -3.64870146e-03
  9.12515944e-02  5.51399238e-02  9.60016827e-03  1.86794542e-01
  4.42760537e-02  1.21092793e-03  6.22104112e-02 -1.32448607e-01
  6.44058957e-02 -3.04165354e-02 -3.65526511e-02  7.27461434e-02
 -2.35522591e-02 -1.69761755e-02  9.29537287e-02 -8.49840350e-02
 -8.00418201e-02 -4.26759219e-02 -9.62854594e-02 -5.31008110e-02
 -1.97714173e-02  1.10520044e-01 -1.20414202e-02  5.11162381e-02
 -5.13876335e-02  8.39522153e-02  5.16967683e-02 -1.45583767e-01
 -8.13653173e-02 -5.80797270e-02 -6.98573525e-02  1.16649877e-01
 -1.22383414e-01  5.15116852e-02 -1.98988087e-01 -2.47754162e-03
  2.43357141e-02  1.11747667e-01  9.80009804e-02  4.84576438e-02
  7.38250124e-02  6.63564926e-02 -1.21216557e-01 -8.94042833e-02
 -8.78411368e-02 -2.57357411e-02 -2.31985553e-02  5.35791723e-02
  1.79190089e-02  3.80559655e-02  4.50891635e-02 -2.01923533e-03
  1.19292096e-02  7.01889487e-03  1.19354643e-01  7.28328497e-03
  6.74989069e-02 -1.14530801e-01 -8.31172402e-02 -1.82583527e-02
  1.53782461e-01 -9.50169142e-02  1.00087094e-01 -8.12557883e-02
  8.15015247e-03 -4.36641209e-03  6.50327360e-02 -3.69210372e-02
  9.39527467e-02 -4.36074998e-02  1.35561367e-01  2.19460878e-03
 -5.33743712e-02 -8.43944958e-02 -2.37936130e-02  4.78044589e-02
 -1.83926935e-02 -1.25951008e-01  2.39424655e-02  5.82823574e-02
  9.21639104e-02  1.79326649e-02  2.25361662e-02  1.17984474e-01
 -8.24071346e-02  4.55798101e-02  6.25486175e-02 -8.61101518e-02
  6.12426850e-02  5.58047940e-02  6.89036826e-02  1.02157879e-01]


第4类： ['免费安装吗', '可以免费上门安装', '客户端免费的吧', '设备免费安装吗']
语义向量：[ 4.06412780e-02 -1.70268286e-01 -1.20466390e-01 -6.95053022e-02
  2.54849024e-01  1.77249350e-01 -1.53133500e-01  1.60411645e-01
  3.76341473e-02  2.95942321e-01 -1.22995017e-02  2.12892193e-01
 -1.58558737e-01  1.80024449e-01  3.23062263e-01  2.53008831e-01
 -7.50091989e-02 -8.10195492e-02 -4.13464382e-03 -9.54099335e-02
 -2.14338355e-01  9.55984946e-02  1.01524936e-02  5.19866347e-02
 -2.79835027e-01  3.62376511e-01  1.23477178e-02 -1.07890193e-01
 -6.11603539e-03 -2.40693633e-01 -1.78874655e-01 -2.73867015e-02
 -2.25771490e-01  1.19630303e-01 -9.95586012e-02 -1.17577288e-01
 -1.78637620e-01 -3.14664856e-01 -2.08524622e-01 -1.19042713e-01
 -2.31989093e-01 -5.08892233e-02 -2.02976838e-01  1.68970630e-01
 -2.24161118e-01  8.17864537e-02 -1.10591771e-01  4.79854643e-02
  4.67262901e-02  1.78874314e-01 -8.69124783e-02  2.28104785e-01
  9.24841315e-02 -6.50466012e-02 -1.73178267e-01  1.98998164e-01
 -1.89646155e-01 -1.42151937e-01 -2.80621182e-01 -1.47131560e-02
  1.72614381e-01  1.90131254e-01 -1.35891640e-01 -2.64518358e-01
  4.27720100e-02  5.51963178e-02 -9.80324922e-02 -3.09123762e-01
  6.04729285e-02 -1.90833753e-01 -1.48387987e-01  4.14809339e-01
  2.00264852e-01  3.13164234e-01  2.05605507e-01 -8.25062478e-02
 -1.58346656e-02  1.30531851e-01 -1.22542905e-01 -2.22898759e-01
 -8.45507123e-02  1.69828318e-01  2.44985871e-01  3.20831966e-02
 -3.47095627e-01  1.04391636e-01 -2.40636762e-01 -1.22229150e-03
  3.84288467e-03  1.20673619e-01  6.67235628e-02 -1.47317779e-01
  4.28470997e-02 -1.44686443e-02  7.03556808e-02 -9.34505514e-02
 -5.04704714e-02 -4.35927869e-02 -9.41166272e-02  8.12876686e-02
 -1.29991630e-02 -1.03539574e-01 -9.61391930e-03  2.91217301e-01
  1.05446982e-02 -2.28217717e-01 -4.46882299e-02  1.72900255e-01
  1.74924172e-01  2.17947108e-02 -7.61668547e-04 -2.75732722e-01
 -6.32299054e-02  1.76578172e-01 -3.27148780e-01  5.46279680e-02
 -9.10932068e-02  1.98107187e-01 -3.03227462e-01 -5.23419869e-02
  2.17715351e-01 -3.48970883e-01  1.01575105e-01  1.01619771e-01
 -5.52994385e-02  6.93977033e-02  1.75058905e-01  5.61891375e-02
  9.06444946e-02  3.29206713e-01  1.45720229e-01 -2.94718775e-04
  2.40821879e-01 -1.13391760e-03  1.93483263e-01  2.08010804e-01
 -5.06712385e-02 -2.18163650e-01 -6.30699042e-02 -1.48511992e-01
 -1.15067805e-01  2.30314303e-02  3.69536117e-01  1.37807472e-01
  2.84957226e-01 -1.17303230e-01 -4.17680177e-03 -2.24170581e-01
  4.49992944e-02  4.81777140e-02 -2.58308813e-01  1.04784569e-01
 -2.89778924e-02  1.80135068e-01  7.57230306e-02  4.15695840e-02
 -1.36945568e-01 -3.23929064e-01  9.29028392e-02  2.31994633e-01
  3.65467735e-01 -1.71720665e-01  2.64438562e-01  2.95573544e-01
 -3.15836739e-01  1.78354036e-01 -3.75051998e-01 -2.87052321e-02
  1.17415514e-01 -3.27125281e-01 -2.18663295e-02 -7.60852895e-02
  1.22317219e-01 -2.49552913e-02  2.21833102e-01 -8.82838201e-02
 -3.90672222e-03  9.34835933e-02  2.06427285e-02  1.97415244e-01
  3.23666822e-01  1.57018092e-01  8.06475608e-02  2.14215168e-02
 -2.33118564e-01  3.88212226e-01 -4.50663429e-02 -2.98492042e-02
 -1.11424236e-01  1.16059491e-01 -9.54458509e-02  5.24944742e-03
 -1.32835738e-01 -6.32815063e-05 -4.16780189e-01  2.38020979e-02
  6.37466647e-03  2.42124237e-01  1.35624837e-01 -2.19962505e-02
 -1.52771750e-01 -1.82687629e-01 -1.68137681e-01 -7.55056315e-02
 -2.41151161e-01  1.18255662e-02 -4.91560502e-02  1.13131357e-01
  2.04964221e-01 -4.60780589e-02  9.47301071e-02  2.69374199e-01
  9.74895740e-02  3.29020126e-02  1.57532329e-01 -2.15627957e-01
  8.46631927e-02 -3.68697327e-02 -1.95937883e-01  1.08264805e-01
  7.15459827e-02 -3.24052111e-02  1.81862257e-01 -1.51840234e-01
 -1.99130387e-02  2.37300377e-02 -1.50159396e-01 -3.70154278e-02
 -8.11169622e-04  1.23630730e-01  1.37040935e-02  2.93508368e-02
  2.65424014e-02  2.42450960e-01  1.03992433e-01 -2.52743185e-01
 -2.02857614e-01 -6.03794297e-02 -1.04389854e-01  3.37803856e-01
 -9.71498638e-02  1.68165127e-02 -3.15698795e-01 -4.34895069e-02
 -4.83852476e-02  3.45002171e-02  1.94906753e-01  1.17947627e-03
  9.56098251e-02  1.00205379e-01 -1.72759585e-01 -8.17542933e-02
 -1.56450372e-01  4.43885056e-02  3.12138302e-02  1.44545576e-02
  2.17676555e-02  6.10421291e-02  6.41755154e-03 -6.02979446e-04
  1.39872801e-01 -1.80870036e-01  1.18678778e-01 -9.95399775e-02
  7.09698144e-02 -1.54370043e-01 -1.94495238e-01  1.23996012e-01
  3.21264863e-01 -9.40284654e-02  1.07055271e-01  3.04405449e-03
  1.64060721e-01  4.70171766e-02 -2.40941432e-02 -4.37730290e-02
  1.91601679e-01  1.37339732e-01  2.25836463e-01  5.82892690e-02
  3.21004167e-02 -1.78565837e-01 -1.49159888e-01  5.09953991e-02
  1.05130715e-01 -2.44954411e-01  8.14204565e-02 -1.01200687e-02
  3.75527509e-01  3.78742809e-02 -5.57193123e-02  2.99576383e-01
 -1.05021663e-01  2.19893921e-03 -1.71336627e-02 -1.13676851e-01
  2.31202621e-01  1.23119151e-01  4.92354776e-02 -1.36474804e-02]


