第1类： ['你们的功能', '功能上呢', '功能都一样', '包含哪些功能', '外呼的功能', '大概的功能和价格', '如果只要在线开会的功能', '我关注远程技术支持功能', '有什么功能', '有哪些功能', '有语音功能啊', '的功能和', '的简单功能', '还有功能', '这个功能好像', '这些功能']
语义向量：[ 0.09226628 -0.00501213 -0.00234116  0.03387814 -0.12566449  0.04493912
 -0.02982772 -0.06618359 -0.02402452 -0.18032814 -0.02454051  0.0192471
 -0.04360914  0.04463194  0.07995127 -0.12322618 -0.03326964 -0.13450762
 -0.02893569 -0.10596718 -0.07811353  0.1585083  -0.17698759  0.02456086
 -0.23989486  0.04482326 -0.08279657 -0.14654122  0.10069466  0.00884989
 -0.23643123 -0.06349829 -0.19507114 -0.20589673 -0.13855066 -0.04488017
  0.01691678 -0.18386366  0.2268431  -0.11818339 -0.21881045  0.01305045
 -0.02647229  0.16738618 -0.0747382  -0.01926011 -0.15708886 -0.1416473
  0.02215921  0.10960697 -0.19538162  0.24950206  0.1091137   0.05239406
 -0.17386252  0.06450396  0.17613426 -0.08438249 -0.10252516 -0.11446183
  0.0571301   0.11875601 -0.07420503 -0.20713679 -0.15987986 -0.18040852
  0.0449126  -0.15843826 -0.01918586 -0.21506129  0.02425511  0.03442673
 -0.00848193  0.03409608  0.04505448 -0.2067813  -0.10759014  0.19699759
  0.02317743 -0.04883542 -0.23291676  0.12469285  0.20394756 -0.0838776
 -0.03482319  0.00275131  0.05728108  0.08264103 -0.09545627  0.0258235
  0.02311111 -0.08886099  0.04211843 -0.09205236 -0.01411591 -0.16214199
  0.16751692  0.00561096 -0.0382046   0.09004197  0.07010076 -0.06599002
 -0.01417468  0.17780478  0.06776189  0.01120163 -0.06573346  0.14148112
  0.01426962 -0.03326459 -0.15786113 -0.06108993  0.03460541  0.10576304
  0.02109877 -0.07397108  0.03868613  0.15944294 -0.1699053   0.04650826
  0.00257459 -0.18472527 -0.16119032 -0.12683809  0.14307158  0.16830269
 -0.10756779  0.08018616  0.0671548   0.19652339 -0.00630958 -0.10187385
  0.26568234  0.18284617  0.08136465  0.29202381 -0.01254634 -0.37419408
 -0.16526957 -0.02170224 -0.08406678  0.01869671  0.23061429  0.0060674
  0.23233276 -0.12352955 -0.2211541   0.2485188   0.11716835  0.05063318
  0.01011778  0.09900498 -0.11174572 -0.0744125  -0.02166811  0.06882212
 -0.03133102 -0.1183382   0.18015677  0.13215549  0.22290818  0.00048621
  0.11053545  0.32309488 -0.08457203  0.04747808 -0.12765839 -0.10370817
 -0.00401983 -0.11058737 -0.10331964 -0.13281051 -0.05962335  0.15263875
  0.1268833  -0.05029493 -0.11181526  0.21975112  0.10438242  0.10266624
  0.12220153  0.01414793  0.12152346 -0.04586324 -0.04293333  0.0836989
 -0.14238553 -0.12887801 -0.13309353  0.09650841 -0.04180076  0.09258252
  0.02281596 -0.00812503 -0.13854651 -0.17373019 -0.10461164  0.1209182
 -0.08778926  0.00452644 -0.26092815 -0.03384946  0.07177643  0.10919699
 -0.05063331 -0.12305203  0.07251898  0.07664737  0.117935    0.06701004
  0.00454001  0.02562203 -0.05096039 -0.05612571  0.2092848  -0.15957104
 -0.00630481 -0.0787983  -0.06422148  0.10914759 -0.03575785  0.05924391
  0.22396189 -0.0338776  -0.17843864  0.18630246  0.11699148 -0.08357137
 -0.02321544 -0.07477159 -0.10737489 -0.14527194 -0.0852533   0.10664683
  0.076977   -0.06867982 -0.18372282 -0.10879928 -0.00725407  0.30180777
  0.12694955 -0.13668704 -0.056138    0.02922182  0.14646073 -0.1312828
  0.0184881   0.03063056  0.1762901  -0.07370789  0.00095571 -0.13627995
 -0.11804466  0.01202171 -0.04767694  0.09540439 -0.09789417 -0.13522368
 -0.16683624  0.0796697   0.10250432 -0.04036327  0.07247639 -0.1898749
 -0.00529291 -0.05066736  0.01889156  0.03199405  0.00210844 -0.04464273
 -0.03806559 -0.00180869  0.06113716 -0.02349711 -0.01493084  0.0310369
  0.19048203  0.00500762  0.08272876 -0.07234523 -0.14182523 -0.07868886
 -0.10233996  0.08296923  0.0883141  -0.07414704  0.10158842 -0.15073961
 -0.01581709  0.13159792 -0.00934415  0.10354606 -0.03767961 -0.03805713
  0.02762922 -0.04608273  0.17318441 -0.17515948 -0.03440968 -0.03825314]


第2类： ['不是我说的里面的额外的一些功能是否要额外收费', '不是说明文档里的那些功能页面', '主要是想用一下你们的共享功能', '他们用的什么功能呢', '但是发现没办法使用白板功能', '但是有些功能不知道你们能不能做', '你不能先告知我你们的一些功能应用吗', '你们付费版和免费版的功能有什么区别', '你们全部禁音的功能在哪里啊', '你们有什么比较突出的功能吗', '你们这个网络电话有没有自动追呼功能', '你们那个限制会限制什么功能', '你这个是有什么功能', '你这边能提供什么功能', '供共享桌面的功能吗', '像电子白板之类的功能等', '像直播的话有屏蔽敏感词或者屏蔽评论的功能吗', '先发个详细的功能资料我看一下', '共享屏幕指的是什么功能呢', '其他功能都是一样的', '其他的公司也有这个功能', '功能上有什么限制之类的', '功能和正式版有差别吗', '只要有最基础的功能就可以了', '可给发给我一个详细的功能介绍文件吗', '咱们有智能外呼的功能么', '大概的功能我是知道的', '就是在评估功能与使用状况', '就是有录屏功能的那个', '就是没有后台审核这个功能是吧', '就看功能是不是能满足了', '平台有哪些功能可以使用', '想了解下在线客服有哪些功能', '意思有线路功能的是不', '感觉功能基本都能用呀', '我先了解一下你们详细功能再说', '我先看一下具体功能', '我刚才说的其他功能要求呢', '我功能都还没有文', '我只需要有播放功能就行', '我只需要这一个功能就可以', '我就想看看里面的界面和功能', '我想了解下你们的功能', '我想先了解功能和使用', '我想看看你们直播的功能能不能跟我现在的业务对接', '我想知道你们都有些什么功能', '我想试试录屏的功能', '我想进一步了解他们之间的功能', '我是想要知道你们功能', '我是要看你们都有哪些功能', '我是说你们接口方面的功能', '我是说功能之类的', '我现在主要先了解一下这边的功能对不对口', '我这边主要是想了解直播的功能的', '我需要一个这样的功能', '我需要禁用文件传输功能呢', '是要付费会员才有这个功能曲', '最好是两种功能可以随时切换的', '有专门的分享文件的功能区域提示是么', '有使用的功能说明吗', '没有找到转换的功能啊', '然后想了解下现在你们功能有没有更新了', '用右上角的转座席功能', '目前我还不知道能有哪些功能可以使用', '能发我你们的功能列表吗', '能把你们的功能简单给我说下吗', '能给我个功能介绍和参数对照的材料吗', '详细功能有没有使用说明书之类的', '请问一下你们这个功能是怎么用的', '请问你这个有这功能么', '请问怎么使用屏幕分享功能', '请问有功能列表类的文档吗', '贵公司的外呼有这些功能吗', '还是必须付费才有这个功能', '还是每个价位有不一样的功能配置', '还有这些功能只需在线付费就能开通', '这个功能是有集成在里面吗', '这个功能有什么不同吗跟其他一些可以聊天工具的', '这个可以用呼死你功能不', '这项功能需要额外付费么', '那如果没有功能上的限制的话', '那我先把你们的功能了解下', '那所有功能都有么', '那还有什么其他的功能', '都有这些功能是吧']
语义向量：[ 0.03591533 -0.00322737 -0.0011485   0.01608132 -0.05053137  0.01868052
 -0.01400659 -0.02295521 -0.00983734 -0.07521297 -0.00846403  0.00189183
 -0.01602635  0.01700904  0.03198949 -0.05320681 -0.01025548 -0.05222666
 -0.01177741 -0.04226837 -0.03073074  0.06191557 -0.0681028   0.01078374
 -0.09122562  0.01328839 -0.03095235 -0.05480043  0.03979148  0.00544318
 -0.09436231 -0.02088326 -0.07076276 -0.08609484 -0.0568897  -0.01571684
  0.00532693 -0.06855117  0.09146396 -0.04688169 -0.08492052  0.01024205
 -0.00716085  0.06585994 -0.02498219 -0.00863365 -0.06118011 -0.05899226
  0.01163912  0.04277027 -0.0802306   0.09889182  0.03954202  0.02134775
 -0.06539528  0.02616604  0.06930157 -0.03407476 -0.03869401 -0.04362179
  0.02037353  0.04456669 -0.02647912 -0.07902684 -0.06369785 -0.07250771
  0.0188263  -0.05923244 -0.00745665 -0.07980526  0.00765223  0.01178678
 -0.00785521  0.01404769  0.01319016 -0.084005   -0.04144352  0.07637163
  0.01346702 -0.01860399 -0.09354642  0.05013618  0.07828499 -0.03514542
 -0.00806014  0.00091851  0.0247914   0.02854053 -0.03634044  0.01143701
  0.01088067 -0.02963719  0.01853829 -0.03174174 -0.00550693 -0.06461064
  0.07095442  0.00743497 -0.01534002  0.03724301  0.02929293 -0.02625913
 -0.00390621  0.07040239  0.02466141  0.00173638 -0.02470143  0.05272827
  0.00468748 -0.0098514  -0.06533443 -0.02402568  0.00976615  0.03988645
  0.01279106 -0.03401564  0.01588969  0.06058819 -0.06064088  0.01666336
  0.00040971 -0.06909002 -0.06750509 -0.05244654  0.05493828  0.06779737
 -0.04568605  0.03497763  0.02300508  0.07592049 -0.0023393  -0.04266547
  0.09967472  0.07413946  0.03053506  0.11349468 -0.00510892 -0.14210888
 -0.06573365 -0.00878475 -0.03115075  0.00795627  0.09082032  0.00317317
  0.08965314 -0.04827163 -0.0917814   0.09959058  0.04724452  0.0220017
  0.00607414  0.03707454 -0.04253922 -0.03041465 -0.00558423  0.02415376
 -0.01313498 -0.0398491   0.07029823  0.05151949  0.08302574  0.00234267
  0.04629822  0.12056753 -0.03272569  0.01838161 -0.04473439 -0.04378399
 -0.00649895 -0.03813918 -0.03901836 -0.04911925 -0.02150388  0.05878152
  0.04910048 -0.01700458 -0.04949548  0.08708155  0.03862143  0.04099366
  0.04720257  0.00551398  0.04817773 -0.01756221 -0.01691771  0.03116585
 -0.05071534 -0.04707406 -0.05381846  0.04339504 -0.01552092  0.03710515
  0.0074293  -0.00386399 -0.0502309  -0.06813751 -0.0396249   0.0415759
 -0.02893241  0.00584567 -0.10460176 -0.00964183  0.03069954  0.04528329
 -0.01847698 -0.04987434  0.02760212  0.03231322  0.04641019  0.02787293
  0.00139746  0.00720101 -0.02270023 -0.02381056  0.07966632 -0.06379831
 -0.00446111 -0.03495154 -0.01587869  0.04154335 -0.01373105  0.0223499
  0.08903696 -0.01355433 -0.07571265  0.0717232   0.04792745 -0.03758968
 -0.01057107 -0.02520905 -0.04330568 -0.05867085 -0.0370479   0.04096836
  0.02934475 -0.02536305 -0.07116899 -0.04215318 -0.00549378  0.11595526
  0.05216636 -0.05182307 -0.02016934  0.01583363  0.05855224 -0.05156706
  0.00336494  0.01658323  0.06632829 -0.02994454  0.00341338 -0.05430983
 -0.04725531  0.00602231 -0.02418491  0.03921271 -0.0386828  -0.0508676
 -0.06563251  0.03404188  0.03571194 -0.01567108  0.02698272 -0.07183499
 -0.00208515 -0.0187649   0.00417372  0.0146234   0.00044165 -0.01320109
 -0.01250908 -0.00063663  0.02463116 -0.00400498 -0.00431891  0.0076541
  0.07909154  0.00505937  0.03477379 -0.03106842 -0.05964442 -0.03275814
 -0.04237324  0.03340367  0.03412984 -0.02610817  0.0371915  -0.05433004
 -0.01083143  0.05286625 -0.00209869  0.03961015 -0.01525618 -0.01356888
  0.01081011 -0.01633539  0.0660125  -0.07273426 -0.01448247 -0.01405045]


第3类： ['两个功能都需要', '中包括哪些功能', '主要做个一个功能', '互动功能可以关闭', '会有提醒的功能', '但是我们还有其他功能', '但是需要用到这个功能', '你们功能是固定的', '你们有些什么功能', '你们有语音合成的功能么', '你们的有什么功能', '你们直播平台都有什么功能', '你们都有哪些功能', '你们额功能是哪些', '使用和功能上', '使用和功能是哪个', '免费版有哪些功能呢', '免费版能够满足哪些功能', '共享画板等功能', '具体有哪些功能', '功能上有限制吗', '功能主要从我们', '功能就是三方面可能', '功能有版本区分吗', '功能要求上是', '可以先买基础功能', '同时可以在线发起投票功能', '同时展示文件同时开会的功能', '大概价位和功能点', '天客云有什么功能', '如果都有这些功能', '就是一些基本的功能', '就是有没有这个功能呢', '就是直接废掉文件传输功能', '就是需要这个功能', '带互动功能吗', '当前主要是功能', '我想了解一下功能', '我想先了解一下价格与功能', '我想先看功能', '我想知道你们的设备有什么功能', '我没有找到这个功能', '我需要这些功能', '是不是还有扩展功能', '是否有功能详解', '是否有安排客户提醒拨打功能', '有什么功能限制吗', '有机器人功能没', '有没有详细的功能说明书', '有白板功能吗', '有监控的功能吗', '有自动弹窗功能', '有这个功能吗', '白板功能是什么', '白板功能是怎么回事', '签到这种功能有吗', '能提供什么功能', '要有双流功能', '要有双流功能', '要演示功能的', '语音外呼功能可以使用吗', '请问有这个功能吗', '还有自动移动功能吗', '这个是你们的功能', '这个有哪些功能呢', '这些功能你们有吗', '这些功能我都要', '这些功能有吗', '这些功能直播平台都有', '那个纯语音外拨的功能', '那你们提供的是什么样的功能服务', '那你们这个是有直播功能的么', '那其他的功能呢', '都有些什么功能', '都有什么功能', '都有什么功能', '都有什么功能', '都有什么功能啊', '都有写什么功能', '都有哪些功能', '都有哪些功能', '除了在线教学还有什么功能呢']
语义向量：[ 5.77392503e-02 -4.34771536e-03 -7.35151835e-04  2.33069704e-02
 -7.97028235e-02  3.11895967e-02 -1.91657804e-02 -3.81173976e-02
 -1.48156013e-02 -1.17485491e-01 -1.61503470e-02  8.35388279e-03
 -2.54301791e-02  2.92904020e-02  5.35279674e-02 -8.34745501e-02
 -1.90853807e-02 -8.56187282e-02 -1.95773542e-02 -6.90861353e-02
 -4.88326785e-02  1.00911913e-01 -1.14151859e-01  1.41552242e-02
 -1.52425286e-01  2.48854522e-02 -4.95432650e-02 -9.02734146e-02
  6.31404358e-02  7.50216316e-03 -1.50554447e-01 -4.07344353e-02
 -1.17646901e-01 -1.33583532e-01 -8.83453918e-02 -2.67411597e-02
  1.19340720e-02 -1.12865056e-01  1.43789393e-01 -7.51466119e-02
 -1.38508505e-01  1.10327489e-02 -1.58293067e-02  1.05138292e-01
 -4.35404145e-02 -1.22743109e-02 -9.88009396e-02 -9.13811578e-02
  1.98509643e-02  7.07152494e-02 -1.29715064e-01  1.59975311e-01
  6.69149639e-02  3.43536622e-02 -1.11228375e-01  4.19839294e-02
  1.12006354e-01 -5.59591202e-02 -6.64225179e-02 -7.08717795e-02
  3.31710918e-02  7.18946326e-02 -4.67569995e-02 -1.31608006e-01
 -1.04137687e-01 -1.15321352e-01  2.91222938e-02 -9.65205270e-02
 -1.09922263e-02 -1.33601562e-01  1.32808065e-02  1.85621992e-02
 -9.51049861e-03  2.36754807e-02  2.66157368e-02 -1.33892560e-01
 -6.89408437e-02  1.22789772e-01  1.93862614e-02 -3.19251674e-02
 -1.50874380e-01  8.04551362e-02  1.29248332e-01 -5.64776292e-02
 -1.63309193e-02  1.59978451e-04  3.88763007e-02  4.71869949e-02
 -5.86926472e-02  1.94400966e-02  1.76815282e-02 -5.27129616e-02
  3.04708784e-02 -5.65958616e-02 -1.03246677e-02 -1.05227700e-01
  1.11051561e-01  6.14224813e-03 -2.36357416e-02  5.81929816e-02
  4.42860245e-02 -4.52067098e-02 -7.74864480e-03  1.15643271e-01
  4.09370457e-02  4.13702173e-03 -4.27073402e-02  9.05989763e-02
  9.06075743e-03 -1.85593572e-02 -1.02616523e-01 -3.73112659e-02
  1.96598131e-02  6.65550070e-02  1.48495346e-02 -4.92405128e-02
  2.35377463e-02  9.97967422e-02 -1.02826037e-01  2.97729992e-02
  1.27513001e-03 -1.14618891e-01 -1.08136053e-01 -8.05028797e-02
  9.04474360e-02  1.11145088e-01 -6.89560555e-02  5.46055550e-02
  4.05379442e-02  1.22601803e-01 -6.57017267e-03 -6.87498198e-02
  1.66396338e-01  1.17057228e-01  5.06168838e-02  1.87384694e-01
 -6.41514532e-03 -2.33372804e-01 -1.05418293e-01 -1.19411644e-02
 -5.10662836e-02  1.21159774e-02  1.49907523e-01  5.42715333e-03
  1.43424102e-01 -7.76625867e-02 -1.44772142e-01  1.61757877e-01
  7.59411553e-02  3.55766471e-02  1.03705138e-02  6.20989524e-02
 -6.89693652e-02 -4.85445989e-02 -1.24195870e-02  4.04498303e-02
 -2.11873259e-02 -7.03302995e-02  1.15341247e-01  8.32003643e-02
  1.36600993e-01  1.42920510e-03  7.23113038e-02  1.98929709e-01
 -5.44140067e-02  3.04990011e-02 -7.46411781e-02 -6.87703851e-02
 -4.39060912e-03 -6.60213191e-02 -6.43144852e-02 -8.29881623e-02
 -3.33561085e-02  9.39121987e-02  7.77573634e-02 -3.06816556e-02
 -7.51015618e-02  1.42287052e-01  6.47592419e-02  6.48281127e-02
  7.71978993e-02  8.74425197e-03  7.79022314e-02 -3.07237245e-02
 -2.96829013e-02  5.49371619e-02 -8.88897362e-02 -7.73622816e-02
 -8.83625287e-02  6.95694081e-02 -2.64386751e-02  6.20690673e-02
  1.20464462e-02 -4.20624893e-03 -8.50634753e-02 -1.12010706e-01
 -6.28170874e-02  7.34815977e-02 -4.98184524e-02  6.75797174e-03
 -1.69912215e-01 -1.71931302e-02  4.63056485e-02  7.06603485e-02
 -3.25252108e-02 -8.16588853e-02  4.79617138e-02  4.72973573e-02
  7.68165527e-02  4.35221508e-02  1.24899195e-03  1.59551947e-02
 -3.58069692e-02 -3.77809066e-02  1.33367306e-01 -1.01915578e-01
 -6.82932730e-03 -5.33632852e-02 -3.48156219e-02  7.09835678e-02
 -2.48779535e-02  3.55336078e-02  1.43282724e-01 -2.30490801e-02
 -1.19252499e-01  1.17384628e-01  7.48045979e-02 -5.94384733e-02
 -1.58280238e-02 -4.52135461e-02 -6.87438041e-02 -9.34190857e-02
 -5.89787670e-02  6.68547095e-02  4.71202546e-02 -4.19848241e-02
 -1.16756410e-01 -6.74296007e-02 -5.80912593e-03  1.91486117e-01
  8.36017017e-02 -8.57236355e-02 -3.44559432e-02  2.12763185e-02
  9.44821556e-02 -8.66725781e-02  8.79098888e-03  2.40295835e-02
  1.09238952e-01 -4.72363178e-02  4.36859334e-03 -8.57668273e-02
 -7.53100427e-02  9.63243364e-03 -3.52939808e-02  6.31925566e-02
 -6.15740801e-02 -8.59429778e-02 -1.05796969e-01  5.29830628e-02
  6.26447063e-02 -2.69329994e-02  4.47456455e-02 -1.19832096e-01
 -1.85191609e-03 -3.08004785e-02  1.01747525e-02  2.33511793e-02
  2.41480286e-03 -2.37918769e-02 -2.13508878e-02  3.83109476e-04
  4.10372979e-02 -9.54237517e-03 -8.11195236e-03  1.77795581e-02
  1.25623477e-01  6.44294479e-03  5.35561785e-02 -4.71420932e-02
 -9.27173015e-02 -5.20528966e-02 -6.60530636e-02  5.20111788e-02
  5.71948346e-02 -4.34095595e-02  6.37275422e-02 -9.40378753e-02
 -1.17983458e-02  8.64078137e-02 -6.30701579e-03  6.74043921e-02
 -2.35376054e-02 -2.22524743e-02  1.68666510e-02 -2.77617710e-02
  1.09841737e-01 -1.14001407e-01 -2.44126934e-02 -2.39873830e-02]


第4类： ['可以实现哪些功能', '就算全部功能实现', '能够实现什么功能', '能实现什么功能']
语义向量：[ 1.34088829e-01 -6.88855574e-02 -6.00544401e-02 -6.81898743e-02
 -2.28164017e-01  5.55953160e-02 -1.04616404e-01 -5.45064546e-02
 -3.71286646e-02 -2.37995327e-01 -4.23250049e-02  7.39391446e-02
 -4.62782346e-02  7.75842816e-02  1.09211713e-01 -9.82508957e-02
 -6.07315339e-02 -1.95365578e-01 -6.26483839e-03 -1.93342835e-01
 -1.26203120e-01  1.44757256e-01 -1.49736091e-01  2.63044052e-03
 -2.08672136e-01 -5.19743562e-03 -4.67668884e-02 -1.69122189e-01
  1.51502013e-01  2.06417330e-02 -2.74274647e-01 -4.66604084e-02
 -1.54819712e-01 -2.34914720e-01 -1.20316423e-01 -3.58200446e-02
 -1.26609668e-01 -2.17351705e-01  3.32409561e-01 -1.28896356e-01
 -2.51598299e-01  3.23329121e-04  1.63314268e-02  2.21321046e-01
 -1.00896299e-01  1.33844480e-01 -3.13032925e-01 -1.83215976e-01
 -5.13725132e-02  1.23203665e-01 -1.48516163e-01  3.41639042e-01
  1.66533425e-01 -2.20368579e-02 -2.09168494e-01  2.02215184e-02
  1.45457044e-01 -5.85861728e-02 -1.25219256e-01 -1.12455532e-01
  4.77638356e-02  1.63375974e-01 -9.70993340e-02 -2.05478311e-01
 -2.25737303e-01 -2.12745324e-01 -3.78247350e-04 -2.93808758e-01
 -1.11351289e-01 -3.38688880e-01  3.12964320e-02  3.85632366e-02
 -5.31822518e-02  6.05228283e-02 -8.35050493e-02 -2.20795140e-01
 -1.24022312e-01  1.93230450e-01  3.32987495e-02 -1.93125546e-01
 -3.07244062e-01  1.04499534e-01  2.59515822e-01 -7.11900741e-02
 -5.96947176e-03  1.96570959e-02  2.07819231e-02  6.98108971e-02
  4.33211699e-02  1.64753407e-01  9.57372487e-02 -1.52736425e-01
 -4.41434458e-02 -1.74678355e-01 -7.93759078e-02 -9.70585421e-02
  1.50838763e-01 -8.94510373e-02 -1.01382531e-01  7.43096322e-02
  2.14583725e-02 -2.37156581e-02 -8.23810697e-05  1.46770805e-01
 -5.44067025e-02 -4.60322574e-02 -1.06631286e-01  2.31801093e-01
  1.52728558e-01 -8.70762840e-02 -2.10290387e-01 -2.49199960e-02
 -2.01181024e-02  1.97739080e-02  2.71411911e-02  1.12788692e-01
  9.41841453e-02  1.62516147e-01 -1.12502374e-01  7.37286583e-02
  5.37299272e-03 -2.53448725e-01 -3.08341503e-01 -1.16093762e-01
  2.31574833e-01  2.01539978e-01 -2.24515676e-01  6.19992130e-02
  1.73288748e-01  3.08408171e-01 -6.20732456e-02 -7.28098378e-02
  2.67755032e-01  2.24297881e-01  1.08003110e-01  3.12902927e-01
 -1.02489300e-01 -4.70091164e-01 -1.31089017e-01  5.07995039e-02
 -1.35039419e-01 -3.87092829e-02  1.99351430e-01  1.22272400e-02
  3.52984726e-01 -2.16513991e-01 -2.89196372e-01  3.31906468e-01
  5.06412722e-02  4.06602249e-02 -1.31146982e-01  1.74565315e-01
 -9.10819769e-02  7.39678890e-02  2.99662501e-02  4.23727408e-02
 -3.53450291e-02  6.75915927e-03  3.04106295e-01  1.17038950e-01
  2.95426250e-01 -3.53540257e-02  2.02449799e-01  3.18246990e-01
 -5.83150573e-02 -4.77972999e-02 -1.82374999e-01 -1.94936514e-01
  1.41881537e-02 -1.15001798e-01 -1.13642931e-01 -2.20858276e-01
 -1.35765418e-01  8.25208202e-02  1.19357124e-01 -7.47856796e-02
 -1.58411473e-01  2.45063797e-01  2.40935028e-01  1.32130697e-01
  9.24377441e-02 -8.32585432e-03  9.20996517e-02 -7.50747100e-02
 -3.44105437e-02  1.43081509e-02 -1.91727012e-01 -2.20441818e-01
 -1.78403795e-01  8.70676488e-02 -4.77097183e-03  1.53556198e-01
  7.22036734e-02 -7.38522857e-02 -2.59317577e-01 -1.70737609e-01
 -2.57658176e-02  2.16845363e-01 -2.82000005e-03  3.16733792e-02
 -2.24918187e-01 -8.02779794e-02 -5.50302118e-03  1.54083610e-01
 -5.22965193e-02 -1.24957979e-01 -2.05092095e-02  1.84857160e-01
  9.90393683e-02  3.98673564e-02  5.91418780e-02  6.05833903e-02
 -6.23226985e-02 -1.32151991e-01  3.36203098e-01 -2.37333536e-01
 -6.43082857e-02 -7.57574141e-02 -9.57995430e-02  2.18412071e-01
  2.00563110e-02  1.45031095e-01  2.49294207e-01 -3.12294066e-03
 -1.79860294e-01  3.00548375e-01  1.67708784e-01 -1.67245239e-01
 -1.69623777e-01  4.72743064e-04 -4.43929583e-02 -2.31291592e-01
 -2.05000490e-03  1.15251847e-01  2.51065344e-02 -8.95213634e-02
 -9.21952277e-02 -1.38828546e-01 -1.18690003e-02  3.26504052e-01
  1.68191791e-01 -4.13121507e-02 -2.24464349e-02  5.71262315e-02
  7.50444457e-02 -5.35021611e-02  1.01041719e-01 -7.56644644e-03
  1.86335787e-01 -7.80274272e-02 -3.78838256e-02 -1.86056733e-01
 -1.52225807e-01  2.66718287e-02 -5.36298752e-03  8.98478031e-02
 -8.30584094e-02 -1.82717934e-01 -1.73836544e-01  1.28652394e-01
  5.75433299e-02 -7.87305534e-02  6.54934645e-02 -2.10177809e-01
 -4.05309647e-02 -9.31749195e-02  4.76870872e-02 -4.42014635e-03
 -4.57021082e-03  1.49512589e-02 -2.86936238e-02  1.75196044e-02
  1.26477242e-01 -2.36977860e-02 -1.48051262e-01  5.44898808e-02
  2.07272023e-01  7.77405053e-02  5.89178875e-02 -3.54811773e-02
 -2.31023759e-01 -1.12080589e-01 -5.42158484e-02  1.76799670e-02
  5.92214353e-02 -1.53468713e-01  2.18275160e-01 -1.86637834e-01
 -1.48307290e-02  2.49422610e-01 -8.89078677e-02  1.06087759e-01
 -4.23790924e-02 -1.07824810e-01  2.37398576e-02 -5.53058833e-02
  1.40785605e-01 -2.12654591e-01 -1.30841330e-01 -6.75824434e-02]


第5类： ['你们在线培训的功能', '就是为了远程培训的功能', '带培训功能', '想实现在线培训的功能']
语义向量：[ 8.21832502e-02 -1.12956002e-02 -9.01042111e-03 -4.55458690e-02
 -1.42516129e-01 -7.65332943e-02  8.01420845e-02 -1.27714224e-01
 -3.93485210e-02 -2.06417795e-01 -1.17083026e-01  3.32266290e-02
 -2.36002905e-02  7.89955622e-02  3.50365692e-02 -7.36758979e-02
 -3.78140141e-02 -9.18921586e-02 -6.80387085e-02 -8.36838046e-02
 -1.11074911e-01  1.45754891e-01 -1.47786623e-01 -4.38889833e-02
 -2.85134152e-01  8.19122521e-02 -1.08617583e-01 -2.26759214e-01
  1.33986842e-01 -8.51838458e-02 -3.05859394e-01 -1.38410656e-01
 -2.46843304e-01 -1.70248039e-01 -1.48450082e-01 -1.15294114e-01
  3.18974791e-02 -2.96540111e-01  2.15233054e-01 -1.55819135e-02
 -2.88329791e-01 -3.14116185e-02 -1.37169060e-02  2.89440155e-01
 -1.64146820e-01 -4.30595670e-02 -2.41226744e-01 -1.16651311e-01
 -4.08152435e-02  2.17659455e-01 -2.48246904e-01  2.71160375e-01
  1.51055500e-01  6.02395590e-02 -2.23302629e-01  2.72939056e-02
  1.82951532e-01 -8.92508971e-02 -1.08769594e-01 -1.54829750e-01
  7.03901350e-02  2.24406652e-01 -9.21811815e-02 -2.72513606e-01
 -2.47452766e-01 -2.09484246e-01  1.19907206e-01 -2.43957900e-01
 -8.78832368e-02 -3.26315045e-01  1.42906325e-01  1.73585631e-02
  4.24197316e-03  4.85564787e-02  8.14431326e-02 -8.14966308e-02
 -2.49239251e-01  3.46627973e-01 -4.98173684e-02 -9.87423798e-02
 -1.84627259e-01  1.08519852e-01  2.77612235e-01 -8.13372824e-02
 -5.49657447e-02  4.92090713e-02  1.21607346e-01  9.57485195e-02
 -1.45832794e-01  7.83385877e-02  6.29042719e-02 -2.21138209e-01
  1.16344506e-02 -1.34992490e-01 -1.05209379e-01 -2.03581490e-01
  1.43337078e-01 -2.14096939e-02  4.71096812e-03  5.71026662e-02
  3.69732000e-03 -9.14000822e-02  2.94557276e-02  2.56423861e-01
  9.97092496e-02 -3.03109968e-03 -1.00838756e-01  2.86399748e-01
 -1.45284094e-02 -6.41616061e-05 -1.95999850e-01 -4.51261944e-02
 -2.00163908e-03  1.86779998e-01  4.35470613e-02 -1.08832773e-02
  1.14555335e-01  2.24502243e-01 -2.71331485e-01 -1.22018019e-02
  2.91995534e-02 -2.32100047e-01 -1.74848273e-01 -9.01641846e-02
  2.15143703e-01  1.78777527e-01 -1.65515590e-01 -2.88726543e-02
  1.86266363e-01  2.29238972e-01 -7.85103999e-02 -5.76371755e-02
  3.97262014e-01  2.28546761e-01  1.66594623e-01  4.03776780e-01
 -1.27334964e-02 -5.77746488e-01 -9.74698476e-02 -1.48309466e-02
 -2.01535325e-01 -2.73650461e-02  2.92300649e-01  4.87294823e-02
  3.07957716e-01 -2.26249043e-01 -1.75386760e-01  2.87621662e-01
  1.56813692e-01  4.22094869e-02 -3.06110759e-02  1.05457710e-01
 -1.17371518e-01  6.68054726e-03 -3.21118867e-02  1.01749521e-01
 -5.49940821e-02 -2.08405290e-01  2.45996676e-01  9.23446007e-02
  2.93686468e-01  2.99591477e-02  7.82045005e-02  3.69264267e-01
 -2.43697849e-02 -4.51180497e-03 -1.34660104e-01 -1.25860328e-01
  9.03770467e-02 -1.89965166e-01 -8.47581625e-02 -9.83045194e-02
 -9.60931499e-02  1.21783506e-01  1.78802855e-01 -1.11156862e-01
 -1.20664077e-01  2.38344315e-01  2.50888292e-01  1.64623218e-01
  1.73734404e-01  1.28922809e-02  2.16856159e-01 -2.84433831e-02
 -3.54851768e-02  4.70514648e-02 -2.33092446e-01 -1.50730940e-01
 -1.63511157e-01  2.65498394e-02 -8.98185493e-02  1.01516050e-01
  5.72433290e-02  3.67653565e-02 -2.01284047e-01 -2.19725970e-01
 -8.96300059e-02  2.55034942e-01 -1.73000988e-01 -5.47509094e-02
 -1.99746735e-01 -6.55933870e-02 -5.37827332e-03  1.16718791e-01
 -2.14726338e-02 -1.98612895e-01  1.21934319e-01  7.15979333e-02
  1.56912070e-01  3.75185637e-02  2.75280331e-02 -1.35818368e-02
 -1.07522837e-01 -1.09465577e-01  3.22137624e-01 -1.72101868e-01
  2.06230946e-02  1.57789160e-02 -1.51924500e-01  2.45493397e-01
 -9.58448732e-02  5.12424624e-02  2.37687092e-01 -1.25951017e-02
 -2.00130362e-01  2.51590669e-01  1.75605705e-01 -4.60682204e-03
 -2.21128790e-02 -2.08245412e-01 -5.52114006e-02 -2.28854887e-01
 -2.98368463e-02  1.37289913e-01  4.48404136e-02 -1.53388890e-01
 -2.67258901e-01 -1.72028551e-01  6.01373403e-03  3.55690017e-01
  2.19615016e-01 -1.39832348e-01 -1.55991761e-01  4.50543256e-03
  1.00287622e-01 -1.24776309e-01  2.71908145e-02  1.92350082e-02
  2.69425459e-01 -7.27325929e-02 -6.91819312e-02 -2.11880270e-01
 -1.66088600e-01 -3.11852728e-02  6.11427724e-02  4.21290817e-02
 -1.03761036e-01 -2.20908016e-01 -1.85779121e-01  1.17969502e-01
  1.14609689e-01 -7.70832794e-02  1.22005008e-01 -2.97795951e-01
  1.83965589e-02 -1.77931029e-01  7.29314033e-02 -7.84489065e-02
 -4.10106024e-02 -1.04286956e-01 -1.03748210e-01 -5.63771307e-02
  1.39338907e-01 -5.53749522e-02  2.29919775e-02  1.60778409e-01
  3.16970892e-01 -5.54947080e-02  2.11606419e-02 -6.94712875e-02
 -1.49630241e-01 -1.81236351e-02 -1.49440268e-01 -8.27740610e-03
  1.26196042e-01 -1.66376390e-01  2.89493591e-01 -2.61718057e-01
 -1.55360880e-02  1.52642580e-01 -6.11596927e-03  8.36809622e-02
 -9.53042842e-02  1.56327835e-02 -3.61028668e-02 -7.44011579e-02
  2.73805760e-01 -1.69219615e-01 -6.54174988e-02 -6.31590188e-02]


第6类： ['你好是否有贵企业的功能介绍', '具体功能介绍一下', '有没有一个介绍功能的文档', '有没有这个详细的功能介绍', '请你介绍一下科天云还有别的什么功能', '请尽快发功能详细介绍及价格表']
语义向量：[ 0.10543721 -0.0478522  -0.11070655  0.01678677 -0.11636797 -0.01014824
 -0.13878848 -0.04097041 -0.0402396  -0.17101652  0.00106433 -0.04165687
 -0.04892742 -0.05095375  0.00210889 -0.0985379  -0.09251227 -0.07532039
 -0.0263818  -0.04136259 -0.1219999   0.10635841 -0.03627543  0.11122777
 -0.0858847   0.01240237 -0.07286281 -0.13221095  0.14025755  0.00338657
 -0.26339923  0.0049805  -0.11598875 -0.2598125  -0.16015581 -0.06611413
 -0.07826909 -0.17464501  0.18646569 -0.03514759 -0.13479164  0.03119679
  0.00239658  0.22084685 -0.11352896 -0.04174582 -0.15409502 -0.16365943
 -0.00660773  0.03399981 -0.07511047  0.23279195  0.04829426  0.03047009
 -0.02378685  0.03767723  0.14423215  0.00323661 -0.04869373 -0.11182468
  0.08838887  0.15183616 -0.06055375 -0.1447058  -0.09205055 -0.17754189
  0.02601662 -0.12753438 -0.03917687 -0.11642909  0.01643487  0.09299436
 -0.07280475  0.02108859 -0.01226302 -0.15581709 -0.07544128  0.19701783
  0.01454845 -0.06278091 -0.13301495  0.12790223  0.12726285 -0.03490171
  0.00113648  0.07806729  0.07274213  0.09528742 -0.06325398  0.04952757
  0.00315009 -0.00270387  0.04254109  0.01179821  0.02115962 -0.08523596
  0.14826326  0.14955874 -0.05139623  0.02755363  0.14696617  0.03064224
  0.02556356  0.13794001  0.04574088 -0.02881535  0.00992476  0.04735285
  0.06493849 -0.01244492 -0.13737966 -0.1190399  -0.06568145  0.08354539
  0.10274374 -0.05648348  0.07204884  0.0607191  -0.09954978 -0.05908601
  0.08131285 -0.07284159 -0.18837    -0.13407359  0.11476861  0.04181369
 -0.16655406  0.07630328  0.01016324  0.17194852  0.05874373 -0.05834085
  0.18574876  0.18420356  0.07630224  0.07009395 -0.07949418 -0.2975622
 -0.13755194  0.00749809 -0.10189492  0.02777523  0.14346902  0.04951282
  0.22205056 -0.13353208 -0.24962623  0.14008009  0.08346748  0.02935802
 -0.02273281  0.10261681 -0.07358654 -0.03821451  0.07128389  0.0880637
 -0.06111278 -0.04308522  0.10469431  0.09070721  0.1755783   0.02044358
  0.16594947  0.19689662 -0.0546557   0.08550825 -0.15183052 -0.14423241
 -0.07372833 -0.05199382 -0.07830093 -0.11956409 -0.08988903  0.13915035
  0.16567677 -0.03305763 -0.15678138  0.16365104  0.14306924  0.08518844
  0.09463648  0.02877686  0.10920294 -0.00092543 -0.03520284  0.05176272
  0.00296271 -0.13631533 -0.01480017  0.02781474 -0.01830406  0.02661373
  0.04606454 -0.11298222 -0.10813247 -0.06418782 -0.06365076  0.03527524
 -0.0658254   0.05046228 -0.15512379 -0.10216509  0.06603595  0.08419813
 -0.04177164 -0.1046357  -0.01466427  0.25179166  0.10168228  0.09173646
  0.11863332 -0.03284769 -0.06793138 -0.02163241  0.05603549 -0.10881978
 -0.049511   -0.15666021  0.0238263   0.09032028  0.04542085  0.04079247
  0.18911895 -0.00746303 -0.13484105  0.17863082  0.17515539 -0.08231571
 -0.10931556 -0.01373776 -0.03612478 -0.12331042 -0.0114597   0.14489876
  0.08648693 -0.07560165 -0.1248934  -0.14160872 -0.07622513  0.24881027
  0.09350018 -0.07553035 -0.03494613  0.04767777  0.05969341 -0.00667791
 -0.02852843 -0.00113946  0.10204186 -0.03248607  0.001997   -0.16521933
 -0.09571274 -0.02616196 -0.01722907  0.02243326 -0.14447373 -0.05450498
 -0.10819313  0.0725833   0.05566306 -0.0720696   0.00919652 -0.15411168
  0.01271615 -0.04522734 -0.03882297 -0.04794785 -0.06289776  0.00652598
  0.0050276   0.00689512  0.07133604  0.0175275  -0.0160631  -0.055945
  0.20386735  0.03235057  0.11714797 -0.06251215 -0.20627939 -0.10999069
 -0.11694442  0.0526281   0.09200961 -0.10091717  0.11646017 -0.08469297
 -0.06323641  0.06784858  0.02851564  0.09361596 -0.0280275  -0.03990583
  0.04229131 -0.03377324  0.07864304 -0.17223369 -0.08621434  0.01738632]


第7类： ['一样可以实现文件文档这些功能对吧', '你们都能实现那些功能', '只要能实现我刚说的功能就可以', '我们公司想要实现这样一个功能', '我先看看实现的功能', '我想实现这样一种功能', '能实现到什么功能吗', '能实现类似微信语音的功能吗', '这个功能可以实现么', '都是可以同时在线实现这些功能吗']
语义向量：[ 8.32637399e-02 -4.00246980e-02 -3.67073884e-02 -4.27676078e-02
 -1.41204122e-01  3.49808618e-02 -6.42857868e-02 -3.69361663e-02
 -2.12407483e-02 -1.41903424e-01 -2.63907364e-02  4.70034543e-02
 -2.91479426e-02  4.51331155e-02  6.67712431e-02 -5.89815866e-02
 -4.23306534e-02 -1.20351642e-01 -3.57923699e-03 -1.19633530e-01
 -7.92591438e-02  8.91702816e-02 -9.46566090e-02  1.83442594e-03
 -1.35551037e-01 -8.34113685e-04 -2.75589200e-02 -1.08188717e-01
  9.11087677e-02  1.25881995e-02 -1.70224504e-01 -3.79433768e-02
 -1.01872601e-01 -1.42911892e-01 -7.19836563e-02 -2.47260338e-02
 -7.35501938e-02 -1.37986117e-01  2.01775064e-01 -7.63992034e-02
 -1.56024858e-01 -4.22350741e-03  5.46390722e-03  1.38066654e-01
 -6.63973048e-02  8.25237229e-02 -1.93356641e-01 -1.10162131e-01
 -3.03080434e-02  7.56807439e-02 -9.15049858e-02  2.12027006e-01
  1.05351020e-01 -1.31706202e-02 -1.31944899e-01  1.09791315e-02
  9.11306456e-02 -3.74196954e-02 -8.04234646e-02 -6.95463583e-02
  3.31744675e-02  1.01951621e-01 -6.50623072e-02 -1.31328883e-01
 -1.38730273e-01 -1.31705145e-01  9.45469798e-04 -1.80484721e-01
 -6.86813537e-02 -2.13081798e-01  2.01087840e-02  2.32849656e-02
 -3.02316191e-02  3.98459548e-02 -4.73000814e-02 -1.37918255e-01
 -7.81961631e-02  1.22244688e-01  1.87688665e-02 -1.20793199e-01
 -1.87742439e-01  6.51783891e-02  1.62270367e-01 -4.39164095e-02
 -5.62239110e-03  1.14931705e-02  1.27022320e-02  4.38997049e-02
  2.61173297e-02  1.02926920e-01  5.62140197e-02 -9.72071305e-02
 -2.38246642e-02 -1.11348893e-01 -4.47187060e-02 -6.30187389e-02
  9.23082888e-02 -5.61737023e-02 -6.00365322e-02  4.29043012e-02
  1.33278581e-02 -1.80948870e-02  8.92788690e-04  9.38828036e-02
 -3.09443315e-02 -2.62137729e-02 -6.86538331e-02  1.45595272e-01
  9.20297816e-02 -5.81041966e-02 -1.27555719e-01 -1.53967563e-02
 -8.43020678e-03  1.69774016e-02  1.55953988e-02  7.25994416e-02
  5.58664411e-02  1.00416715e-01 -7.69008379e-02  4.56995215e-02
  6.64325713e-03 -1.59069213e-01 -1.89287500e-01 -6.85128674e-02
  1.45506322e-01  1.26035379e-01 -1.32761194e-01  3.56007846e-02
  1.09088314e-01  1.91249935e-01 -4.02048558e-02 -4.48971827e-02
  1.71262825e-01  1.36228654e-01  6.77569855e-02  1.94402061e-01
 -6.16106197e-02 -2.95698926e-01 -8.20532784e-02  3.46930796e-02
 -8.48884769e-02 -2.20747821e-02  1.29052381e-01  9.66132120e-03
  2.16721518e-01 -1.31525461e-01 -1.75033273e-01  2.03880137e-01
  3.10293833e-02  2.63726089e-02 -7.91556619e-02  1.08259547e-01
 -5.99264849e-02  4.33018021e-02  1.79467818e-02  2.92418387e-02
 -2.22469220e-02 -4.08451976e-03  1.88283199e-01  7.20415704e-02
  1.85404724e-01 -2.41060235e-02  1.24007898e-01  2.00001398e-01
 -3.78669912e-02 -2.71044381e-02 -1.17084195e-01 -1.20053243e-01
  1.28125590e-02 -7.46770576e-02 -7.18756348e-02 -1.41270049e-01
 -8.21673416e-02  5.15861798e-02  7.44515665e-02 -4.95400932e-02
 -9.44284581e-02  1.54828038e-01  1.52109346e-01  8.05694662e-02
  5.96897405e-02 -3.85325281e-03  5.87291591e-02 -5.00669915e-02
 -2.35290786e-02  1.27998220e-02 -1.23293721e-01 -1.38839175e-01
 -1.12699118e-01  5.51923152e-02 -3.82670136e-03  9.39218804e-02
  4.68141381e-02 -4.53701142e-02 -1.61783302e-01 -1.06539057e-01
 -1.57704058e-02  1.38963479e-01 -5.81506250e-03  1.67602442e-02
 -1.41394645e-01 -5.28933641e-02 -8.36953006e-03  9.25077751e-02
 -3.56855350e-02 -7.84631230e-02 -7.27715557e-03  1.13707229e-01
  6.40994396e-02  2.53154604e-02  3.56568260e-02  4.06904384e-02
 -3.82773999e-02 -7.74383020e-02  2.10330231e-01 -1.42308758e-01
 -4.19037059e-02 -4.51396499e-02 -6.80824403e-02  1.36813544e-01
  9.76118585e-03  8.78632046e-02  1.55626797e-01 -1.13482469e-03
 -1.09278220e-01  1.87106751e-01  1.02605962e-01 -1.01510218e-01
 -1.02148525e-01 -4.56058389e-03 -2.72868270e-02 -1.40352483e-01
 -2.34734650e-03  7.33795721e-02  1.74971703e-02 -5.59223417e-02
 -5.93913857e-02 -8.87198746e-02 -4.47083721e-03  2.08609396e-01
  1.01417467e-01 -2.95415286e-02 -1.53508132e-02  3.19942882e-02
  4.76500221e-02 -3.69808225e-02  6.26871102e-02 -4.81183757e-03
  1.16521834e-01 -4.63766335e-02 -2.51252254e-02 -1.11956991e-01
 -9.24918309e-02  1.61191893e-02 -2.34810752e-04  5.51079731e-02
 -5.15113726e-02 -1.16790623e-01 -1.08552936e-01  7.45928707e-02
  4.20259181e-02 -5.10971248e-02  4.08484776e-02 -1.34674183e-01
 -2.24423573e-02 -5.51343244e-02  3.44223278e-02 -4.95341814e-03
 -1.51063660e-03  7.42365383e-03 -2.00864974e-02  1.18718088e-02
  7.82054096e-02 -1.66368330e-02 -9.09408592e-02  3.67091354e-02
  1.29336350e-01  4.51786194e-02  3.33786730e-02 -1.98676428e-02
 -1.41340193e-01 -6.92225866e-02 -3.17501001e-02  1.18600649e-02
  3.93283943e-02 -9.32134062e-02  1.35950395e-01 -1.22206496e-01
 -3.75156151e-03  1.51324847e-01 -5.47826521e-02  6.83422763e-02
 -2.38212185e-02 -6.62005827e-02  1.38863276e-02 -3.44765417e-02
  8.66331950e-02 -1.27677964e-01 -8.33017647e-02 -4.07666389e-02]


