第1类： ['一般两三方参会', '一般是参会', '个人同时参会下行', '你们参会这边如何获取网络参会链接', '全国各地同时参会', '别人邀请我参会', '参会人员数量', '参会人数最多在', '参会密码可以手动设置', '参会密码和主持人', '参会指南您看下', '参会指南您看下', '参会指南您看下', '参会指南您看下', '参会指南您看下', '参会指南我看过了', '参会方指的是', '参会方现在很难确定么', '参会的够了', '参会的话大概在', '基本参会人员在', '大概十个人参会', '就算是两方参会', '怎么点击参会啥的', '我今天不参会', '我们后期需要参会', '我们大概参会人员', '我们是参会', '我只是参会', '我是参会人员', '我是参会的', '我是要参会', '我选择了参会', '是参会吗', '是参会的', '有时候会参会', '没有说有参会号啊', '点开参会链接后还需要输入什么吗', '然后我点开链接参会', '端如何导出参会人列表', '继续参会的话', '邀请参会人员时', '那参会呢']
语义向量：[-1.11831258e-01  1.15914227e-01  9.23071706e-05 -2.80874510e-02
  4.83558538e-02  8.52894686e-02 -3.01926339e-02  5.19858785e-02
  1.37730463e-03  3.31830333e-02 -2.25539057e-02  2.80532777e-01
 -9.38718279e-02 -7.38456569e-02 -1.77060240e-02  3.63037966e-02
  6.73456266e-02  7.59347199e-03  1.44978140e-01 -3.69238795e-02
 -2.13566662e-02  1.26924789e-01  2.00788777e-01 -6.73408914e-02
 -1.49395779e-01  1.18328061e-01 -1.41570507e-01  1.65337609e-01
  1.06684336e-01 -6.13716251e-02  4.50879579e-02 -2.94537327e-03
 -1.37179389e-01  1.84302524e-01  1.84013309e-02  9.19721173e-02
 -1.18829342e-01 -8.08716059e-02  1.85424170e-02 -9.85170873e-02
 -5.32018121e-02  3.50767507e-02 -5.62685502e-02  2.03862354e-02
 -2.05280023e-01  8.79418071e-02  1.53104806e-02 -9.57169355e-02
  1.05155514e-01 -4.80431418e-02  1.45251861e-01 -1.13051769e-01
  1.95239570e-01 -6.79790900e-02  1.62925625e-01  6.53398916e-02
  2.97737683e-02 -8.54770399e-02 -6.36288546e-02 -4.47572408e-02
  2.06418131e-01 -3.53963675e-02 -1.28930487e-02  7.20445877e-03
 -1.47157596e-01  1.89315159e-01 -2.78708930e-01 -1.58513216e-01
  1.55423554e-01 -2.08062184e-02  1.90929109e-04  1.30758392e-01
  8.11779809e-02 -2.28390989e-01  2.35259644e-02 -2.15010358e-02
  1.97737749e-02 -2.24553801e-01 -3.41312197e-02 -5.71088744e-02
 -8.40098628e-02 -1.18279112e-01  3.33472029e-02  1.80290405e-01
 -2.38696182e-01 -4.26361625e-02 -2.18361944e-01 -2.66292726e-02
 -6.65997653e-02  1.31033653e-01  1.72658424e-02 -1.30941132e-01
 -2.39881293e-02  4.01388934e-02 -5.29183742e-03  6.55068929e-02
  3.20525463e-02 -2.52213184e-01  9.64212133e-02  1.42487895e-02
  8.61469583e-02  5.54629243e-02 -1.27607600e-01 -2.37974740e-02
 -1.85488442e-02 -9.54426335e-02  2.76487460e-01 -1.02193615e-01
  1.04182418e-02 -2.68153175e-02 -1.36678272e-02 -4.23462555e-02
  2.28962055e-01 -1.30809463e-01 -1.64365110e-01 -1.77178109e-01
 -1.27280058e-01  3.15210537e-01 -4.17917234e-02  8.60152555e-02
 -9.95907492e-02 -3.02187923e-01  5.31418563e-02 -6.44614599e-03
 -5.37434494e-02  1.55031682e-01  3.93217773e-02  1.37950909e-01
  3.13292610e-02 -3.31754909e-02 -1.98377419e-02 -8.20780080e-02
  5.71200401e-02  1.50834512e-01  9.05630959e-02  2.23737172e-01
  3.21861622e-03 -2.36540862e-02 -3.99053359e-02 -8.22449190e-03
 -4.89306213e-02  1.52955379e-01 -8.44640382e-02 -8.39888894e-02
  1.72964536e-01 -1.60362979e-01  3.94182890e-03 -7.91622437e-02
 -5.78465808e-02 -8.21825217e-02 -3.88010034e-02  1.81396215e-01
  8.46642374e-02  2.07504443e-01 -7.10335946e-02  2.70734584e-03
  3.49143867e-01 -1.42669793e-01 -3.00532208e-02  2.81748877e-01
  9.90535237e-02 -1.89753340e-01 -9.90974931e-03  3.47165930e-01
 -6.76003088e-02 -7.76332719e-03 -8.14309497e-02 -1.21485964e-01
  9.91119978e-02 -6.96016197e-02  2.09645356e-01 -6.57749486e-02
 -8.26109715e-02  1.58486807e-01 -7.48656972e-02  2.23380494e-01
  1.26478264e-01 -3.72217709e-02 -5.72024951e-02  1.07029563e-01
 -1.25038021e-01  1.10884697e-02 -2.04911183e-01  3.98286928e-03
 -1.79498471e-01 -1.37899032e-01  4.70560979e-02 -1.09374246e-01
  1.67258960e-01 -2.42077297e-02  2.24286661e-02 -9.70860045e-02
 -4.50464203e-02 -8.00344549e-02  6.97515717e-02  4.62621800e-02
 -2.26681239e-01  2.60175178e-01 -1.23939484e-01  1.75485611e-01
  2.03750831e-02 -9.60978434e-02 -1.29863757e-01 -1.38347653e-02
 -9.58107805e-02  1.85972327e-01  1.24360540e-01 -6.13992392e-02
 -1.33851523e-01 -1.45797964e-01  3.06350124e-02  8.39942708e-02
 -1.22923691e-01 -5.71277492e-02 -2.35811494e-02  6.53160195e-02
  8.13429983e-02  5.56942204e-02 -7.82425981e-02 -9.47475332e-02
  2.59103102e-01  8.36446749e-02  7.86115959e-02 -1.77386136e-01
  1.78660702e-01 -2.89551187e-02 -1.05983469e-02  1.82380893e-01
  2.11822932e-01  1.03568837e-01  1.89647068e-01 -1.16779654e-02
  2.11357677e-01 -1.16223523e-01  4.80020439e-02  1.26046332e-01
  4.87838871e-02 -5.84394985e-02  4.16853861e-02  1.34679395e-01
 -3.07970491e-02  9.65090351e-02 -2.28811128e-01 -1.26771955e-01
 -1.69230824e-01  1.00645428e-01  4.41637597e-02 -9.53561548e-02
  3.15375775e-02 -1.57066577e-01  5.46913302e-02 -2.63142519e-01
 -2.08789676e-02 -3.36444381e-02  1.14932549e-01 -3.81535513e-02
  1.33453369e-01 -1.91151508e-02 -1.03963289e-01  2.17346742e-01
 -2.01898486e-02 -3.24242799e-02 -9.06370135e-02  1.97852321e-02
 -1.74771608e-01 -6.92430774e-02 -2.41423404e-02 -2.49858835e-03
  2.44559635e-01  9.47498646e-02 -1.34412078e-03  1.04006946e-01
  9.72428850e-02  9.94467449e-03 -8.83067308e-03 -5.72790318e-03
 -1.90563675e-01  1.38315744e-01  9.19776453e-02  6.80876941e-02
  1.03541699e-01 -1.76079849e-01  2.29343091e-03  1.41193407e-01
  3.57705003e-02 -6.90301942e-02  1.70900010e-02  9.13724459e-02
  1.71591516e-01 -1.51181682e-01 -3.43627783e-02 -7.87795854e-02
 -5.63444176e-02  1.00366098e-01  6.52950682e-03 -1.02718202e-01
  4.19343097e-01  1.48771491e-01  1.64604061e-01 -2.83830508e-01]


第2类： ['参会指南', '参会指南', '参会指南', '参会指南', '参会指南', '参会指南', '参会指南', '参会指南']
语义向量：[-0.18761088  0.20111893 -0.16738823  0.09368533  0.23290229  0.1290523
 -0.55167848  0.49914894 -0.15688968  0.05315926 -0.02356357  0.64907026
 -0.30582181 -0.29575288 -0.04770328  0.17464501  0.13356826  0.06280491
  0.04750039 -0.11358577 -0.11282645  0.44500387  0.55370188  0.02458303
 -0.59291303  0.49886698 -0.13581458  0.48086047  0.18440676 -0.13113526
 -0.08971496  0.09252237 -0.35905212  0.26212019 -0.12035687  0.51061898
 -0.53869784 -0.0197521  -0.05924656 -0.2894851  -0.26286012  0.37109739
 -0.26597634  0.19616449 -0.43102223  0.36639372  0.11162348 -0.36487901
  0.36135691 -0.28234193  0.30359378 -0.12415122  0.30105197 -0.02816896
  0.55578315  0.14305115 -0.05119114 -0.05442265  0.08790164  0.19004962
  0.55216295 -0.10854337  0.04132489  0.23827913  0.06308702  0.61940157
 -0.65598285 -0.38784349  0.57528502  0.0068446  -0.21047008  0.28205502
  0.18238364 -0.22858512  0.02518354 -0.16977182  0.13765608 -0.57178044
 -0.10583349 -0.13637836 -0.39168364 -0.01131305 -0.15864907  0.61677551
 -0.55984473 -0.07463811 -0.46418142 -0.4447538  -0.22782624  0.21824658
  0.00299991  0.07588756  0.17130622  0.17862079  0.13711573 -0.04482119
  0.26320457 -0.38251895  0.29710123  0.34780267  0.34744728  0.17606193
 -0.42464009 -0.04304306 -0.09181684 -0.34693351  0.66908681 -0.48632753
 -0.23482476 -0.29409647 -0.1219216  -0.29295638  0.55042714 -0.36941141
 -0.17255434 -0.6228537  -0.51275015  0.69524789  0.23400418 -0.04878402
 -0.25062415 -0.47815731 -0.13584116 -0.24328242 -0.25479385  0.21902841
  0.27333128  0.42908177  0.17147905 -0.13010283  0.01618576 -0.32024747
 -0.20925575  0.24635763  0.16023186  0.37394482 -0.14073202  0.04734662
 -0.27306256  0.28572816  0.13905069  0.61073399 -0.21581221 -0.23900497
  0.28265792 -0.40697446  0.21573555 -0.36947995  0.04104941 -0.05749748
 -0.16928092  0.52683347  0.11958703  0.40627348 -0.12126078 -0.10016106
  0.58903515 -0.28804001 -0.17104313  0.92399174  0.08051903 -0.32939929
  0.1643524   0.65835011 -0.34062433  0.14582381 -0.14007114 -0.30990002
 -0.11437994 -0.16494739  0.42173731  0.02455761  0.07999271  0.47747996
 -0.27506185  0.36707583  0.2269049  -0.05605485 -0.29791999  0.24578735
 -0.49737662  0.17427316 -0.58187604 -0.15360342 -0.49774212 -0.1698368
  0.41465607 -0.00892223  0.07558519 -0.07567574  0.12066305 -0.0691523
 -0.31764138 -0.08494699  0.0656      0.14506716 -0.13890558  0.31245548
 -0.02606793  0.40592161  0.27594161 -0.22561769 -0.41432112 -0.19347814
 -0.15278931  0.77481055  0.19958021 -0.09540693 -0.35676989 -0.21822254
  0.01447067  0.41165581 -0.15554929 -0.0196621  -0.259047    0.17598413
  0.35920087 -0.04767877 -0.24703729 -0.3638157   0.67576611 -0.0113582
  0.26070729 -0.69092357  0.30451119 -0.30769467 -0.3223688   0.14537069
  0.61441386  0.45526895  0.52901149  0.33321789  0.19505297 -0.26961032
  0.4056626   0.28283128  0.00604005  0.05215906  0.02971133  0.17550775
 -0.3940686   0.22627674 -0.75423688 -0.1657218  -0.29905504  0.36279488
  0.37233508 -0.1187702   0.03146394 -0.41046429  0.14888947 -0.50763428
  0.00575757 -0.22281146  0.31951982  0.12616688  0.24433233  0.08052744
 -0.19255531  0.35778135 -0.06809315 -0.06664669 -0.31945789  0.18446773
 -0.28469482 -0.13618012 -0.03957292  0.13826677  0.53945452  0.15148032
  0.10487454  0.41210938 -0.09456369 -0.00674667 -0.16306253 -0.32454714
 -0.25781709  0.22419176  0.39359558 -0.08641757  0.26016176 -0.72643691
  0.13551363  0.50772959  0.04441172 -0.13101034 -0.2665199   0.39043739
  0.44044924 -0.08280089  0.09959339  0.00411731 -0.22993545  0.20707014
  0.1382145  -0.35592714  0.82896608  0.36046022  0.50035059 -0.38877797]


第3类： ['但是参会方', '参会方共用帐号', '参会方在', '只是参会', '只是参会', '怎么参会', '每次参会', '每次参会', '移动端参会', '移动端参会', '移动端参会']
语义向量：[-1.39841456e-01  1.85222883e-01  5.83575463e-02 -9.89363729e-02
  9.77296253e-02  1.94809102e-01 -1.03145435e-02  7.47102110e-03
  5.19139293e-02  1.13939032e-01 -8.26085488e-02  5.11802912e-01
 -1.64381488e-01 -4.81973705e-02  1.94366219e-02  6.56733588e-02
  1.25778784e-01 -4.24639608e-02  2.43065719e-01 -8.56498262e-02
 -1.84314017e-02  2.21401957e-01  3.17596184e-01 -1.30876849e-01
 -2.90554796e-01  1.83883578e-01 -1.80914655e-01  2.65033802e-01
  2.35384123e-01 -9.27841965e-02  9.29223674e-02 -7.71527687e-02
 -2.40060809e-01  3.55201846e-01  2.58070356e-02  1.32442102e-01
 -2.16476902e-01 -1.50786454e-01  1.48199661e-02 -2.44070649e-01
 -8.97960703e-02  2.41575675e-02 -9.82468816e-02  1.69938969e-02
 -3.91992897e-01  1.67939656e-01  1.74643174e-02 -1.32002357e-01
  1.85418786e-01 -3.02144185e-02  2.00897578e-01 -1.61095986e-01
  3.69634569e-01 -7.66390962e-02  2.10096123e-01  9.84162959e-02
  3.81769755e-02 -1.21960788e-01 -1.19485562e-01 -4.37331335e-02
  3.61372646e-01 -7.50426193e-02 -1.17680144e-02 -1.26049864e-02
 -2.93148722e-01  2.93310882e-01 -4.79095879e-01 -3.00900180e-01
  2.92005772e-01 -6.02272268e-02  1.03990902e-02  1.84654197e-01
  1.86171011e-01 -3.94550246e-01  4.84486361e-02 -9.37944722e-02
  6.15222888e-03 -3.40412313e-01 -5.29937080e-02 -1.47198962e-01
 -2.00617542e-01 -1.58017618e-01  1.11281586e-01  2.70852885e-01
 -4.10142722e-01 -1.02021731e-01 -4.06283614e-01 -3.23278130e-02
 -4.54977697e-02  2.36026686e-01  8.51100353e-02 -2.88471514e-01
 -8.07450339e-03  6.34003092e-03 -2.54466131e-02  1.47099437e-01
  8.80825658e-02 -5.15777905e-01  1.71387346e-01 -2.05030241e-02
  1.22954993e-01  5.91345077e-02 -1.96475492e-01 -5.95230629e-02
 -3.75828757e-02 -1.78748677e-01  4.54569500e-01 -1.28413050e-01
  3.49809622e-02 -2.62969368e-02 -3.93802686e-02 -4.70562689e-02
  4.15358825e-01 -2.36358706e-01 -3.31398021e-01 -2.71945847e-01
 -2.04747257e-01  5.96336251e-01 -1.86123474e-01  1.89641134e-01
 -1.69299195e-01 -5.99448524e-01  5.50015068e-02  1.79680505e-02
 -6.06290149e-02  3.31178885e-01  3.37797016e-02  2.30058669e-01
  6.03882433e-02 -8.51225243e-03 -5.82441627e-02 -1.31176061e-01
  1.50787023e-01  2.27613217e-01  1.70829868e-01  4.60442936e-01
  1.09695167e-02 -1.49627720e-01 -6.62499365e-02 -4.69142900e-02
 -8.88178150e-02  2.45333582e-01 -1.15669489e-01 -1.25698376e-01
  3.11838299e-01 -2.86143495e-01 -8.27455656e-03 -6.31839101e-02
 -1.33086173e-01 -1.56239892e-01 -8.60966603e-02  3.19153802e-01
  1.68640486e-01  4.08724742e-01 -1.26039624e-01 -3.22444847e-02
  5.93496496e-01 -3.11131683e-01  7.91013241e-03  4.93838432e-01
  2.09131124e-01 -3.60650705e-01 -2.15672221e-02  6.61831520e-01
 -1.24798542e-01 -5.15176775e-02 -1.32053450e-01 -2.33130461e-01
  2.36721614e-01 -1.82400273e-01  3.25105205e-01 -1.65286796e-01
 -1.60931062e-01  2.67564981e-01 -1.48698213e-01  3.53137409e-01
  2.52871144e-01 -9.42598994e-03 -8.76243060e-02  2.18785665e-01
 -1.83549841e-01 -4.36540321e-03 -3.19958565e-01 -3.73107591e-02
 -3.27103005e-01 -2.12568911e-01 -6.36566443e-03 -2.44395985e-01
  3.31612071e-01 -2.95629989e-02  4.44394532e-02 -1.52728877e-01
 -8.49922428e-02 -1.32518973e-01  2.23699885e-02  4.34312917e-02
 -4.09782253e-01  5.21773243e-01 -1.85420085e-01  2.65036144e-01
 -1.82787295e-04 -2.02029101e-01 -2.62247449e-01  2.13772894e-02
 -2.04710268e-01  2.84932440e-01  2.04911613e-01 -1.16676368e-01
 -1.87884202e-01 -2.52282278e-01  3.22968354e-02  1.97685614e-01
 -2.20945957e-01 -1.27012738e-01  3.42429101e-02  1.01649619e-01
  1.74748007e-01  1.07253105e-01 -1.96020148e-01 -1.23274491e-01
  4.03939706e-01  1.32727151e-01  1.17380626e-01 -2.90090451e-01
  3.22887696e-01 -2.58347111e-02 -5.11602939e-02  3.38527032e-01
  3.48727576e-01  1.16060667e-01  3.10781811e-01  1.94374238e-02
  4.07780844e-01 -1.92681623e-01  6.48473379e-02  1.69315331e-01
  7.68659670e-02 -9.49131133e-02  1.17406771e-01  3.58001499e-01
 -3.57875248e-02  1.76462045e-01 -3.82431298e-01 -2.30170001e-01
 -3.12646416e-01  1.42394299e-01  1.33846095e-01 -1.90344412e-01
  9.57201215e-02 -2.64770119e-01  7.65595832e-02 -4.18571716e-01
 -5.34757863e-02 -4.83936876e-02  1.50619004e-01 -3.54631475e-02
  2.36955903e-01 -1.74985750e-02 -1.54514863e-01  3.89644149e-01
 -5.48288627e-02 -2.38073753e-02 -1.04740148e-01  7.46726952e-03
 -2.95294375e-01 -1.36412827e-01 -6.05620496e-02 -2.87778633e-02
  4.52458021e-01  1.37868937e-01 -9.08862607e-03  1.88275684e-01
  2.38385228e-01  1.26470541e-02 -2.07273831e-02  6.16138686e-02
 -3.33709462e-01  2.68456065e-01  1.06340097e-01  9.05701251e-02
  1.78675558e-01 -2.92336491e-01 -4.88357432e-03  2.20859353e-01
  4.69446406e-02 -8.64284235e-02  3.50721448e-02  1.05925092e-01
  2.96844557e-01 -1.96342426e-01 -1.21065073e-01 -7.14405765e-02
 -8.10624141e-02  1.33326506e-01 -3.09303808e-02 -1.41018450e-01
  7.75257002e-01  2.25248232e-01  2.89793613e-01 -5.04577138e-01]


第4类： ['不同参会人数', '参会人数', '参会人数一般在', '参会人数不固定', '参会人数不多', '参会人数大概', '参会人数大概在', '就是参会人数吗', '每次参会人数']
语义向量：[-0.1232626   0.23783948  0.25640336  0.00461818 -0.13784394  0.11868502
  0.15084861  0.06609831 -0.15864713 -0.22062781 -0.08506251  0.51776662
 -0.32053667  0.0542591  -0.16133756 -0.01962735  0.08195599 -0.22199219
  0.30716933 -0.17976762  0.10284184  0.33272843  0.11798912 -0.34478546
 -0.1689354   0.2339963  -0.23654116  0.30015712  0.32482551  0.06063114
  0.12968946  0.1414169  -0.28882073  0.39369015 -0.18977355  0.19728789
 -0.26528553 -0.17244461  0.35744204 -0.28581153 -0.16787251  0.13796556
  0.1278072  -0.05660749 -0.15185078  0.24112541 -0.09971211 -0.28397596
 -0.07419396  0.03216474 -0.0377288  -0.14017852  0.58214423  0.00849338
  0.03061698 -0.06562936 -0.1126378   0.06902993  0.17992242 -0.22044241
  0.1994919   0.31752789  0.16232887 -0.06552348 -0.18076024  0.28058703
 -0.40276895 -0.41899766  0.14330986  0.01534186  0.28143096  0.16219424
  0.23173538 -0.47528731 -0.01963315 -0.04433755  0.15903581 -0.15427928
 -0.00215588 -0.15997173 -0.26614383 -0.22428196  0.04351353  0.12518611
 -0.19381815 -0.09411543 -0.11410581  0.15372683 -0.24447009 -0.05511159
  0.11050496 -0.57584371 -0.26588231  0.03350781 -0.30408794  0.17878824
  0.14765663 -0.68434282  0.25228951  0.27877394  0.02215525  0.02108846
 -0.29499764 -0.08428045  0.07711326 -0.0775188   0.55753647 -0.19533496
 -0.18097502  0.11329286 -0.16921375 -0.00937672  0.38097303 -0.37575564
 -0.26722604 -0.39463538 -0.09881123  0.66709861 -0.25974347  0.38737702
 -0.42066232 -0.54907363 -0.02292987 -0.25926542 -0.07129584  0.36373286
 -0.28400128  0.22953141  0.11439385 -0.1344678  -0.04906105 -0.08464778
  0.11835069  0.30560145  0.17432178  0.69708665  0.03664122 -0.10620201
 -0.11653624 -0.14634747 -0.10595344  0.33248548 -0.36220527 -0.49692196
  0.47616471 -0.47896674 -0.16186038  0.2884894  -0.15625353 -0.13311576
 -0.17900051  0.34568428  0.26918879  0.24809974 -0.23727044 -0.00878164
  0.65379501 -0.13951213  0.19002636  0.73716856  0.29409135 -0.16975521
 -0.08347842  0.88012577 -0.13887309 -0.04186517 -0.19946194 -0.04440398
  0.13622878 -0.33227126  0.24402381 -0.01095152 -0.26540417  0.38091988
 -0.28130798  0.40836613 -0.02975685 -0.15372592 -0.14627001  0.37784608
 -0.1646229  -0.01170212 -0.15953255  0.15690783 -0.11646189 -0.31160212
 -0.1002366  -0.0595263   0.0783541  -0.37233417 -0.04601342  0.11491874
 -0.02785799 -0.09971747  0.05814558 -0.06214672 -0.60753406  0.38203092
 -0.16498123  0.317305    0.08602953  0.07324481  0.07877241  0.1844613
  0.08431682  0.27706651  0.05249256 -0.26835983 -0.25726128 -0.26645835
 -0.18937331 -0.00421886 -0.16195758 -0.36575766  0.13827224 -0.00857157
  0.51989598  0.20777303 -0.16103831 -0.32214458  0.28027672  0.06331062
  0.10514575 -0.30363691  0.3027246  -0.11115242 -0.09914963  0.34369861
  0.52562805  0.09124128  0.12578763 -0.06694788  0.32365251 -0.21191525
  0.19885936  0.10422033 -0.07058895  0.18721241  0.33095311 -0.09599557
  0.05897981  0.08949193 -0.37475716 -0.19752594 -0.14950795  0.14040293
  0.04704228 -0.28803015  0.1793615  -0.22758746  0.11597323 -0.32888821
  0.02149034 -0.07077336  0.20460008  0.03176607  0.21710509 -0.05067795
 -0.40194046  0.53982537 -0.12265832  0.19779959  0.14241326 -0.0446918
 -0.4308318  -0.39412367 -0.11375883  0.09751907  0.33936475 -0.05816064
 -0.25254208  0.08019957  0.0402573  -0.2318267  -0.06812933  0.0930305
 -0.36263756  0.10942008  0.1258384  -0.18518075  0.21998986 -0.0013786
 -0.08569281  0.33393214  0.0393201  -0.33760969  0.08499381  0.19894334
  0.22130277  0.02904321 -0.04162126 -0.30122657 -0.32510867  0.00431071
 -0.00852305 -0.21491767  0.88736315  0.01869826  0.41206407 -0.37296687]


第5类： ['不同参会人数的套餐价格都是多少', '个参会方大概多少费用', '主持方可以和参会方自由交流', '什么是参会方啊', '但是这个参会人数可能不是固定的', '你们这个最大参会人数是多少', '你这个是同时参会人数', '免费版本有没有使用期限和参会人数限制', '参会不会有人数限制吧', '参会人数有限制吗', '同时参会人数一般不超过三十个', '就是价钱是根据参会人数', '应该是参会方', '我们一般参会人数会比', '我们参会人数不会很多', '我是参会方', '按可参会人数吗', '是根据每次参会的人数定吗', '最大参会人数可以多少人呢', '根据每次参会人数不同', '这个要看每次参会的人数', '除了主会议室其他参会人数不超过']
语义向量：[-6.37290649e-02  1.16212178e-01  1.04887363e-01 -3.72302551e-02
 -3.89501480e-02  7.17796602e-02  6.18375139e-02  2.56942741e-02
 -6.50087068e-02 -9.29313200e-02 -5.38317734e-02  3.04720625e-01
 -1.56207087e-01  3.17232315e-02 -4.77396123e-02 -5.79158434e-03
  6.34394670e-02 -1.14936740e-01  1.51411345e-01 -6.72967377e-02
  5.69069516e-02  1.77601988e-01  7.65132855e-02 -1.57039192e-01
 -1.07273656e-01  1.46982911e-01 -1.28736764e-01  1.41833586e-01
  1.62937049e-01  7.26702073e-03  4.07084877e-02  6.92178404e-02
 -1.52750594e-01  2.06387533e-01 -7.80369499e-02  8.34671182e-02
 -1.50746920e-01 -9.59548769e-02  1.72526562e-01 -1.70307214e-01
 -8.74522227e-02  3.68281620e-02  4.98053856e-02 -6.38669141e-03
 -1.13812582e-01  1.16672109e-01 -3.41714965e-02 -1.24339305e-01
 -5.99945279e-03  1.53819761e-02  1.88203378e-02 -6.58772849e-02
  2.96383527e-01 -1.55868464e-02  1.86770172e-02 -4.60030463e-03
 -2.32695184e-02  3.04998019e-02  7.77185722e-02 -1.17917040e-01
  1.08599978e-01  1.40083189e-01  6.33878023e-02 -4.55251634e-02
 -1.22954147e-01  1.25585426e-01 -2.50861581e-01 -2.15552753e-01
  1.02948302e-01 -2.65615459e-02  1.17107700e-01  7.87547791e-02
  1.20474170e-01 -2.55080837e-01  3.14719005e-02 -2.04305339e-02
  5.38416771e-02 -7.70487552e-02 -2.53835258e-02 -9.16058590e-02
 -1.41871960e-01 -8.16533633e-02  5.82367040e-02  6.30178343e-02
 -1.58715921e-01 -4.29051203e-02 -8.04478142e-02  7.06057066e-02
 -1.07371228e-01 -9.13237619e-03  4.65053487e-02 -2.95567247e-01
 -1.17514245e-01  6.68906797e-04 -1.22769584e-01  9.27453293e-02
  7.23572502e-02 -3.51519203e-01  1.20251383e-01  1.34584631e-01
  2.70923773e-02  2.74710575e-02 -1.73276589e-01 -3.67243734e-02
  3.61099137e-02 -4.72741929e-02  2.86788987e-01 -8.64865998e-02
 -6.77442739e-02  6.29493711e-02 -7.39852036e-02 -2.21386485e-02
  2.02957755e-01 -1.77025689e-01 -1.59209956e-01 -2.08571651e-01
 -5.41900578e-02  3.65444136e-01 -1.36611320e-01  1.89988355e-01
 -2.13217074e-01 -3.04381893e-01  3.14005825e-02 -1.24872974e-01
 -4.55806624e-02  1.89362760e-01 -1.27780657e-01  1.14822904e-01
  5.84710686e-02 -5.74242907e-02 -3.13000325e-02 -6.09374586e-02
  9.13387449e-02  1.52403986e-01  1.00242309e-01  3.58086497e-01
  1.21137022e-02 -1.15114690e-01 -5.68559354e-02 -7.62202459e-02
 -4.68796952e-02  1.64548569e-01 -1.77121688e-01 -2.17939373e-01
  2.48073856e-01 -2.47915561e-01 -7.03305426e-02  1.26303828e-01
 -5.51104427e-02 -8.59239797e-02 -1.04019398e-01  2.09742009e-01
  1.25215715e-01  1.55388739e-01 -1.32915672e-01 -7.80845057e-03
  3.33280793e-01 -1.16131382e-01  9.80353667e-02  3.85233668e-01
  1.80166126e-01 -1.16097337e-01 -5.55905448e-02  4.71620579e-01
 -8.93530629e-02 -2.70887500e-02 -1.18658563e-01 -3.14927704e-02
  7.63050682e-02 -1.73989224e-01  1.11348158e-01 -2.98484099e-02
 -1.51611262e-01  2.02221930e-01 -1.24175637e-01  2.13496386e-01
  1.76347742e-02 -6.32904605e-02 -8.05535051e-02  1.75686586e-01
 -9.43087333e-02  2.39922832e-02 -1.17585429e-01  5.96666785e-02
 -7.61675122e-02 -1.43559613e-01 -6.02683130e-02 -7.13067666e-02
  6.36227283e-02 -1.85260715e-01 -1.75605632e-02  3.26967937e-02
 -1.81495474e-02 -7.42777261e-02  1.18948014e-02 -3.36982410e-02
 -3.25442735e-01  2.26314609e-01 -1.00137203e-01  1.50526189e-01
  3.11392536e-02  5.53329643e-03  2.17591279e-02  6.57578187e-02
  1.07458553e-02  1.51624577e-01  3.66113751e-02 -1.59668805e-01
 -1.29079418e-01 -1.39102165e-01 -8.10558317e-02  4.26659285e-02
 -8.80633896e-02 -1.91011501e-01  5.54341030e-02 -2.74394292e-03
  2.57130666e-01  1.03042414e-01 -1.02367662e-01 -1.36677300e-01
  1.54434178e-01  4.80845556e-02  6.40475332e-02 -1.49985817e-01
  1.50609731e-01 -3.91032009e-02 -6.11404338e-02  1.91366010e-01
  2.65019379e-01  5.00906419e-02  7.36293608e-02 -2.24035949e-02
  1.94017769e-01 -1.04716624e-01  1.06133263e-01  4.80157913e-02
 -3.46439047e-02  6.68832443e-02  1.40422398e-01  1.07058287e-02
  6.09276537e-03  5.73678066e-02 -2.08186273e-01 -1.25747402e-01
 -8.75036400e-02  7.96831597e-02  6.10245385e-02 -1.56178027e-01
  1.17567698e-01 -1.43796884e-01  5.14432468e-02 -2.12561326e-01
 -1.62258511e-02 -3.77246701e-02  1.02115153e-01  2.13717908e-02
  9.49207656e-02 -1.46971547e-02 -1.80913351e-01  2.74554066e-01
 -4.70566269e-02  1.04879846e-01  5.85526933e-02 -3.12736723e-02
 -1.95314208e-01 -1.88780382e-01 -4.76141997e-02  3.85745847e-02
  2.00855521e-01 -3.26168265e-02 -9.40115825e-02  5.18707764e-02
  5.17057391e-02 -1.13920693e-01 -3.67457351e-02  5.34017829e-02
 -1.97841185e-01  5.97797971e-02  8.35778270e-02 -6.54907498e-02
  1.07995835e-01 -3.38625769e-02 -4.01655801e-02  1.63745827e-01
  2.42949371e-02 -1.66029206e-01  5.01704880e-02  7.11323717e-02
  1.08888578e-01  1.83802013e-04 -2.95504341e-02 -1.31777330e-01
 -1.64263945e-01  5.01358496e-03  1.34808184e-02 -9.68052964e-02
  4.80819564e-01  2.40040084e-02  2.02451987e-01 -2.21639440e-01]


第6类： ['不需要怎么参会呢', '个以内的参会项目', '主持人可以录制所有参会方的录像么', '主持会议的可以控制参会的人吗', '主持方可以能控制参会方相互之间不可见吗', '主持者可以控制参会人员吗', '也可以与参会人在线共享屏幕吗', '也就是参会的形式', '也就是说主持这样就看不到参会人员是吗', '以及更多的人参会', '但是我们举办方要拿到这些参会资料', '但是我用不着那么多的参会方', '其他参会的有问题是只能打字吗还是说可以语音提问的', '参会人员不需要花钱买', '参会人有可能在外面移动办公', '参会和主持人的操作文档都需要', '参会和起会都可以实现吗', '参会多少的意思是', '参会指引您看下', '参会方的人都可以的吧', '参会方的话应该顶多只有三方', '发起跟参会应该无关把', '可以是国外的人打电话进来参会吗', '同时参会的其他人也可以吗', '因为不可能让所有的人在一个房间里来参会', '多方参会人员都能看到的这种', '如果主持人把其他参会人员都静音', '如果后期我还要增加参会的人员', '就是参会人员的图像和声音之类的', '就是参会的各方自行付费', '就是说我个人参会的时候', '总部这边参会人多一点', '我不知道该如何参会', '我们公司本部参会人员有', '我们这边参会的估计不超过', '我们这边最多四五百人参会', '我刚看了参会指引', '我只找到了参会', '我的意思是假如我参会了', '我这边一般参会也就是', '是不是我买了参会同事就不用买了', '是可以直接拨打参会人的电话号码', '是的我刚刚在填写参会人员的时候', '更改成英文后参会人登录进来看到的界面也是英文的吧', '最多可以有多少人参会啊', '最大可以多少人参会', '每个参会号码都计算时间', '比如我想同时看到参会的', '比如有条件的参会方可以使用', '没办法确定其他参会人员的浏览器', '然后发起方把链接发给参会方加入就可以了吗', '用电话号码也可以参会吗', '直接点参会链接就可以自动安装吗', '等于参会人员都连接到你们公司大云端服务器', '给了我主持人码和参会人码', '而且参会不确定对方是不是有网络的限制', '试用版可以多少人参会', '还有就是同时的参会人数会有限制吗', '这个不管是起会方还是参会方', '这个参会的密码是固定的还是自己可以随时更改的呀', '连接音频是邀请别人参会的目的吗', '那主持人邀请别人参会的', '那参会人员信息呢', '那参会人员能在自己打开吗', '那参会的人应该怎么加入呢', '那如果是他播打电话进来参会是要付费的', '那我怎么邀请别人参会', '那除主会场参会的其他会场笔记本的摄像头就可以吗']
语义向量：[-5.49562108e-02  7.02217288e-02  5.41516307e-03 -2.80959757e-02
  2.01422804e-02  5.09615574e-02  4.16617078e-03  6.43394663e-03
  6.98648341e-03  1.21302172e-02 -1.37621331e-02  1.63269456e-01
 -5.45339783e-02 -2.63874378e-02 -1.14040210e-02  1.17940159e-02
  3.65125482e-02 -1.15318649e-02  8.53068526e-02 -2.33024022e-02
 -1.04978893e-02  7.16908903e-02  1.04784376e-01 -4.99032507e-02
 -7.79474680e-02  6.21965463e-02 -8.37370437e-02  8.21415933e-02
  7.14302771e-02 -3.42732560e-02  2.26915793e-02 -1.41904286e-02
 -7.90201953e-02  1.05465655e-01  4.56554340e-03  3.38285542e-02
 -6.94079885e-02 -5.97922968e-02  2.91089845e-02 -6.10557454e-02
 -3.17927121e-02  6.97333188e-05 -2.17786150e-02  1.09095871e-02
 -1.15438750e-01  4.92335762e-02  4.40422528e-03 -4.98273577e-02
  5.60251128e-02 -1.28493059e-02  7.31337865e-02 -5.62534858e-02
  1.25366461e-01 -3.77495741e-02  7.35590446e-02  3.28323149e-02
  2.45205304e-02 -4.30811148e-02 -3.36358967e-02 -4.23337016e-02
  1.11775623e-01 -3.59929908e-03 -6.36977381e-03 -9.63608365e-03
 -1.04327217e-01  9.37163575e-02 -1.59321325e-01 -9.96120108e-02
  7.51698246e-02 -2.87670417e-02  9.26848694e-03  6.29413562e-02
  4.31524146e-02 -1.40476088e-01  1.37709552e-02 -1.43798391e-02
  2.72578792e-03 -1.07170614e-01 -1.74192610e-02 -4.21659339e-02
 -5.08127059e-02 -6.27011910e-02  3.95534279e-02  7.86893409e-02
 -1.35666112e-01 -2.28135144e-02 -1.15519032e-01  6.67755987e-03
 -3.33737401e-02  7.44045397e-02  1.92228463e-02 -1.06057041e-01
 -2.62272854e-02  3.96047369e-03 -1.08069710e-02  4.27077602e-02
  1.91880012e-02 -1.58467469e-01  5.25984478e-02  5.55769392e-03
  4.14792203e-02  2.63409996e-02 -7.05785898e-02 -1.14815435e-02
 -8.18561951e-03 -4.44571627e-02  1.50052690e-01 -4.10678531e-02
  1.54528605e-02 -2.22431642e-03 -1.32441627e-02 -2.28404719e-02
  1.26060925e-01 -7.49504800e-02 -9.75710030e-02 -8.91941008e-02
 -5.72541937e-02  1.85582573e-01 -4.87610324e-02  6.25791881e-02
 -6.27106868e-02 -1.89355269e-01  2.93252851e-02 -3.09536072e-03
 -1.79592139e-02  9.27468825e-02  1.17841926e-03  7.22416466e-02
  1.93660145e-02 -7.06474714e-03 -2.12077091e-02 -4.26131392e-02
  4.99393440e-02  8.53001309e-02  5.56832954e-02  1.48029688e-01
  1.04492392e-02 -4.14904964e-02 -1.37796190e-02 -2.20651703e-02
 -3.98253264e-02  7.53284365e-02 -5.14175459e-02 -5.21313985e-02
  1.13026091e-01 -8.91486832e-02 -1.91998559e-02 -1.89994276e-02
 -3.63426273e-02 -5.48019328e-02 -2.63862068e-02  1.05483622e-01
  4.49941621e-02  1.23582390e-01 -4.42399321e-02  5.11270825e-03
  2.02462373e-01 -9.10318594e-02  2.06761661e-03  1.54909768e-01
  7.22610692e-02 -1.09363103e-01 -1.43612693e-02  2.16599670e-01
 -3.95822805e-02 -1.35366747e-02 -5.06598340e-02 -6.99988711e-02
  6.89423129e-02 -4.97933983e-02  1.07772273e-01 -5.25989013e-02
 -6.77862692e-02  8.95038276e-02 -4.24905848e-02  1.25334065e-01
  7.13590619e-02 -1.67243423e-02 -2.03295768e-02  6.30651039e-02
 -6.48161453e-02  6.24217214e-03 -1.07834887e-01 -9.06554935e-04
 -9.61808808e-02 -7.84471664e-02 -1.79619449e-03 -7.47276649e-02
  1.00000895e-01 -2.55913920e-02  1.43516230e-02 -5.48759730e-02
 -1.28267881e-02 -5.37335528e-02  2.66564075e-02  1.55716159e-02
 -1.45673306e-01  1.66175978e-01 -8.29611406e-02  9.58562228e-02
  2.97706908e-04 -5.46805143e-02 -6.41605192e-02  7.05025894e-04
 -5.36897192e-02  9.04058169e-02  6.92963496e-02 -4.31445067e-02
 -6.73193542e-02 -8.60881743e-02  1.87626830e-02  4.50969403e-02
 -7.07876322e-02 -4.90071434e-02  3.85859319e-03  3.05683851e-02
  5.11981894e-02  4.57394082e-02 -4.97744744e-02 -4.14295488e-02
  1.38107629e-01  5.22302648e-02  4.60914100e-02 -8.35589772e-02
  9.86326591e-02 -2.16506823e-04 -1.34487441e-03  1.12309583e-01
  1.10781366e-01  4.01282174e-02  9.73674786e-02 -1.84372720e-02
  1.33780137e-01 -6.32908330e-02  2.23562986e-02  6.19737069e-02
  2.62659091e-02 -4.28618507e-02  3.04869081e-02  8.82987094e-02
 -5.77505737e-03  5.35182989e-02 -1.21713062e-01 -7.77745016e-02
 -9.10259041e-02  4.97895576e-02  2.87216511e-02 -6.29403859e-02
  3.20727397e-02 -8.87858000e-02  2.86443796e-02 -1.51157025e-01
 -2.03077660e-02 -1.42884517e-02  6.11966065e-02 -2.27294329e-02
  7.22415487e-02 -1.65403636e-02 -5.72251195e-02  1.28818572e-01
 -1.08071610e-02 -9.10783021e-03 -3.69149259e-02 -6.64989567e-03
 -1.01303172e-01 -4.70946933e-02 -1.63895903e-02 -9.64920190e-03
  1.39149096e-01  4.02191774e-02 -9.46022592e-03  5.22383005e-02
  6.62707511e-02 -3.94659715e-03 -6.26227489e-03  1.51724054e-02
 -1.09556206e-01  7.76415465e-02  4.91678877e-02  4.08377402e-02
  5.44672072e-02 -8.81196282e-02 -2.78161066e-03  6.89739713e-02
  2.13925400e-02 -4.26039245e-02  2.80559043e-02  3.17018132e-02
  8.87383983e-02 -7.61131055e-02 -2.88749938e-02 -5.01280085e-02
 -3.48395765e-02  4.59122660e-02  1.53334260e-03 -4.95558036e-02
  2.48335875e-01  7.41675800e-02  8.91239345e-02 -1.65805912e-01]


