第1类： ['一般参加为', '一般是参加', '人参加上限', '人参加呢', '他们需要经常参加', '其他参加人', '参加上限怎么提高', '参加人数也就两三个人', '参加他的', '参加点数最多就', '参加的时候', '发起参加都要', '发起和参加', '可以多少人参加', '同时参加的人数吗', '因数是随机参加', '如何参加在线培训', '如果参加不了', '如果我选择参加', '怎么参加远程培训', '我可以参加吗', '我将参加一场', '我是参加的', '我是要参加', '我要参加一个会', '是参加培训的', '是参加网络直播', '每次就两个设备参加', '没有参加过', '现在是参加', '目前是参加', '那怎么参加呢']
语义向量：[-1.90580888e-01  2.52553172e-01  2.02953746e-01 -6.41067973e-02
 -6.52534447e-02  3.12219055e-02  2.08762263e-01  1.29684680e-01
 -1.92774729e-01  1.49746384e-01  3.77347019e-02  1.56017681e-01
 -1.66666946e-01 -1.64823266e-01 -2.34447265e-02  1.42433830e-01
 -2.00049268e-02 -1.57273175e-01  9.55571309e-02 -1.39848359e-01
  8.37619430e-02  8.57759877e-02  9.48491763e-02 -3.67492688e-01
 -2.61178117e-01  2.27500431e-02 -4.37481155e-02  8.59197412e-02
 -4.42721153e-04 -1.43889732e-02  3.11654388e-02 -3.83516384e-02
 -3.83400930e-01  1.60083308e-01 -2.50638171e-02 -3.31357335e-02
 -9.62243659e-02 -6.26522439e-02  8.34522365e-02 -8.96645090e-03
 -1.73536829e-01 -6.39880674e-02 -6.92344838e-02 -1.32393505e-01
  7.62696966e-02  9.53166587e-02 -1.79261330e-01 -1.79788684e-01
 -1.61972095e-01  1.12301150e-01 -1.81617141e-02 -1.52856703e-01
 -1.72449180e-02 -1.09856751e-01 -5.22257572e-02  1.73927112e-02
 -1.66996318e-01 -1.42142390e-01 -2.69904840e-02 -1.98936766e-01
  2.04262093e-01  8.84835225e-02 -3.61584740e-03  1.22847201e-01
 -8.46592362e-02  2.14641582e-01 -5.31125317e-02 -2.93484116e-01
 -8.68466196e-02 -2.66226680e-01  2.36861020e-01  1.39932055e-01
  2.89560354e-01 -3.60404836e-02 -1.98868377e-01  4.99791357e-02
  8.12077748e-02 -1.02499409e-01 -3.63770279e-02 -1.14647807e-01
 -9.52170838e-02 -3.29481769e-01 -9.04118204e-02 -1.49250157e-02
 -2.16599940e-01  6.94325055e-02 -1.19073308e-01  7.11834091e-02
 -2.83873747e-01 -4.96953889e-03 -7.42212110e-03 -2.24561841e-01
 -3.85299848e-01 -1.38363237e-01 -3.22033382e-01 -6.75133916e-02
 -6.19842858e-02 -2.74257204e-01  1.77300039e-01  1.02370919e-01
 -2.08119184e-02 -1.90097951e-01 -8.91187895e-02 -5.91946136e-02
 -8.70087545e-02 -4.45411324e-02  1.01626197e-01 -2.82068180e-02
 -1.29250337e-02 -8.35865123e-02 -1.95181797e-01 -3.74298374e-02
 -5.66692285e-02 -1.08685273e-01 -1.11583103e-01  1.35946636e-01
 -1.09756084e-01  3.33319879e-01 -1.11615544e-01  1.92632377e-01
 -2.97761768e-01 -3.65359121e-01 -1.80265971e-02 -1.00658324e-01
 -1.10036017e-01 -9.83956062e-02  6.13574925e-02 -1.80692806e-01
  1.92392668e-01  1.30532904e-01 -5.08185473e-02  8.94192450e-02
  5.63249282e-02  1.24326910e-01  1.40317570e-01  2.37751078e-01
  9.38828766e-02 -2.01951991e-02  9.01798072e-02 -2.05345364e-01
 -2.62280860e-01  1.06588320e-01 -1.86759139e-01 -2.97810424e-01
  4.21534562e-01 -2.13229354e-02 -3.20037399e-02  5.07049412e-02
 -1.81744488e-01 -1.22369938e-02 -2.09649356e-01 -1.82011182e-01
 -1.03712116e-02  2.60296985e-01 -9.00695286e-02  1.85943641e-01
  4.35874418e-01 -7.74602963e-02  7.05132587e-02  3.89315016e-02
  3.16229667e-01  3.44362265e-02  4.01366944e-03  3.47853324e-01
 -6.28468983e-02 -4.93509618e-02 -1.27630849e-01 -4.50217802e-02
 -1.08307210e-03 -1.84101229e-01  9.19111988e-02  4.14791524e-02
 -6.65245671e-02  1.20962309e-01 -1.33249789e-01  1.63248050e-01
 -1.20085935e-01 -1.33217180e-01  1.04305448e-01  9.89033533e-02
  1.18611014e-01 -8.59614740e-02  8.82024196e-02  1.56721625e-01
 -5.65526886e-02 -1.14728212e-01 -1.56659165e-01  6.10093618e-02
 -1.98473322e-01 -1.25750115e-01 -3.19507317e-01 -9.56990195e-02
  2.06483997e-01 -1.28988780e-02  6.00017344e-02  8.45947192e-02
 -7.83452585e-02  4.25959519e-01 -3.37038976e-01  1.15769590e-01
  6.24924967e-02 -3.33210077e-02 -2.07770962e-01  1.32948968e-01
 -9.16044763e-02  3.05408528e-01  5.46663517e-02 -1.10213904e-01
 -1.00537014e-01 -3.52880612e-01 -2.07575336e-02 -1.01073863e-01
 -5.66967076e-02 -1.61679930e-01  1.72424164e-01  6.47813747e-02
  9.42336136e-02  1.41441716e-01 -3.14745474e-02 -1.77251771e-01
  1.62332036e-01  2.25919050e-01  1.26189593e-01 -1.16040098e-01
  8.61735728e-02 -1.67586631e-02  2.09898362e-02  2.81944121e-01
  2.00379358e-01 -9.55546681e-02  1.38143749e-01 -1.14553601e-01
  7.94481223e-02 -1.88078519e-02  1.19301023e-01  5.76668637e-02
 -1.18560259e-01  1.24463395e-02  1.03564675e-01 -1.25066092e-01
  7.14420362e-02 -1.08183484e-01 -1.00205142e-01 -1.64376658e-01
 -5.68770885e-02 -5.89824444e-02 -6.62277996e-03  1.72188404e-01
  1.15354168e-01  2.40407416e-02  8.91717488e-02  1.55286284e-02
 -7.20777050e-02  1.02431983e-01  4.40341444e-02 -1.76643517e-01
  1.63475974e-01 -1.25704148e-01 -1.04982241e-01  3.15206104e-01
  8.80393252e-02 -1.45761821e-02  8.39096059e-02  6.04197854e-02
 -1.19936880e-01 -7.82028580e-02  2.03921361e-03  3.99056948e-02
  9.11090565e-02  5.75983458e-02 -2.59588542e-01  1.02631886e-03
 -8.40092438e-02  4.24638152e-02 -6.79467423e-02  3.89106425e-02
  7.83868643e-02 -8.78635840e-03  1.23972441e-01 -2.22096657e-02
  1.85785070e-01  1.86750114e-01  9.74402103e-02  7.61427535e-02
  9.31004593e-02 -1.86575455e-01  1.23975819e-01  1.08426661e-01
  3.74142959e-01 -1.08646261e-01 -3.41522533e-03 -1.42976663e-01
 -1.05152482e-01  7.24605813e-02 -3.07454431e-02 -5.37852914e-02
  4.54055413e-01  2.28803023e-01  1.67299559e-01 -8.18949729e-02]


第2类： ['个人参加', '参加人数在', '参加思科', '参加视频', '只是参加', '后期参加', '如何参加', '怎么参加', '我要参加', '每个地方参加人数', '电脑怎么参加']
语义向量：[-3.44977558e-01  4.35624025e-01  3.63240021e-01 -1.19587824e-01
 -1.47212258e-01  8.17368173e-02  3.54898168e-01  2.85323300e-01
 -3.34832664e-01  2.92141793e-01  7.78400470e-02  2.83695984e-01
 -2.78901660e-01 -2.41991331e-01 -7.94650513e-03  2.26543802e-01
 -3.08296607e-02 -2.76204036e-01  1.67682055e-01 -2.60488839e-01
  1.76013909e-01  1.59260238e-01  1.35715594e-01 -6.44125448e-01
 -5.11050982e-01  8.06862277e-02 -9.25800096e-02  1.47866062e-01
 -3.79048732e-02 -2.78144444e-02  6.20979386e-02 -9.93700625e-02
 -6.98505857e-01  3.47081068e-01 -3.12450880e-02 -5.56549670e-02
 -1.31685993e-01 -1.02948762e-01  1.66684541e-01 -6.22055553e-02
 -2.85943145e-01 -1.21519864e-01 -1.49339135e-01 -2.15921015e-01
  1.05249636e-01  2.28512739e-01 -3.26465405e-01 -3.55476119e-01
 -2.73462472e-01  1.75775925e-01 -3.90292299e-02 -2.20379695e-01
  5.12332469e-02 -1.91106662e-01 -7.45558983e-02  6.13563697e-02
 -3.00729401e-01 -2.47193155e-01 -2.89889655e-02 -3.27208279e-01
  3.76943518e-01  1.67346627e-01 -8.73116040e-03  1.28442331e-01
 -1.47171098e-01  3.66952123e-01 -1.22213238e-01 -5.53365355e-01
 -1.27271285e-01 -4.52966216e-01  4.31484881e-01  2.76214624e-01
  5.12015440e-01 -5.49813099e-02 -2.99099245e-01  6.01757297e-02
  1.28222158e-01 -1.51391079e-01 -7.84480098e-02 -2.34007499e-01
 -1.68192674e-01 -5.34310883e-01 -1.40817321e-01 -3.97956067e-03
 -3.64632032e-01  1.06221814e-01 -2.01257854e-01  1.07707303e-01
 -4.87510830e-01  1.63697223e-02 -1.33035400e-03 -4.02080814e-01
 -6.35467995e-01 -2.55705313e-01 -5.23065283e-01 -1.17399244e-01
 -1.13983866e-01 -5.12075029e-01  2.98167678e-01  1.76449922e-01
 -3.11432068e-02 -3.36927498e-01 -1.58055876e-01 -8.86342725e-02
 -1.50747713e-01 -8.77480299e-02  1.85978228e-01 -3.09966891e-02
 -4.48174387e-02 -1.30357775e-01 -3.19435167e-01 -3.46471021e-02
 -5.25753799e-02 -1.79998522e-01 -2.12927419e-01  1.87563589e-01
 -2.00933075e-01  5.75303094e-01 -2.18511585e-01  3.34308886e-01
 -5.14504628e-01 -6.20280228e-01 -3.93416040e-02 -1.81620749e-01
 -1.95492720e-01 -1.13081550e-01  1.13632595e-01 -2.59137504e-01
  3.33974004e-01  1.76140832e-01 -1.12770466e-01  1.34961263e-01
  1.12757278e-01  2.19828136e-01  2.88948302e-01  5.05815297e-01
  1.45233456e-01 -6.01720861e-02  1.04885436e-01 -2.90363818e-01
 -4.46911293e-01  1.70574124e-01 -3.37962224e-01 -4.88326154e-01
  7.01163346e-01 -1.05477311e-01 -2.68874429e-02  1.27439703e-01
 -2.72008268e-01 -2.22811882e-02 -3.40481461e-01 -2.57406290e-01
 -2.31180962e-02  4.28215473e-01 -1.16594557e-01  3.02376479e-01
  7.45570562e-01 -1.45000060e-01  1.42095418e-01  1.28696177e-01
  5.25833721e-01 -9.77542590e-03  1.65147580e-03  6.47466708e-01
 -1.19626874e-01 -6.67285712e-02 -2.61809464e-01 -7.14011971e-02
  2.66917632e-02 -3.32913816e-01  1.72784505e-01  4.54482186e-02
 -8.78285380e-02  1.92652235e-01 -2.72064279e-01  2.92502706e-01
 -2.10093592e-01 -1.97271356e-01  1.32698907e-01  2.02363466e-01
  2.47673608e-01 -1.35105282e-01  1.54995028e-01  2.60013529e-01
 -1.17808990e-01 -1.82213624e-01 -2.52443105e-01  7.08135624e-02
 -3.63894001e-01 -1.76500365e-01 -5.59631082e-01 -1.51398418e-01
  3.09662506e-01  3.83723798e-03  1.03254410e-01  1.31948829e-01
 -1.42911885e-01  7.29029905e-01 -5.46964854e-01  1.89346190e-01
  4.88452566e-02 -4.21697416e-02 -3.75666587e-01  2.41620807e-01
 -1.89049507e-01  4.93692133e-01  8.58571236e-02 -1.96238486e-01
 -1.66026006e-01 -5.66167032e-01 -6.35767698e-02 -1.52351622e-01
 -1.37266292e-01 -2.82245693e-01  3.25861132e-01  1.12913917e-01
  2.00042715e-01  2.71586159e-01 -1.32196898e-01 -3.22246580e-01
  3.02677107e-01  4.01802667e-01  2.07675325e-01 -2.30013078e-01
  1.66941148e-01 -5.59503461e-02  2.78414281e-02  4.84172434e-01
  4.01043003e-01 -1.45367414e-01  2.33124125e-01 -2.01887738e-01
  1.26155347e-01 -5.56780555e-02  2.37621134e-01  1.13261623e-01
 -2.32329843e-01  5.41829216e-02  2.20848182e-01 -1.97937936e-01
  1.67265395e-01 -1.82085562e-01 -1.74254411e-01 -2.97232834e-01
 -1.29064372e-01 -1.30728193e-01 -9.73928666e-03  2.84088785e-01
  2.05082274e-01  4.38875417e-02  1.28793546e-01  1.68803518e-02
 -1.28316801e-01  1.79237931e-01  8.05080723e-02 -3.13839712e-01
  3.08159663e-01 -2.13843337e-01 -2.04552657e-01  5.41403670e-01
  1.86056637e-01 -2.02294920e-02  1.36553217e-01  8.28388509e-02
 -2.36843156e-01 -1.24673360e-01  2.48778273e-04  1.35191432e-01
  2.32597037e-01  8.44811127e-02 -4.34482537e-01  3.79534735e-03
 -1.09146951e-01  1.58104978e-02 -1.52000719e-01  1.09179545e-01
  1.36673644e-01  2.72291367e-02  1.85776928e-01 -7.56737535e-02
  3.44967051e-01  3.16088531e-01  1.54091395e-01  1.77632396e-01
  1.55943646e-01 -3.36974770e-01  1.76287710e-01  1.37301942e-01
  6.78454740e-01 -1.62103125e-01 -4.57148993e-02 -2.40672550e-01
 -1.75984948e-01  9.02841216e-02 -5.36365939e-02 -1.03369191e-01
  7.66600565e-01  3.74675172e-01  2.93121460e-01 -1.78940908e-01]


第3类： ['也就是当时参加互动的人数也不太清楚', '人参加是不是意味着要', '人家邀请我参加一个', '但是几个办公地点的负责人都要参加', '但是参加培训的人员可以和讲师沟通', '你们最低的服务是几个人参加的', '公司全部人员在公司参加培训', '十几二十个人同时参加不会影响视频质量吧', '参加不需要对吧', '参加会的时候怕时间很长', '参加和发起都有', '参加培训的人员分布在不同的城市', '参加的人可能会有数十个吧', '参加的区域不多', '发起参加都要呢', '发起和参加都需要的', '可以参加也可以发起', '可能会有几十个参加培训这样的', '同时参加的人员数量', '因为会议室是有多人同时参加的', '因为会邀请领导参加', '在外出差的同事能通过手机参加', '多少人参加我不太确定', '如果是别人要参加要怎么弄', '如果是海外的人参加我想设置为英文', '对方只要有互联网就能参加是吗', '异地办公人员参加例会', '当然开会的时候有时会有外地参加的啊', '您的登录状态不正确或您已经参加过此次优惠活动', '我们也想让我们的客户能够参加我们的', '我们公司总部开会经常要全国各地方的业务经理参加', '我们客户需要我们参加个网络培训会', '我们应该发起和参加都有', '我们要参加一个投标', '我参加了一个远程网络学习课程', '我明天上午要参加一个', '我明天要参加一个', '我明天要参加一个会', '我是参加学习的', '我能用科天云参加吗', '我要参加一个别人通过', '我这边要参加一个', '所以我是参加这个就行了', '方参加费用大概是怎么样的', '是几个人可以参加这个意思吗', '是指有多少个人参加吗', '是随便哪里的都能参加是吗', '是韩国邀请中国多方参加', '每次参加都要下一次吗', '用电脑拨号参加可以吗', '还是只要打开发布者的链接就可以参加', '那我要怎么参加', '那所有参加的人看到的都是英文', '需要主持也需要教给别人怎么参加']
语义向量：[-0.1133015   0.13712258  0.10234789 -0.03501718 -0.04456872  0.0189155
  0.10668419  0.07806844 -0.1023192   0.08707488  0.01916467  0.09116171
 -0.09411957 -0.08806894 -0.00263711  0.07583479 -0.00769229 -0.08553634
  0.05550591 -0.07830527  0.04883995  0.04941845  0.055257   -0.202397
 -0.15260476  0.01547786 -0.03014622  0.0395591  -0.01425652 -0.00976386
  0.0122033  -0.01937409 -0.21056652  0.08963323 -0.00376892 -0.01995106
 -0.04605488 -0.03068827  0.04848527 -0.01516368 -0.0942258  -0.04255272
 -0.04195051 -0.06945252  0.0342096   0.05261633 -0.09505172 -0.09853275
 -0.08437953  0.05992625 -0.00234723 -0.08057633 -0.00435621 -0.07592305
 -0.01507731  0.02031235 -0.07837159 -0.08627615 -0.0247545  -0.10628998
  0.11710717  0.04327168 -0.01290007  0.0508661  -0.04968246  0.10952551
 -0.03019225 -0.16504506 -0.04455249 -0.14815931  0.13083251  0.08797403
  0.15390693 -0.02089468 -0.10109959  0.02197101  0.03796816 -0.05292649
 -0.02692418 -0.06827779 -0.04846272 -0.17775068 -0.04096331 -0.00197775
 -0.12624823  0.03864283 -0.06929722  0.03562258 -0.14825981  0.00287635
 -0.00583938 -0.12013249 -0.21303469 -0.07952157 -0.15925065 -0.03481551
 -0.03779462 -0.15135524  0.09070891  0.05476309 -0.00583399 -0.10225485
 -0.04798224 -0.02246655 -0.04875341 -0.0262533   0.0589946  -0.00786796
 -0.00173505 -0.04387444 -0.09614997 -0.02142896 -0.02255528 -0.05282564
 -0.06669139  0.06696421 -0.07284625  0.18253303 -0.05788756  0.10187406
 -0.16558976 -0.19940014  0.00155507 -0.04730239 -0.05948415 -0.04357322
  0.04015145 -0.09430575  0.10510525  0.06872651 -0.03494573  0.04176385
  0.03501151  0.06704776  0.07923697  0.14231398  0.05688079 -0.01348016
  0.04171854 -0.10449036 -0.14985111  0.057334   -0.09758991 -0.15277136
  0.23232923 -0.02023703 -0.00970466  0.03568778 -0.09150021 -0.0089179
 -0.10524972 -0.0988008  -0.01203078  0.14247413 -0.04215794  0.10250393
  0.24138418 -0.05310243  0.03535556  0.03201368  0.17121855  0.00350966
  0.0040126   0.19848002 -0.03126565 -0.0285271  -0.08254429 -0.02571548
  0.0013129  -0.09593003  0.05480588  0.01262351 -0.03407615  0.06106888
 -0.07640881  0.08976746 -0.06678279 -0.07031281  0.05065538  0.05743625
  0.07252353 -0.04355411  0.04266745  0.08157679 -0.03669241 -0.06407942
 -0.08024299  0.0264833  -0.10458381 -0.05502424 -0.17450317 -0.05791952
  0.10697268 -0.01032802  0.03187251  0.04579392 -0.05184698  0.23664949
 -0.18284362  0.06378127  0.02124844 -0.02913878 -0.12028056  0.06652702
 -0.06254907  0.16478308  0.04073915 -0.05321543 -0.05333218 -0.19126843
 -0.00782938 -0.05740312 -0.0410037  -0.09119908  0.09073743  0.03694522
  0.04758684  0.07862674 -0.0156032  -0.09425411  0.10203353  0.12809449
  0.06532004 -0.06078048  0.05282935 -0.00028175  0.01710596  0.1565193
  0.11800467 -0.04502435  0.07497146 -0.06683879  0.04817986 -0.00923388
  0.06714607  0.04259951 -0.0650112   0.00196339  0.05115258 -0.05885878
  0.04620469 -0.05654416 -0.05618518 -0.09419992 -0.04279696 -0.03481886
 -0.00309407  0.09131821  0.06243783  0.00331955  0.04320646  0.00188728
 -0.04374908  0.05695996  0.02845697 -0.10186675  0.09372509 -0.07053949
 -0.06915888  0.17289153  0.05604966 -0.01665415  0.03631844  0.03038267
 -0.06938745 -0.03995309 -0.00121589  0.02836733  0.06093683  0.03500558
 -0.13237434  0.00056045 -0.03124657  0.03185449 -0.0383208   0.02007102
  0.04331514  0.00208869  0.06532609 -0.00703678  0.10597207  0.09452898
  0.05685491  0.04030578  0.0486003  -0.09997104  0.06347259  0.0504432
  0.21409043 -0.07538026 -0.0023034  -0.07564567 -0.0515147   0.04468165
 -0.0191038  -0.03484977  0.25163646  0.1280579   0.08515656 -0.05531279]


