第1类： ['五六个人用的这种呼叫中心大概需要多少钱', '你们不就是呼叫中心的吗', '你们公司呼叫中心这块是怎么个模式', '你们是七陌呼叫中心', '你们是不是主要做呼叫中心的', '你们是做呼叫中心的吗', '你们有呼叫中心的这个资料吗', '你们的云呼叫中心是在吗运行的', '你们的呼叫中心和在线客服有什么不同', '你们的呼叫中心是怎么样的', '你们的呼叫中心有对应的', '你们的天客云呼叫中心的报价单能给一份吗', '你们的知识库适用于呼叫中心吗', '你们这个是呼叫中心后台管理系统吗', '你们这呼叫中心能简单介绍一下吗', '你们这边是呼叫中心么', '你好想咨询下你们的云呼叫中心和', '你这是做呼叫中心', '只做热线电话的呼叫中心', '呼叫中心又指的是什么', '呼叫中心外呼是指什么', '呼叫中心我这边有了', '呼叫中心是什么来的', '呼叫中心有界面展示吗', '咱们这个就是单纯的一个呼叫中心是吗', '咱的呼叫中心是基于', '就是不外包哦呼叫中心对吗', '想问下你们提供呼叫中心外呼以外', '我们公司向上一套呼叫中心', '我们公司想要上一个呼叫中心', '我们想建立一个客服呼叫中心', '我们是南昌这边的呼叫中心', '我们是需要建立电销的呼叫中心的', '我咨询下那个呼叫中心是怎么申请的', '我想了解一下云呼叫中心', '我想了解一下你们的智能呼叫中心', '我想了解一下呼叫中心方案', '我想了解一下呼叫中心的情况', '我想咨询一下咱们的这个呼叫中心', '我这个其实不太确定是不是呼叫中心', '我这边每月也有客户要建呼叫中心的', '有可以看的呼叫中心吗', '有适合小企业的呼叫中心吗', '服务外包与呼叫中心实训平台控制系统', '请问你们是不是有个呼叫中心的产品', '请问你们有呼叫中心呼出的线路提供吗', '请问你们的呼叫中心提供本地化部署方案吗', '请问贵公司有呼叫中心外包服务吗', '跟呼叫中心有什么区别', '这个也算呼叫中心的一小点']
语义向量：[-0.05009583  0.16860302  0.1067764   0.06365257 -0.09189099  0.01143513
  0.01931884 -0.14218288 -0.09512788  0.07747571  0.04281032  0.08819755
  0.0300134  -0.1160906   0.04644925  0.04956295 -0.15551364  0.0496502
  0.018911   -0.23323967 -0.17966342  0.02997643  0.13081568 -0.02667372
 -0.11298669 -0.08322612  0.14817482  0.0068423  -0.01378237  0.10985234
 -0.10122195 -0.13841003 -0.00784827  0.11082055 -0.15314785 -0.10191943
 -0.0449252  -0.25203646 -0.09304494  0.17935556 -0.02044456 -0.04179478
 -0.06993869  0.2162301   0.02696621  0.1231      0.04519449  0.02694546
  0.2857583   0.18470355 -0.18349716  0.00568675  0.13108708 -0.09311072
 -0.23989218  0.02115427 -0.06851379 -0.02312156  0.09632452 -0.0541446
  0.11271046  0.02302476 -0.1564859  -0.1424234  -0.24427063 -0.08337844
  0.17510131 -0.21997757 -0.2422667  -0.19742309  0.08808355 -0.02254563
 -0.11482808  0.18404229 -0.20321572 -0.18073538 -0.11724397  0.13834837
 -0.00350955 -0.26852435 -0.15558558 -0.07085803  0.17922449 -0.04371927
 -0.00543655  0.03626466  0.1060865  -0.10171902  0.12328985  0.266209
  0.27147802 -0.05006221 -0.05507538 -0.17813934  0.15101142 -0.12305817
  0.13835824  0.17541074  0.08041906 -0.01860111  0.21297708 -0.11881907
  0.03756558  0.03269863 -0.04240389 -0.06834902 -0.12708205  0.02827853
 -0.09960942 -0.05201713 -0.07549838  0.04711814 -0.22933777  0.08837898
  0.14894621 -0.01007856 -0.02795836 -0.0275616  -0.23644307 -0.08125525
  0.18002797 -0.33447851 -0.18009531  0.13753431  0.17326654  0.03008852
  0.026828   -0.17139935  0.11626379  0.15485887 -0.14230438 -0.15141148
  0.10577899  0.04159619  0.18598809  0.00097479  0.15918604 -0.10947237
 -0.03586641  0.10043826 -0.05444541  0.13285721  0.30391319 -0.05662562
  0.03821745  0.10311047  0.01360059  0.13505117 -0.00121068  0.23622653
 -0.02017795 -0.16684345 -0.10300414  0.08081536  0.08627164  0.13750184
  0.04899014 -0.20116005  0.0942065   0.01072799  0.18778862 -0.10480051
  0.20372068  0.01523019 -0.15610414  0.06871863 -0.22172049 -0.16904416
  0.12287056  0.02125943  0.0607429  -0.1729023   0.05465151 -0.01177126
 -0.09447536 -0.0562411  -0.12369452  0.2145835   0.35533976  0.19765027
  0.13730832  0.1352957   0.02572471 -0.09311757 -0.26641268 -0.19612494
 -0.18968803  0.12567366 -0.26089566  0.07388712  0.0457171  -0.01426478
  0.06518758 -0.13504632 -0.02606824 -0.14362672  0.09746758  0.2453631
 -0.05539371  0.05730008 -0.19173129 -0.05283375 -0.17568226 -0.07944671
  0.00518774 -0.00689835  0.33199157  0.05446455  0.26022265 -0.04673669
  0.15429867  0.01832588 -0.01893377 -0.09372456  0.17715762  0.15213905
 -0.1351225   0.13399961  0.07055814  0.04493711  0.08604845 -0.02975988
  0.03256195  0.06060085  0.00792879  0.04743461 -0.01771998  0.06588214
  0.12658634  0.03841999  0.14332256 -0.00807172 -0.1025385   0.19889881
  0.07510028 -0.04026901 -0.31355806  0.01138783 -0.01114417  0.31669376
 -0.08378829 -0.01852194  0.08183337 -0.07073703  0.04860951 -0.05034162
  0.02625175  0.14301326 -0.04583733  0.09193542  0.02331622  0.05504664
 -0.12443554  0.17385919 -0.12727111  0.00210722  0.03672105 -0.19627532
  0.01851195 -0.06406114  0.0332154  -0.25699506 -0.06144859 -0.18371883
  0.19571327 -0.08294634  0.14566275 -0.17194097  0.10539229  0.18320635
 -0.02135901  0.00295148 -0.01866864  0.18684246  0.00586336  0.01885941
  0.36633128 -0.02930929 -0.00095244 -0.01045448 -0.08021694 -0.03067361
 -0.03017127  0.00176486  0.06871702 -0.01190628  0.08356425 -0.19050435
  0.10859685 -0.0467571  -0.21423029  0.02360308 -0.04761319 -0.05989988
 -0.10440176  0.12260504  0.07103406  0.17417549 -0.20111657 -0.06659356]


第2类： ['呼叫中心', '呼叫中心', '呼叫中心', '呼叫中心', '呼叫中心', '呼叫中心', '呼叫中心', '呼叫中心', '呼叫中心', '呼叫中心', '呼叫中心', '呼叫中心', '呼叫中心', '呼叫中心', '呼叫中心', '呼叫中心', '呼叫中心', '呼叫中心', '呼叫中心', '呼叫中心', '呼叫中心', '呼叫中心', '呼叫中心', '呼叫中心', '呼叫中心', '呼叫中心', '呼叫中心', '呼叫中心', '呼叫中心']
语义向量：[-2.10492015e-01  6.29074395e-01  4.27386492e-01  2.48777106e-01
 -3.14556569e-01  6.31364733e-02  6.20118082e-02 -5.49586833e-01
 -3.35019171e-01  3.16427708e-01  1.46860272e-01  3.44495863e-01
  1.41893387e-01 -4.32609051e-01  1.92834675e-01  2.13882655e-01
 -5.33799052e-01  2.06474304e-01  9.49902758e-02 -8.45174551e-01
 -6.31056070e-01  9.13722590e-02  4.98783410e-01 -8.78485888e-02
 -3.79051834e-01 -3.09575766e-01  5.62613487e-01  7.12072551e-02
 -6.97829425e-02  4.13858801e-01 -3.16151381e-01 -4.65879977e-01
 -4.18017805e-03  4.85740423e-01 -5.25283158e-01 -3.44773889e-01
 -1.54940158e-01 -9.01282310e-01 -4.04917836e-01  6.31812871e-01
 -3.73769626e-02 -1.20577365e-01 -2.68734932e-01  7.57326126e-01
  1.01187281e-01  4.46006745e-01  2.14596480e-01  1.35866001e-01
  1.08651745e+00  6.75454140e-01 -6.46731675e-01 -5.86314537e-02
  4.77618814e-01 -3.49453121e-01 -8.81622255e-01  7.97683448e-02
 -2.84454465e-01 -9.74306539e-02  3.61178964e-01 -1.66890591e-01
  3.99286658e-01 -4.19307500e-04 -5.77513337e-01 -4.78979975e-01
 -8.93933594e-01 -2.84530103e-01  6.51881337e-01 -7.63226748e-01
 -8.58664155e-01 -6.77451134e-01  3.03566962e-01 -1.06482394e-01
 -3.91865849e-01  6.57085419e-01 -7.54011154e-01 -6.71082616e-01
 -3.98515880e-01  4.21818614e-01 -1.90165900e-02 -9.44688797e-01
 -5.69646120e-01 -3.03973168e-01  6.32417500e-01 -1.12420321e-01
 -3.72363105e-02  9.44292843e-02  3.46122801e-01 -4.11493540e-01
  4.92436409e-01  9.76891279e-01  1.00304592e+00 -1.47133917e-01
 -1.94686159e-01 -6.32917225e-01  5.73085427e-01 -4.13633376e-01
  4.95010287e-01  6.29895389e-01  2.96928138e-01 -8.53238478e-02
  7.98716426e-01 -3.91972721e-01  1.04769401e-01  6.64872825e-02
 -1.54336065e-01 -2.59145856e-01 -4.45185155e-01  4.92212847e-02
 -3.78640860e-01 -1.97088271e-01 -2.48295605e-01  2.42310658e-01
 -8.16404343e-01  2.99260646e-01  5.38843751e-01 -7.02095702e-02
 -1.30904958e-01 -9.41272303e-02 -8.45299602e-01 -2.96858132e-01
  6.63000703e-01 -1.22884679e+00 -5.86289763e-01  5.38922906e-01
  6.17562890e-01  1.43443182e-01  1.34644449e-01 -6.55791163e-01
  4.13121164e-01  5.29102564e-01 -5.09313345e-01 -5.76817155e-01
  3.66688788e-01  1.28210112e-01  6.65878832e-01 -3.72391939e-02
  6.01155996e-01 -3.22872847e-01 -1.49524629e-01  3.69230688e-01
 -1.54578149e-01  5.12210310e-01  1.11293459e+00 -2.31590629e-01
  8.35485235e-02  3.86293203e-01  1.31617427e-01  4.53019202e-01
 -1.11641008e-02  8.76367331e-01 -6.52445853e-02 -6.45443380e-01
 -3.54639590e-01  2.93372273e-01  2.87476897e-01  4.87179697e-01
  2.11279199e-01 -7.24038541e-01  2.98204422e-01  4.89110202e-02
  6.53486431e-01 -4.02909845e-01  7.45794535e-01  4.99911606e-04
 -5.65648198e-01  2.28306577e-01 -7.95935810e-01 -5.82629502e-01
  4.77100104e-01  1.14456952e-01  2.57354856e-01 -6.03713870e-01
  2.27078050e-01 -3.89344245e-02 -3.68857861e-01 -1.78409651e-01
 -4.04501051e-01  7.64272273e-01  1.27902162e+00  7.25072265e-01
  4.62590665e-01  4.93191361e-01  4.33238596e-02 -3.38740408e-01
 -9.90654945e-01 -7.76882529e-01 -6.96712136e-01  4.90620136e-01
 -9.48766112e-01  2.69758642e-01  1.84718341e-01 -5.90568036e-02
  2.00380921e-01 -4.83196497e-01 -5.75317293e-02 -5.21045089e-01
  3.62090349e-01  8.92079353e-01 -1.67207271e-01  1.90805599e-01
 -6.85892463e-01 -1.93085492e-01 -6.56483173e-01 -3.21597189e-01
  3.14993858e-02  1.28809949e-02  1.24912775e+00  1.45860150e-01
  9.24415350e-01 -1.95148349e-01  5.47432423e-01  1.03317596e-01
 -4.71194610e-02 -3.44332695e-01  6.13888741e-01  5.76839924e-01
 -5.01130104e-01  5.02914965e-01  2.87879944e-01  1.19215488e-01
  3.27620953e-01 -1.26931533e-01  6.50531426e-02  2.28007093e-01
  7.69587979e-02  1.22074306e-01 -1.06837139e-01  2.78113395e-01
  5.04843712e-01  1.83971494e-01  5.51269054e-01 -3.72763723e-03
 -3.73586744e-01  7.00910449e-01  2.58924723e-01 -1.13427177e-01
 -1.14494896e+00  8.60919654e-02 -4.38874513e-02  1.14973307e+00
 -3.69563401e-01 -6.38919771e-02  3.09442103e-01 -2.72079676e-01
  1.62437975e-01 -1.70225203e-01  9.49358568e-02  5.17238081e-01
 -2.17390984e-01  3.22399139e-01  9.80210900e-02  2.11977601e-01
 -4.35606778e-01  6.75201118e-01 -4.97597247e-01  1.98630728e-02
  1.61128998e-01 -7.10499763e-01  7.63824284e-02 -2.52768934e-01
  9.40624774e-02 -9.41874981e-01 -2.49808058e-01 -6.13230884e-01
  7.20827401e-01 -2.76525021e-01  5.66654027e-01 -6.30927324e-01
  4.13253456e-01  6.99220896e-01 -3.56368124e-02  2.91758329e-02
 -8.34294856e-02  7.19662070e-01  5.33162057e-02  5.12755513e-02
  1.27810287e+00 -1.17674008e-01 -3.00030708e-02 -1.77405328e-02
 -2.52572656e-01 -1.16841428e-01 -9.47253704e-02  3.18761989e-02
  2.20605254e-01 -2.16634572e-03  2.55106986e-01 -6.67130828e-01
  4.04744744e-01 -2.17898801e-01 -8.22537303e-01  8.83275121e-02
 -1.53671741e-01 -2.15836570e-01 -4.15351450e-01  4.79956806e-01
  2.79131502e-01  6.82810783e-01 -7.29260325e-01 -2.60032326e-01]


第3类： ['不做呼叫中心吗', '你们的呼叫中心是云呼叫吗', '你们这个呼叫中心', '你们这个呼叫中心', '公司想建立呼叫中心', '关于呼叫中心的产品白皮书', '可以定制呼叫中心吗', '呼叫中心云服务的那个网站', '呼叫中心可以代理吗', '呼叫中心和在线客服项目', '呼叫中心多少钱', '呼叫中心怎么建立', '呼叫中心有吗', '呼叫中心服务是啥意思', '呼叫中心的催收', '呼叫中心的客服语音质检', '呼叫中心这个不太清楚', '呼叫中心那种功能', '咱们这个呼叫中心', '外包呼叫中心', '天客云呼叫平台为虚拟呼叫中心', '天客云呼叫平台为虚拟呼叫中心', '天客云呼叫平台为虚拟呼叫中心', '天客云呼叫平台为虚拟呼叫中心', '应该叫呼叫中心', '建呼叫中心的费用', '我们不要呼叫中心', '我们天客云呼叫平台为虚拟呼叫中心', '我们想租云呼叫中心', '我们要自建呼叫中心', '我想建一个呼叫中心', '我是呼叫中心平台', '我这边想安装呼叫中心', '有云呼叫中心吗', '贵公司呼叫中心', '这个呼叫中心里面有客户中心吗', '这个呼叫中心里面有客户中心吗']
语义向量：[-0.07622639  0.27810972  0.18156663  0.10484985 -0.1461199   0.02180415
  0.04227285 -0.23192594 -0.14733535  0.12850087  0.06429633  0.15633972
  0.04779447 -0.17155283  0.07911869  0.0783709  -0.25179969  0.07579624
  0.021889   -0.37589265 -0.29453079  0.055035    0.18981038 -0.05010617
 -0.20072926 -0.12524574  0.23983761  0.00896568 -0.02194435  0.17611315
 -0.16110089 -0.2367186  -0.02544102  0.19334581 -0.24301936 -0.16805013
 -0.06069031 -0.41938345 -0.14930136  0.28237194 -0.03566442 -0.07503256
 -0.12130686  0.34226629  0.03867996  0.20790925  0.06378693  0.04070829
  0.47142547  0.31235022 -0.31735071  0.02079774  0.22629125 -0.14365228
 -0.40778826  0.03619924 -0.10378693 -0.03828819  0.14041965 -0.084517
  0.17604927  0.03135096 -0.25160392 -0.23785498 -0.40761598 -0.13670684
  0.27796017 -0.36147795 -0.38608572 -0.32648665  0.13896274 -0.04586843
 -0.17988142  0.29667262 -0.31566011 -0.30150411 -0.19584951  0.22108224
 -0.00577786 -0.43930475 -0.256042   -0.10919625  0.30288938 -0.06896909
 -0.01560369  0.04143264  0.1636124  -0.16827449  0.19405695  0.43351394
  0.45013882 -0.09191491 -0.08054893 -0.29760037  0.24499899 -0.20929211
  0.22266876  0.26092774  0.13241905 -0.03258242  0.33992655 -0.19069139
  0.05338361  0.06937405 -0.06487497 -0.11290418 -0.21085799  0.05414019
 -0.16327875 -0.08912879 -0.11995509  0.07913444 -0.35338062  0.1514316
  0.22200214 -0.01717979 -0.05329627 -0.03178251 -0.40266367 -0.1187733
  0.29152805 -0.55296908 -0.29904262  0.22994941  0.28699748  0.06402412
  0.04977212 -0.27390218  0.19574108  0.24981844 -0.23222863 -0.24536214
  0.18152898  0.06136516  0.30922857  0.02987401  0.2674891  -0.19344303
 -0.06737563  0.17153823 -0.09085808  0.21900928  0.50693117 -0.09183095
  0.06291957  0.16018251  0.02792602  0.22194593  0.00497689  0.39123638
 -0.02825366 -0.25596579 -0.16924207  0.12891614  0.12176175  0.22077969
  0.08285127 -0.3250906   0.16133213  0.02035144  0.30307808 -0.18009394
  0.32889053  0.0395055  -0.26004409  0.11477001 -0.36571279 -0.26594265
  0.22154348  0.0211493   0.0910193  -0.29034383  0.094191   -0.00846686
 -0.16386194 -0.09640201 -0.18200073  0.35446135  0.57227257  0.32281213
  0.21905725  0.21823279  0.04184314 -0.16041563 -0.43750075 -0.30766485
 -0.32007084  0.19500058 -0.42833229  0.12787808  0.07280514 -0.01863586
  0.10556142 -0.20346093 -0.06106291 -0.24048585  0.15731751  0.40823015
 -0.09052782  0.09400084 -0.32031387 -0.08187413 -0.29039863 -0.13910218
  0.00453993 -0.00898221  0.55136277  0.07730105  0.42523397 -0.07575988
  0.24281333  0.04986296 -0.02563382 -0.15388022  0.30436453  0.23625413
 -0.22040345  0.22065345  0.08336586  0.07534779  0.12969425 -0.05905167
  0.05268181  0.09238479  0.0210988   0.07294058 -0.04349967  0.1088405
  0.2094025   0.05228893  0.23285745 -0.01138082 -0.16821982  0.3207887
  0.12877626 -0.07052803 -0.51066429  0.02347805 -0.00342741  0.53078202
 -0.13654896 -0.0413358   0.12555778 -0.11897656  0.08524374 -0.09638944
  0.05054942  0.22127249 -0.06987115  0.14632716  0.04429335  0.09397421
 -0.1981612   0.28574964 -0.20718181  0.00721759  0.06007337 -0.32838697
  0.0275902  -0.11254688  0.06564799 -0.41556707 -0.09652227 -0.30568163
  0.31752454 -0.13451329  0.23849382 -0.27294713  0.17983391  0.29298983
 -0.03431953  0.00898583 -0.02678234  0.29208826  0.0122508   0.04747307
  0.58588422 -0.04768774 -0.0182812  -0.01365457 -0.12167593 -0.0529901
 -0.04592371  0.00966674  0.11543719 -0.01250866  0.13293289 -0.32270553
  0.18603974 -0.06282377 -0.36243848  0.03747047 -0.07213367 -0.09983754
 -0.17117298  0.20170001  0.12694175  0.2829285  -0.3233987  -0.10905927]


第4类： ['不是呼叫中心', '不是呼叫中心', '不用呼叫中心', '了解呼叫中心', '你们呼叫中心', '办呼叫中心', '呼叫中心业务', '呼叫中心吧', '呼叫中心客服', '呼叫中心的', '呼叫中心线路', '是呼叫中心', '有没有呼叫中心', '请问呼叫中心', '通过呼叫中心']
语义向量：[-1.40328005e-01  4.19382930e-01  2.84924328e-01  1.65851399e-01
 -2.09704384e-01  4.20909822e-02  4.13412042e-02 -3.66391212e-01
 -2.23346114e-01  2.10951805e-01  9.79068503e-02  2.29663908e-01
  9.45955887e-02 -2.88406044e-01  1.28556445e-01  1.42588437e-01
 -3.55866045e-01  1.37649536e-01  6.33268505e-02 -5.63449681e-01
 -4.20704037e-01  6.09148405e-02  3.32522273e-01 -5.85657246e-02
 -2.52701223e-01 -2.06383839e-01  3.75075668e-01  4.74715047e-02
 -4.65219617e-02  2.75905877e-01 -2.10767582e-01 -3.10586661e-01
 -2.78678536e-03  3.23826939e-01 -3.50188762e-01 -2.29849264e-01
 -1.03293441e-01 -6.00854874e-01 -2.69945234e-01  4.21208590e-01
 -2.49179751e-02 -8.03849101e-02 -1.79156616e-01  5.04884064e-01
  6.74581900e-02  2.97337830e-01  1.43064320e-01  9.05773342e-02
  7.24344969e-01  4.50302750e-01 -4.31154460e-01 -3.90876345e-02
  3.18412542e-01 -2.32968748e-01 -5.87748170e-01  5.31788953e-02
 -1.89636305e-01 -6.49537668e-02  2.40785971e-01 -1.11260392e-01
  2.66191095e-01 -2.79538333e-04 -3.85008901e-01 -3.19319993e-01
 -5.95955729e-01 -1.89686731e-01  4.34587568e-01 -5.08817852e-01
 -5.72442770e-01 -4.51634079e-01  2.02377975e-01 -7.09882602e-02
 -2.61243910e-01  4.38056946e-01 -5.02674103e-01 -4.47388411e-01
 -2.65677243e-01  2.81212419e-01 -1.26777263e-02 -6.29792511e-01
 -3.79764080e-01 -2.02648774e-01  4.21611667e-01 -7.49468803e-02
 -2.48242076e-02  6.29528537e-02  2.30748534e-01 -2.74329036e-01
  3.28290939e-01  6.51260853e-01  6.68697298e-01 -9.80892777e-02
 -1.29790768e-01 -4.21944827e-01  3.82056952e-01 -2.75755584e-01
  3.30006868e-01  4.19930249e-01  1.97952092e-01 -5.68825640e-02
  5.32477617e-01 -2.61315137e-01  6.98462650e-02  4.43248563e-02
 -1.02890708e-01 -1.72763899e-01 -2.96790093e-01  3.28141898e-02
 -2.52427250e-01 -1.31392181e-01 -1.65530398e-01  1.61540434e-01
 -5.44269562e-01  1.99507102e-01  3.59229177e-01 -4.68063802e-02
 -8.72699693e-02 -6.27514869e-02 -5.63533068e-01 -1.97905421e-01
  4.42000479e-01 -8.19231212e-01 -3.90859842e-01  3.59281927e-01
  4.11708593e-01  9.56287906e-02  8.97629634e-02 -4.37194109e-01
  2.75414109e-01  3.52735043e-01 -3.39542240e-01 -3.84544760e-01
  2.44459197e-01  8.54734108e-02  4.43919212e-01 -2.48261299e-02
  4.00770664e-01 -2.15248570e-01 -9.96830836e-02  2.46153787e-01
 -1.03052102e-01  3.41473550e-01  7.41956413e-01 -1.54393747e-01
  5.56990169e-02  2.57528812e-01  8.77449512e-02  3.02012801e-01
 -7.44273374e-03  5.84244907e-01 -4.34963889e-02 -4.30295587e-01
 -2.36426398e-01  1.95581511e-01  1.91651270e-01  3.24786454e-01
  1.40852794e-01 -4.82692361e-01  1.98802948e-01  3.26073468e-02
  4.35657620e-01 -2.68606573e-01  4.97196347e-01  3.33274395e-04
 -3.77098799e-01  1.52204379e-01 -5.30623853e-01 -3.88419658e-01
  3.18066746e-01  7.63046369e-02  1.71569899e-01 -4.02475923e-01
  1.51385367e-01 -2.59562824e-02 -2.45905235e-01 -1.18939765e-01
 -2.69667357e-01  5.09514868e-01  8.52681100e-01  4.83381510e-01
  3.08393776e-01  3.28794241e-01  2.88825724e-02 -2.25826934e-01
 -6.60436630e-01 -5.17921686e-01 -4.64474767e-01  3.27080101e-01
 -6.32510722e-01  1.79839090e-01  1.23145558e-01 -3.93712036e-02
  1.33587286e-01 -3.22131008e-01 -3.83544862e-02 -3.47363383e-01
  2.41393566e-01  5.94719589e-01 -1.11471511e-01  1.27203733e-01
 -4.57261652e-01 -1.28723666e-01 -4.37655449e-01 -2.14398131e-01
  2.09995899e-02  8.58732965e-03  8.32751811e-01  9.72400978e-02
  6.16276920e-01 -1.30098894e-01  3.64954948e-01  6.88783973e-02
 -3.14129740e-02 -2.29555130e-01  4.09259170e-01  3.84559959e-01
 -3.34086746e-01  3.35276634e-01  1.91919968e-01  7.94769898e-02
  2.18413964e-01 -8.46210197e-02  4.33687605e-02  1.52004734e-01
  5.13058640e-02  8.13828707e-02 -7.12247565e-02  1.85408935e-01
  3.36562485e-01  1.22647665e-01  3.67512703e-01 -2.48509157e-03
 -2.49057829e-01  4.67273623e-01  1.72616482e-01 -7.56181180e-02
 -7.63299286e-01  5.73946424e-02 -2.92583015e-02  7.66488731e-01
 -2.46375605e-01 -4.25946526e-02  2.06294730e-01 -1.81386456e-01
  1.08291984e-01 -1.13483466e-01  6.32905737e-02  3.44825387e-01
 -1.44927323e-01  2.14932755e-01  6.53473958e-02  1.41318396e-01
 -2.90404528e-01  4.50134069e-01 -3.31731498e-01  1.32420482e-02
  1.07419334e-01 -4.73666519e-01  5.09216189e-02 -1.68512627e-01
  6.27083182e-02 -6.27916634e-01 -1.66538700e-01 -4.08820599e-01
  4.80551600e-01 -1.84350014e-01  3.77769351e-01 -4.20618206e-01
  2.75502294e-01  4.66147274e-01 -2.37578750e-02  1.94505546e-02
 -5.56196570e-02  4.79774714e-01  3.55441384e-02  3.41836996e-02
  8.52068603e-01 -7.84493387e-02 -2.00020466e-02 -1.18270218e-02
 -1.68381765e-01 -7.78942853e-02 -6.31502494e-02  2.12507993e-02
  1.47070169e-01 -1.44423044e-03  1.70071319e-01 -4.44753885e-01
  2.69829839e-01 -1.45265862e-01 -5.48358202e-01  5.88850081e-02
 -1.02447830e-01 -1.43891051e-01 -2.76900977e-01  3.19971204e-01
  1.86087668e-01  4.55207199e-01 -4.86173540e-01 -1.73354879e-01]


第5类： ['主要就是智能呼叫为主', '云呼叫是用来做什么的', '他们加入的话是呼叫哪个号码', '你们做排队叫号和呼叫对讲吗', '你们公司布蜀呼叫座席的是吗', '你们提供呼叫外包服务', '你们提供国际语音呼叫吗', '你们是不是也是呼叫', '你们这个云呼叫是怎么个模式额', '你们这边的呼叫中心是搭建在阿里云还是自己的服务器里的', '使用互联网呼叫就可以了吗', '使用计算机呼叫时又提示需要安装一个插件', '可以不断的呼叫别人号码是吗', '可以实现电话号码呼叫吗', '呼叫完还要输入什么号码吗', '呼叫小广告的', '呼叫我要输入电话号码', '咱们是做云呼叫是么', '在有个呼叫我的地方我输入了我的电话号码', '如果我们要搭建云呼叫的话', '导入自己号码呼叫', '就是不停的呼叫同一个号码', '就是呼叫的电话号码需要自己买吗', '就是我不用呼叫这个英国号码', '就是普通的呼叫就行', '想了解下智能语音呼叫', '我就是需要一直呼叫一个人的电话号码', '我想咨询一下关于云呼叫的资费和模式的问题', '我想咨询一下客服呼叫坐席费用', '我意思是不提供呼叫外包服务吧', '我看到你们主页语音呼叫', '我看网站上有一个呼叫我', '我能听一下你们语音呼叫的示例吗', '我这边想搭建一个呼叫平台', '或者有自动呼叫机器人吗', '方便发一下关于呼叫中心的资料给我下吗', '是那种自动呼叫吗', '用计算机呼叫自动拨号是吧', '病人呼叫然后护士站响应', '能不能对外呼叫呢', '自动呼叫的价格是多少', '计算机呼叫以后还是听不到声音呢', '计算机呼叫功能也有包含吗', '计算机呼叫展示效果是怎样', '请问下天客云的呼叫中心和智能外呼价格表在哪里看', '请问你们做双向呼叫么', '请问您公司可以提供呼叫中心客服外包业务', '还有个呼叫我要填电话号码', '这个功能我们之前叫被动式呼叫', '那个呼叫技术支持是干什么的', '那你们的网络呼叫和微信网络呼叫有什么区别么', '那参会者怎么被呼叫到呢', '那呼叫这个中国号码就是计国际长途的费用的了', '那如果采用呼叫我功能', '那我怎么呼叫别人呀', '音频链接是点呼叫我还是我将呼入', '页面的样式和呼叫的方式等等']
语义向量：[-3.08826275e-02  1.01160963e-01  3.35078496e-02  4.56269940e-02
 -4.21804127e-02 -4.20591555e-02  4.16843847e-02 -7.27335516e-02
 -5.44234201e-02  1.24851885e-01  2.58602266e-02  4.97278647e-02
  2.31628366e-02 -2.22901112e-03  3.40378330e-02  4.78431934e-02
 -4.44733341e-02  3.77501956e-02  1.25332806e-02 -1.12204796e-01
 -1.17880838e-01 -1.34552689e-02  8.10329256e-02 -2.53282648e-02
 -7.98201432e-02 -1.15211525e-02  6.37822863e-02 -2.01160412e-02
 -1.08625642e-01  3.13027040e-02 -1.17943416e-01 -8.86420609e-02
 -6.21439108e-02  1.05956716e-01 -6.65904352e-02 -9.56214005e-02
 -9.31598045e-03 -2.35658203e-01 -3.52629578e-02  1.07353320e-01
 -3.85683662e-02 -4.64192556e-02 -5.29951401e-02  1.61763661e-01
  2.48560176e-02  7.07871732e-02  2.90427355e-02  3.97184839e-02
  1.79680370e-01  1.57688334e-01 -1.65231224e-01  4.17939069e-02
  1.05126877e-01 -7.94887282e-02 -1.34957331e-01  7.16116729e-02
 -2.55244450e-02 -4.20505349e-02 -5.35524555e-02 -5.69041633e-02
  5.94694807e-02  1.46997868e-02 -7.53224113e-02 -1.13598714e-01
 -2.11975044e-01 -1.12181835e-01  4.78766808e-02 -1.65735641e-01
 -1.31514698e-01 -1.40132313e-01  4.11267848e-02 -2.57501978e-02
 -8.30447221e-02  9.61924271e-02 -1.22400849e-01 -7.69365510e-02
 -8.89645122e-02  1.22351630e-01 -2.79987973e-02 -2.04242687e-01
 -5.59460698e-02 -2.46175899e-02  1.70600760e-01  5.11798129e-02
 -5.07701573e-02 -2.69758943e-02  2.57597480e-02 -8.24932952e-02
  3.11496542e-02  2.06802115e-01  1.88924815e-01 -3.20142901e-02
 -3.86263680e-03 -6.48885894e-02  1.19345268e-01 -1.33048910e-01
  7.71166617e-02  6.02030160e-02  2.18358327e-02 -2.18674345e-02
  1.62908254e-01 -4.38143885e-02  5.53666102e-02  9.16430079e-02
 -3.39635700e-02 -1.22461063e-01 -5.17438810e-02  5.91894604e-02
 -5.39450441e-02 -1.97125122e-02 -3.87224698e-02 -2.68591234e-02
 -1.39140675e-01  9.19115741e-02  2.27990005e-02 -8.58805985e-03
 -2.96671174e-02  3.38366834e-02 -2.10787081e-01 -2.29486795e-02
  1.09821845e-01 -2.32056693e-01 -1.18619073e-01  1.26115414e-01
  8.38633750e-02  1.63142785e-02  8.97797953e-02 -1.00199799e-01
  1.26007676e-01  9.19547976e-02 -8.00804240e-02 -7.20345195e-02
  6.26318198e-02  7.72771431e-02  1.55868755e-01  5.05422703e-02
  1.55947974e-01 -1.12765437e-01 -1.03157431e-01  8.10222468e-02
 -7.18151194e-02  1.29371869e-01  2.74890666e-01  1.36160278e-02
  3.00664429e-02  4.29497842e-02  1.17248800e-02  2.90651056e-02
  2.57481727e-03  1.40619780e-01 -2.47521277e-02 -6.72719687e-02
 -9.48576862e-02  9.51522084e-02  5.32841147e-03  1.23754564e-01
  6.03343365e-02 -1.31433698e-01  1.09073982e-01 -1.40884742e-02
  9.78221508e-02 -1.08013650e-01  1.27281778e-01  7.76456703e-03
 -8.48832112e-02  1.27999039e-02 -1.54949541e-01 -8.04441537e-02
  9.48105144e-02 -1.40154154e-04  3.05009365e-02 -1.96445156e-01
  8.71606451e-02 -7.76805696e-03 -1.92197247e-02 -9.49484267e-03
 -2.22660560e-02  1.12683224e-01  1.95105940e-01  1.62304646e-01
  6.82659975e-02  9.44043478e-02  2.88774736e-02 -5.02865534e-02
 -1.69114106e-01 -1.27280141e-01 -6.58483264e-02 -3.93995791e-04
 -1.49099978e-01  1.00304633e-01  2.42397708e-02 -7.78146984e-02
  1.50797977e-02 -4.57670609e-02 -1.03467509e-01 -2.63541766e-02
  9.91332911e-02  1.83102340e-01 -7.19919253e-02  7.22805564e-02
 -1.48506514e-01 -6.39752871e-02 -1.33342249e-01 -9.29296181e-02
  1.63446486e-02 -3.76344291e-04  2.36551614e-01  1.21525220e-01
  1.71639478e-01 -2.04201772e-02  9.64023166e-02  2.10349605e-02
 -8.63385917e-03 -3.82857947e-02  1.86688960e-01  7.25763681e-02
 -1.42990473e-01  7.42187950e-02 -1.02930518e-02  3.77296750e-02
  1.87409172e-02 -4.28155113e-02  2.87436228e-02  6.28412512e-03
  1.95007608e-02  7.87138844e-02 -6.00212763e-02  7.76768002e-02
  3.38518515e-02  2.91952872e-02  8.83346666e-02 -3.88989799e-02
 -9.90113815e-02  9.82680584e-02  6.66577143e-02 -4.63560419e-02
 -2.40972152e-01 -1.70794206e-02 -1.31185651e-02  2.03606142e-01
 -5.15664660e-02  8.82505655e-03 -5.64992777e-03 -3.64467481e-02
  4.36726220e-02 -1.70366357e-02  3.98160751e-04  5.94708017e-02
 -1.65980584e-02  1.24078036e-02  1.43060724e-02  4.56792212e-02
 -8.51423775e-02  1.15766632e-01 -9.55015907e-02 -1.96079913e-02
  1.86943735e-02 -1.14367199e-01  1.76194758e-02 -3.90074885e-02
  1.76129371e-02 -1.94915150e-01 -5.51898975e-02 -1.07631756e-01
  1.82130974e-01 -1.92048641e-02  4.93457802e-02 -1.06004053e-01
  9.85675516e-02  1.35019790e-01  5.88040467e-02 -3.52832662e-03
  2.75826057e-02  1.37082312e-01  5.20213248e-02 -1.73154814e-02
  2.50079601e-01 -1.74586291e-02 -8.22787518e-02  4.57506145e-02
 -1.01070416e-01 -3.27213551e-02 -1.04103137e-02  2.90653525e-02
  3.94663106e-02  3.50896440e-03  7.01976618e-02 -1.27873937e-01
  9.64604548e-02 -6.44013227e-02 -1.19799171e-01 -2.94073033e-02
 -4.00807736e-02 -1.48884903e-04 -4.32907244e-02  2.92740768e-02
  2.48761240e-02  1.06253608e-01 -1.41357744e-01 -7.70556397e-02]


第6类： ['不仅仅是呼叫', '了解下云呼叫产品', '使用计算机呼叫', '呼叫平台', '呼叫平台', '呼叫平台的', '呼叫弹屏', '呼叫的号码', '就是呼叫别人', '是呼叫我', '是语音呼叫吗', '显示通过互联网呼叫', '机器人呼叫', '被呼叫方', '计算机怎么呼叫']
语义向量：[-7.29552515e-02  2.36716516e-01  8.79943721e-02  1.07220090e-01
 -5.53379038e-02 -1.20444884e-01  1.09552161e-01 -1.83025222e-01
 -1.21098246e-01  3.23399711e-01  4.09823137e-02  1.02444586e-01
  7.06281394e-02  2.04190313e-02  7.11434182e-02  1.14859236e-01
 -5.41002738e-02  1.04701411e-01  1.41616544e-02 -2.12343172e-01
 -2.32922361e-01 -5.89079417e-02  2.39449645e-01 -5.96947155e-02
 -1.40114401e-01 -2.82500533e-02  1.67010937e-01 -2.59089413e-02
 -2.78956120e-01  6.07494133e-02 -2.65175603e-01 -1.75843947e-01
 -1.04054919e-01  2.75042429e-01 -1.52755113e-01 -2.21742192e-01
 -2.73598342e-02 -5.28633050e-01 -1.25571724e-01  2.34197349e-01
 -5.65384102e-02 -9.51181903e-02 -1.04960140e-01  3.71573820e-01
  6.82980324e-02  1.35284882e-01  1.33221003e-01  1.37654689e-01
  4.39340864e-01  3.54501059e-01 -3.83242761e-01  4.93077623e-02
  2.15717126e-01 -1.72934730e-01 -2.89639567e-01  1.74101130e-01
 -7.47023235e-02 -7.95550406e-02 -1.10409986e-01 -1.19545547e-01
  1.15800634e-01 -6.23215362e-04 -1.35994064e-01 -2.35995304e-01
 -4.94805058e-01 -2.57818548e-01  8.05790986e-02 -3.43158416e-01
 -2.72352861e-01 -2.89428259e-01  7.62609407e-02 -1.14252862e-01
 -1.86498822e-01  1.90395398e-01 -2.77735413e-01 -1.45473262e-01
 -1.92072226e-01  2.67548947e-01 -6.53369304e-02 -4.40880710e-01
 -1.06301885e-01 -4.44117149e-02  3.85179547e-01  1.39030403e-01
 -1.24438555e-01 -8.54547655e-02  4.83747542e-02 -2.23527020e-01
  7.46776983e-02  4.62808510e-01  4.53738719e-01 -6.05610833e-02
  2.81750701e-02 -1.17850009e-01  3.08693703e-01 -2.90239513e-01
  1.82765523e-01  1.35401425e-01  5.73379283e-02 -6.87100835e-02
  3.94760933e-01 -7.36759593e-02  1.24684811e-01  1.74529666e-01
 -8.56787329e-02 -3.14226196e-01 -8.03009915e-02  1.12722294e-01
 -1.52507230e-01 -1.21317273e-02 -7.84089493e-02 -5.47345735e-02
 -3.19564805e-01  2.02613509e-01  5.40565434e-02 -7.20094174e-02
 -7.72335260e-02  9.00945534e-02 -4.77358665e-01 -6.05222700e-02
  2.41883171e-01 -5.17665883e-01 -2.23393110e-01  3.03951472e-01
  1.49717235e-01  3.83657268e-02  2.31002639e-01 -2.45129649e-01
  2.81565287e-01  1.63774376e-01 -1.80636452e-01 -1.66397432e-01
  1.00808803e-01  1.68028618e-01  3.54226885e-01  8.05801692e-02
  3.86497405e-01 -2.34026273e-01 -2.46990123e-01  1.84682294e-01
 -1.29477162e-01  3.24810734e-01  6.21227302e-01  3.61731178e-02
  6.06467376e-03  9.93165898e-02  6.52031993e-02  2.96935732e-02
  1.52827360e-02  3.12280162e-01 -5.36480274e-02 -1.72945126e-01
 -1.95470639e-01  2.31664437e-01 -1.43456257e-02  2.65323690e-01
  1.52039228e-01 -3.13743116e-01  2.31323807e-01 -3.19061775e-02
  1.86278586e-01 -2.55715335e-01  2.61374892e-01 -3.65360732e-02
 -1.87769541e-01  7.57174972e-03 -3.13510311e-01 -1.64568586e-01
  2.08521679e-01  2.13881982e-02  8.49900649e-02 -4.41528054e-01
  2.35016226e-01 -1.73108682e-02 -4.93263682e-02  7.65943720e-03
 -1.72138721e-02  2.35993547e-01  3.99593457e-01  3.66721133e-01
  1.16680622e-01  2.32842806e-01  3.95679461e-02 -1.21436341e-01
 -3.85922873e-01 -3.26645611e-01 -1.25499144e-01  8.00900894e-03
 -3.20648607e-01  2.23929717e-01  8.24695828e-02 -2.10561157e-01
  1.01394701e-02 -1.00503147e-01 -2.24877659e-01 -2.80606035e-02
  2.25757956e-01  3.96190198e-01 -1.46290017e-01  1.66218956e-01
 -3.14811637e-01 -1.37788695e-01 -3.01506011e-01 -2.30711370e-01
  7.28582017e-02  1.94382845e-02  5.51633855e-01  2.58233890e-01
  3.87180881e-01 -3.85462940e-02  1.96880850e-01  6.02868445e-02
 -1.70461330e-02 -1.04189117e-01  4.01069796e-01  1.94983011e-01
 -3.18784190e-01  1.75702389e-01  1.09750157e-02  6.76354511e-02
  1.96411379e-02 -1.32173167e-01  2.58752406e-02  1.68396461e-02
  5.94649126e-02  1.52130178e-01 -1.82958757e-01  2.12265503e-01
  7.98227611e-02  9.19769665e-02  2.02927291e-01 -5.88760937e-02
 -2.39881836e-01  1.93162672e-01  1.56178938e-01 -1.01071344e-01
 -5.60020014e-01 -2.42687847e-02 -4.34365926e-02  4.50143907e-01
 -1.63704427e-01  5.43990217e-02 -2.81951889e-02 -8.46844512e-02
  1.00941468e-01 -1.59852671e-02 -3.39269042e-03  1.27790139e-01
 -5.52485103e-02  8.35798681e-05  3.68837810e-02  1.12923008e-01
 -1.86887457e-01  2.62238722e-01 -2.63304959e-01 -3.68094387e-02
  5.37918914e-02 -2.27429482e-01  8.09756558e-02 -9.26126512e-02
 -1.04536655e-02 -4.30555702e-01 -1.29799143e-01 -2.11680759e-01
  4.64708289e-01 -3.03883118e-02  9.91554476e-02 -2.66252291e-01
  2.38317572e-01  3.06000847e-01  1.90490351e-01 -2.28137000e-02
  6.14513855e-02  3.25517963e-01  1.67523309e-01 -6.63255003e-02
  5.51882686e-01 -6.74399110e-02 -2.11197006e-01  1.19846394e-01
 -2.44180181e-01 -7.51266534e-02 -6.58676972e-03  6.24355778e-02
  6.64193151e-02  4.01829441e-02  1.29730108e-01 -2.68317042e-01
  1.84393318e-01 -1.83562778e-01 -2.63244333e-01 -8.44169065e-02
 -1.04296520e-01  2.39051009e-02 -9.16909193e-02  8.11597007e-02
  4.93507278e-02  2.58774345e-01 -3.09531619e-01 -1.76977183e-01]


第7类： ['你好咨询下呼叫中心', '你好咨询下咱们的呼叫中心', '咨询一下你们的呼叫', '咨询一下呼叫中心', '咨询一下呼叫中心和客服中心', '咨询呼叫中心的', '我想咨询一下呼叫中心', '我要咨询呼叫中心的费用及使用', '有呼叫中心的产品介绍吗']
语义向量：[-4.70737604e-02  1.52531959e-01  1.14716561e-02  2.89339753e-02
 -1.67824149e-01 -6.06462225e-02  2.12125493e-02 -1.86725037e-01
 -1.95869335e-01  1.29019575e-01  1.40749092e-01  4.13753445e-02
  3.93512021e-02 -2.00249921e-01  4.71144012e-02  7.01856849e-02
 -2.98959427e-01  6.49218259e-02  9.03409744e-02 -3.75757252e-01
 -3.28658938e-01 -4.54198455e-03  2.51233045e-01 -3.54417906e-02
 -1.75550078e-01 -1.32489987e-01  1.89381664e-01 -3.47398097e-02
 -8.84869850e-02  1.11748952e-01 -2.54889164e-01 -2.54805548e-01
 -4.41403451e-02  3.13471324e-02 -3.19197421e-01 -2.56143620e-01
 -1.36454502e-01 -4.70900198e-01  4.82035904e-03  3.65916916e-01
 -1.41204672e-01 -1.28176718e-01 -7.45550560e-02  3.83572867e-01
  1.11565008e-01  1.55759942e-01  5.41023074e-02  3.48308848e-04
  3.67502280e-01  3.02376295e-01 -2.32642947e-01  1.35435839e-01
  1.73782032e-01 -2.32363883e-01 -2.24494362e-01  5.30214932e-02
 -1.26897260e-01 -2.06772830e-02  1.24972617e-01 -2.03354508e-01
  2.00754886e-01  2.21473149e-01 -2.75436383e-01 -2.61572416e-01
 -3.66881977e-01 -2.14344685e-01  2.44700497e-01 -3.77177450e-01
 -4.58031982e-01 -3.77529757e-01  2.16206070e-01  4.49004132e-02
 -2.45250295e-01  3.86055776e-01 -4.21038121e-01 -2.13207786e-01
 -1.91145975e-01  4.09546061e-01 -2.85266435e-02 -5.46885696e-01
 -2.01474624e-01 -8.18124029e-02  3.57679612e-01 -1.20947884e-01
  3.76633917e-03  1.63011019e-01  2.49720405e-01 -7.24792522e-02
  1.69589989e-01  4.41206412e-01  3.67106302e-01 -1.06867020e-01
 -1.36499763e-01 -2.46933280e-01  1.52526986e-01 -2.16996427e-01
  2.36575552e-01  3.48383263e-01  1.09432698e-01  7.58826687e-02
  3.45233863e-01 -3.19156340e-01  1.84791243e-01  1.56685902e-01
 -7.60707462e-02 -1.17018451e-01 -1.94677757e-01  8.17502509e-02
 -8.70540815e-02 -2.53991178e-02 -1.66284646e-01 -1.15139878e-01
 -5.15578346e-01  1.18012209e-01  2.83849721e-01  1.09039519e-01
  6.36417444e-02 -8.03607191e-02 -3.97839990e-01 -1.38707493e-01
  2.77274817e-01 -5.15084624e-01 -4.01501457e-01  2.02319315e-01
  2.87335505e-01 -1.39146500e-01 -2.47205404e-02 -2.31336188e-01
  2.23164560e-01  3.41217356e-01 -2.44387968e-01 -2.01838195e-01
  1.74109920e-01  1.72160952e-01  2.76833985e-01  1.16278056e-02
  2.03874956e-01 -2.63444170e-01 -2.99215362e-02  5.22371491e-02
 -1.77653546e-01  1.18527462e-01  4.98239418e-01  1.82130428e-02
  2.08927128e-01  2.49417458e-01 -1.71116450e-01  2.25066917e-01
 -8.05755630e-02  2.66768168e-01 -8.02140091e-02 -1.96536216e-01
 -2.25312062e-01  2.16324411e-01  3.04111949e-01  2.58741733e-01
  4.85032698e-02 -3.40822160e-01  2.44870426e-01 -3.08721290e-02
  3.41696347e-01 -1.23611684e-01  3.15325138e-01  1.34213857e-02
 -2.48765823e-01  9.41315667e-02 -3.78618575e-01 -3.76397295e-01
  5.29793333e-02  3.82171249e-02  6.21383859e-02 -3.10431010e-01
  1.71358898e-02 -1.37422515e-01 -3.70975733e-02 -9.33435195e-02
 -3.25224411e-01  2.80109703e-01  6.58142517e-01  3.77043363e-01
  2.44081550e-01  2.18619309e-01  1.21433075e-01 -5.79083235e-02
 -3.58700413e-01 -2.66713781e-01 -1.87261590e-01  1.12121257e-01
 -3.47794251e-01  9.41842426e-02  4.22541267e-02 -1.24249628e-01
  1.17219345e-01 -3.28648950e-01 -1.39057822e-01 -1.08046277e-01
  1.89597579e-01  4.54247952e-01 -1.76528234e-01  1.47602153e-01
 -3.12532617e-01 -1.84794201e-01 -2.53993721e-01 -4.45077812e-02
  1.16021644e-02 -1.06285841e-01  4.08813407e-01  3.44834935e-01
  4.40676454e-01 -1.03024542e-01  2.56818869e-01 -1.47583569e-01
 -6.96550086e-02 -9.60659877e-02  3.09161501e-01  2.03901403e-01
 -2.47170476e-01  2.49933036e-01  1.34830974e-01  9.68881630e-02
  1.21357840e-01  3.97529803e-02  1.71169816e-01  1.04942171e-01
 -9.04849615e-02  2.25834204e-01  1.18644478e-01  7.39251359e-02
  5.16199891e-02  1.72955019e-02  1.48431774e-01 -1.18174832e-01
 -1.53925185e-01  3.42331429e-01  1.10777511e-01 -1.41236705e-01
 -5.19407087e-01 -1.12207176e-01 -8.83522621e-02  3.81653196e-01
  5.80258916e-03  7.14060099e-02  9.25103867e-02 -4.41508840e-02
  4.50119643e-02  1.36077058e-02 -8.54414608e-03  2.69832013e-01
  4.76692379e-03  1.61780020e-01 -1.50266082e-02  6.84824060e-02
 -2.64672039e-01  2.60557399e-01 -1.10751290e-01 -9.52467062e-02
  2.85470429e-02 -2.22990142e-01  2.25972701e-02  2.29747786e-02
  1.55422149e-02 -4.45700487e-01 -8.65722352e-02 -3.53452959e-01
  2.98753248e-01 -1.15673252e-01  1.11943487e-01 -2.66809848e-01
  1.28207805e-01  2.55690502e-01 -5.68560843e-02 -3.50837354e-02
  6.28675988e-02  3.17682397e-01 -6.87117376e-02 -6.76306586e-02
  7.38953359e-01  2.52298307e-02  6.27933472e-02 -3.42625909e-02
 -2.74874790e-01 -5.11254010e-02 -1.10816642e-01 -4.10003612e-02
  1.76863745e-01 -1.44562602e-01  2.78615405e-01 -2.93395319e-01
  2.01176872e-01 -8.76348130e-02 -1.59493303e-01  4.76125942e-02
 -1.52875490e-01 -9.96812774e-02 -1.35460926e-01  6.23919918e-02
  2.66015622e-02  1.80724105e-01 -3.78988852e-01 -1.08579835e-01]


