第1类： ['世贸企业咨询', '之前咨询过', '之前直接咨询', '先做咨询', '先咨询一下', '先咨询吧', '前段咨询过', '北京智鼎咨询', '只是咨询一下', '只是咨询下', '咨询开会宝', '咨询错板块', '四川大家咨询', '想咨询一下', '想咨询一下', '想咨询一下', '想咨询一下', '想咨询一下', '想咨询一下', '想咨询一下', '想咨询一下', '想咨询一下', '想咨询一下', '想咨询一下', '想咨询一下', '想咨询一下', '想咨询一下', '想咨询一下', '想咨询一下', '想咨询一下', '想咨询一下', '想咨询下', '想咨询下', '想咨询下', '想咨询下', '想咨询下', '想咨询下', '想咨询下', '想咨询下', '想咨询下', '想咨询下', '想咨询下', '想咨询这个', '想要咨询一下', '我先咨询一下', '我先咨询一下', '我先咨询一下', '我先咨询一下', '我先咨询一下', '我先咨询下', '我先咨询下', '我先咨询下', '我只是咨询', '我只是咨询', '我咨询一下', '我咨询一下', '我咨询一下', '我咨询一下', '我咨询下', '我咨询下', '我咨询下', '我咨询下', '我想咨询', '我想咨询', '我想咨询', '我想咨询', '我想咨询', '我想咨询', '我想咨询', '我想咨询', '我要咨询一下', '有咨询过', '欢迎您来咨询', '没咨询过', '现在在咨询', '现在就是咨询', '现在是咨询', '直接咨询过', '简单咨询一下', '美域商务信息咨询', '联网建筑设计咨询', '西维管理咨询', '设计咨询服务行业']
语义向量：[ 2.59989897e-02 -1.38209016e-01 -2.62596766e-01 -1.23208296e-01
 -1.04928518e-01 -1.50350797e-01  1.75304106e-02  1.84020403e-02
 -1.39690061e-01  6.74159182e-02  1.77786644e-01 -1.56153135e-01
  1.70123203e-02 -9.64353150e-02 -3.13413024e-02  1.01540066e-02
 -1.90219885e-01  3.11796557e-03  1.42930155e-01 -1.59118275e-01
 -1.79069381e-01 -8.98477550e-02  1.25137843e-01 -1.99073689e-02
 -7.01933471e-02 -5.87953238e-02 -1.12503005e-02 -8.85358911e-02
 -1.59273433e-01 -6.23591762e-02 -2.24943328e-01 -1.86541831e-01
 -7.51977215e-02 -2.19416985e-01 -2.09281023e-01 -2.30723034e-01
 -1.31495667e-01 -2.42308791e-01  2.65870234e-01  2.89800039e-01
 -2.37189840e-01 -1.69903102e-01  2.88974852e-02  1.81234199e-01
  1.72145844e-01 -8.23395111e-03 -2.03198599e-02 -6.76786325e-02
 -4.67898880e-02  1.13327193e-01  2.27343757e-02  2.60695504e-01
  9.75415576e-04 -2.17903551e-01  1.81786049e-01  3.98458309e-02
 -7.68291869e-02  5.76702511e-03  6.54130582e-03 -2.55550088e-01
  1.15384705e-01  3.89701519e-01 -1.40842667e-01 -1.50089262e-01
 -7.23346411e-02 -1.99064374e-01  3.71557143e-02 -1.77753755e-01
 -2.77341982e-01 -2.40133849e-01  2.31888444e-01  1.47699741e-01
 -1.97629080e-01  3.08515837e-01 -2.93663431e-01  7.68390503e-02
 -8.75028393e-02  4.68683708e-01 -4.76968919e-02 -4.06078231e-01
  1.78973686e-02  1.47045649e-02  2.33022688e-01 -1.40682820e-01
  4.42714173e-02  2.44265855e-01  2.44355432e-01  1.30668338e-01
  5.40519184e-03  1.88580067e-01 -4.62528135e-03 -9.33498719e-02
 -1.41959033e-01 -4.55275265e-02 -1.41991677e-01 -1.20148547e-01
  9.80260747e-02  2.24156291e-01  1.96471618e-02  2.14448604e-01
  8.61148928e-02 -3.74091643e-01  2.86935009e-01  2.29975052e-01
 -4.20046394e-02 -2.78223704e-02 -9.19103652e-02  1.24094636e-01
  8.56262309e-02  8.40651126e-02 -1.29462245e-01 -3.49410844e-01
 -4.26099534e-01 -1.06627204e-03  1.67567829e-01  2.90779059e-01
  2.16893852e-01 -1.04843134e-01 -1.61436188e-01 -5.49735823e-02
  6.42725566e-02 -1.25291699e-01 -3.48586000e-01  5.17060075e-02
  1.25104954e-01 -3.70090319e-01 -1.10521350e-01 -1.58137583e-02
  1.49490953e-01  2.67107581e-01 -1.44486139e-01  4.99353504e-03
  6.80483197e-02  2.24059679e-01  5.36057038e-02  3.81571265e-02
 -1.68421991e-02 -2.27220235e-01  6.30505438e-02 -1.58764349e-01
 -2.18365046e-01 -1.40433252e-01  1.88389652e-01  1.97215874e-01
  3.05174529e-01  2.46214615e-01 -3.78988319e-01  1.10301597e-01
 -1.76734905e-01 -9.86343610e-02 -9.37619289e-02  3.75787532e-02
 -1.90000608e-01  2.24763433e-01  3.94230790e-01  1.56441757e-01
 -4.24999718e-02 -1.57944722e-01  2.63519104e-01 -1.27493229e-01
  1.83076537e-01  4.73069131e-02  6.83924576e-02 -2.13484071e-02
 -6.48553494e-02 -1.80827176e-02 -1.39425316e-01 -3.04575528e-01
 -2.17291761e-01  1.44586480e-02 -3.08648016e-02 -1.55701462e-01
 -1.22688307e-01 -2.97069845e-01  1.70199004e-01 -5.36896744e-02
 -3.35005560e-01 -1.45399893e-02  3.89960600e-01  2.28715217e-01
  1.33408718e-01  6.36122859e-02  1.93262008e-01  1.34146427e-01
 -6.79893189e-03  4.65793312e-03  1.15699095e-01 -9.33403129e-02
 -1.35119504e-02  4.16329835e-03 -5.69916968e-02 -1.97559657e-01
  5.69010563e-02 -2.81197834e-01 -1.99284354e-01  1.47669210e-01
  1.54314031e-01  2.57442404e-01 -2.25661803e-01  1.38860989e-01
 -1.10963685e-01 -2.09061495e-01 -5.91661822e-02  1.28751874e-01
 -9.17113750e-03 -2.09509534e-01 -6.07159772e-02  5.21490339e-01
  1.93391724e-01 -9.00377120e-02  1.12168064e-01 -3.67966127e-01
 -9.87806954e-02  8.47358450e-02  1.71531879e-01  1.66045602e-02
 -1.27534448e-01  1.65204341e-01  6.50708736e-02  9.16484465e-02
 -2.39491012e-03  1.78221870e-01  2.54188517e-01  3.99595019e-02
 -2.31792932e-01  3.31328828e-01  2.93579707e-01 -4.58714204e-02
 -2.20459739e-01 -1.16882955e-01 -8.12968324e-02 -2.07184604e-01
 -4.33964607e-02  1.43366876e-01 -3.42661821e-04 -1.77039442e-01
 -2.01950108e-01 -2.53135669e-01 -1.28424087e-01 -1.16163379e-01
  2.72631482e-01  1.92813001e-01 -2.55575174e-02  9.90754608e-02
 -4.35130143e-02  1.43311952e-01 -8.27200373e-02  1.78937800e-01
  1.42053618e-01  9.19730276e-02 -9.34187140e-02  2.78803615e-02
 -2.01214490e-01  5.56013529e-02  1.55287433e-01 -1.99781802e-01
 -3.69263283e-02  7.00550714e-02 -1.25433055e-02  2.14214260e-01
 -4.60631319e-02 -2.04262789e-01 -7.65945927e-03 -2.25555084e-01
  6.74795383e-02 -8.50437595e-03 -1.45974885e-01 -6.11697717e-02
 -3.26776994e-02  2.70551781e-02 -1.00406402e-01 -6.48525992e-02
  1.71381114e-01  1.29621528e-01 -1.79046823e-01 -1.50401105e-01
  5.26766500e-01  1.38375371e-01  1.15698584e-01 -5.61858076e-02
 -3.17793032e-01 -5.27340580e-03 -1.39800827e-01 -1.09678806e-01
  1.75318012e-01 -2.51951576e-01  3.57831668e-01 -1.05738925e-01
  1.30118126e-01 -2.43493960e-02  2.56283278e-01  2.28981194e-02
 -1.82949938e-01 -3.38994204e-02 -8.94618889e-03 -2.24522141e-01
 -1.56984652e-01 -9.59141674e-02 -2.33691472e-01 -4.42921557e-02]


第2类： ['一家咨询公司的项目助理', '上次咨询你们说是可以的', '上海斯耐迪工程咨询有限公司', '上海润辰建筑咨询有限公司', '上海祈琛企业管理咨询有限公司', '上海粲科商务咨询有限公司', '上海速瑞商务咨询有限公司', '上海速瑞商务咨询有限公司', '不能从你这儿咨询吗', '主要是想方便用户咨询使用的', '主要现在是在咨询', '之前跟你咨询了', '他们何时咨询的呢', '以前我咨询过你们的人员', '你这边不能咨询技术吗', '先以个人名义咨询吧', '其实几个月前我咨询过', '刚刚咨询的时候已经留了呀', '刚才咨询渠道代理的事情', '北京凹凸教育咨询有限公司', '北京捷越普惠信息咨询有限公司', '北京普罗米斯信息咨询有献公', '北京迪美策方市场咨询有限公司', '单位是北京市富德伊曼教育咨询有限公司', '去年年末的时候我咨询过', '另外我想咨询一下', '可以咨询一下关于孕妇的化验报告吗', '咨询下你有没有这种解决方案', '咱们这边有售前的咨询吗', '四川省寰球永铭投资咨询有限公司', '因为可能想咨询一些其他的东西', '天津顶育咨询上海分公司', '就是客户与网站客服咨询', '建银造价咨询有限责任公司', '您不负责售后咨询吗', '您先帮我咨询一下', '您后续有什么不清楚的可以随时来咨询', '想咨询一下企业服务这一块的哦', '想咨询一下使用方式和贾哥', '想咨询一下怎么计费的', '想咨询下咱们的外呼模式', '想咨询下是否可以做教育培训', '我一会就线下咨询', '我以前咨询过你们', '我们经常有用户向我们作这样的咨询', '我像个星期五咨询过你们', '我先与你咨询一下', '我刚才咨询的那些', '我和您咨询下', '我咨询一商务合作事宜', '我咨询你们就可以是吗', '我咨询的你们的解决方案', '我就想先咨询下', '我就是昨天来咨询的魏先生', '我已经咨询完了', '我帮别的朋友咨询的', '我帮朋友咨询的', '我想先咨询一下费用哈', '我想先咨询下', '我想向你咨询下', '我想向您咨询一下关于', '我想咨询一下企业内部培训的事情', '我想咨询一下你们', '我想咨询一下你们', '我想咨询一下你们外呼怎么外包', '我想咨询一下你们的智能语音外呼', '我想咨询一下你们的服务和费用', '我想咨询一下你们那边的产品', '我想咨询一下关于', '我想咨询一下协作混合云', '我想咨询一下售前的一些东西', '我想咨询一下外呼', '我想咨询一下我们用', '我想咨询一些业务', '我想咨询下你们', '我想咨询下做一套外呼中心', '我想咨询下咱们是', '我想咨询下这个', '我想咨询下这个大概是什么费用', '我想咨询是否可以代理签署', '我想咨询更多信息是和你这边继续沟通还是有专门人负责呢', '我提前来咨询一下', '我昨天咨询过了', '我昨天咨询过的', '我是刚才咨询的', '我是想先咨询下', '我是想咨询你们的', '我是想咨询就医的事', '我是想咨询这个产品的一些参数', '我替我一个朋友咨询一下', '我现在只是咨询一下', '我这边公司需要了解咨询一下', '所以想先来咨询一下', '所以想咨询一下你们这里能买吗', '所以想咨询下你们', '所以想咨询下科天云是不是他的中国代理', '所以我不太确定是否有同事咨询过啊', '所以跟您这边咨询一下', '技术驻点还是客服咨询', '昨天我咨询过了', '是可以咨询的吗', '是可以在线咨询的吗', '是咨询火车票的嘛', '是比如做一个小时咨询', '有疑问我再咨询', '武汉三良行投资咨询有限公司', '武汉锦盛瑞鑫商务咨询有限公司', '深圳启润德管理咨询有限公司', '深圳市一网学教育咨询有限公司', '现在在咨询暂时不能确定哈', '目前在做技术支持和咨询', '福建中科多特教育咨询有限公司', '等我咨询了解清楚了', '请问你们在线咨询医生的可以投诉吗', '还是刚刚咨询你的', '还有我想咨询一下', '这就是我想要咨询的哈', '那您这能咨询到什么', '里贝拉商务咨询有限公司', '领导命我咨询下具体']
语义向量：[ 1.29519603e-02 -6.34339389e-02 -1.29382363e-01 -6.07453679e-02
 -5.65117293e-02 -7.60636797e-02  1.01021398e-02  8.35158696e-03
 -7.28193336e-02  2.95122934e-02  8.87934015e-02 -7.50496802e-02
  2.66892046e-03 -4.91465791e-02 -1.63992053e-02  2.94583860e-03
 -1.00532067e-01 -7.16269238e-04  6.68795139e-02 -8.22867810e-02
 -9.38993822e-02 -3.96741930e-02  6.26273402e-02 -1.35498809e-02
 -4.24970980e-02 -2.76875336e-02 -5.77899831e-03 -5.06005423e-02
 -7.47504193e-02 -3.03984991e-02 -1.18780652e-01 -9.80622923e-02
 -4.18562291e-02 -1.14739485e-01 -1.11103950e-01 -1.20669317e-01
 -6.57277083e-02 -1.28094515e-01  1.36748537e-01  1.45397146e-01
 -1.22727821e-01 -8.92518839e-02  1.45132188e-02  9.62841121e-02
  8.31279075e-02 -2.37628870e-03 -1.45872217e-02 -3.83831799e-02
 -2.23205860e-02  5.96244088e-02  5.05352336e-03  1.36156284e-01
  2.63770838e-03 -1.08397595e-01  8.49020500e-02  1.96132811e-02
 -3.37388131e-02  3.79564170e-03  4.84539880e-03 -1.32862991e-01
  6.15433918e-02  2.03185802e-01 -7.22520923e-02 -8.35529045e-02
 -4.10820545e-02 -1.01311667e-01  2.12706027e-02 -9.79643942e-02
 -1.44964171e-01 -1.29738703e-01  1.18922024e-01  7.61155907e-02
 -1.00489778e-01  1.55967524e-01 -1.44687060e-01  3.43444024e-02
 -4.85607952e-02  2.43706224e-01 -2.38813822e-02 -2.07748574e-01
  6.76882650e-03  1.00666281e-02  1.21482835e-01 -7.71511889e-02
  2.10794517e-02  1.25705892e-01  1.26707768e-01  6.85409101e-02
 -5.79582096e-04  9.42976938e-02  1.20551484e-03 -5.38524189e-02
 -7.28552043e-02 -2.89231394e-02 -6.61536848e-02 -6.44038352e-02
  5.16451459e-02  1.13671783e-01  1.20628999e-02  1.07008586e-01
  4.48478899e-02 -1.90261893e-01  1.43695081e-01  1.19806216e-01
 -2.03329315e-02 -1.25843780e-02 -4.86877896e-02  6.67177103e-02
  4.07387657e-02  4.17316548e-02 -6.86393067e-02 -1.78442450e-01
 -2.13862429e-01  5.92755575e-03  8.62982329e-02  1.42602546e-01
  1.06830900e-01 -4.98045164e-02 -8.77340796e-02 -2.87189319e-02
  3.20971086e-02 -6.97974464e-02 -1.78632714e-01  2.25078976e-02
  6.62324867e-02 -1.82545279e-01 -5.96336982e-02 -1.00027814e-02
  7.73946823e-02  1.38298131e-01 -7.45770360e-02  1.72518209e-03
  4.01062027e-02  1.13455301e-01  3.35982529e-02  2.73721807e-02
 -6.08020812e-03 -1.24966515e-01  3.24930628e-02 -7.78134646e-02
 -1.15866231e-01 -6.95122343e-02  9.70478690e-02  9.64791659e-02
  1.60965217e-01  1.19335423e-01 -1.93620700e-01  6.34661471e-02
 -8.37984891e-02 -4.53214630e-02 -4.77174527e-02  1.84076420e-02
 -9.81620826e-02  1.11367258e-01  1.97982973e-01  8.15338456e-02
 -2.17572861e-02 -8.54116403e-02  1.34867019e-01 -5.95617637e-02
  1.00878351e-01  2.14452531e-02  3.74508977e-02  1.61571217e-03
 -3.65630037e-02 -4.17795866e-03 -7.85933102e-02 -1.56214189e-01
 -1.05255072e-01  1.75112203e-03 -1.75897863e-02 -8.14607003e-02
 -6.30133642e-02 -1.43098063e-01  8.35007632e-02 -3.02339466e-02
 -1.73003362e-01 -3.06020704e-05  2.00656045e-01  1.17260569e-01
  7.47180545e-02  3.58046853e-02  1.01128519e-01  6.37314552e-02
 -6.52277661e-03  4.81659435e-03  5.03182171e-02 -4.62741304e-02
 -1.35561813e-02  5.64158474e-04 -3.05339228e-02 -9.61865775e-02
  3.48714405e-02 -1.42358323e-01 -1.01755945e-01  6.90253229e-02
  7.10082164e-02  1.34551910e-01 -1.17015365e-01  7.00176852e-02
 -6.13572551e-02 -1.04580763e-01 -2.99263892e-02  6.53317676e-02
 -6.01406350e-03 -1.05949585e-01 -2.56602986e-02  2.60506384e-01
  1.03212866e-01 -4.32305723e-02  5.87683568e-02 -1.83193209e-01
 -5.21482203e-02  3.65417451e-02  8.98574743e-02  7.88228932e-03
 -6.17245593e-02  8.41267592e-02  2.92513324e-02  4.93310995e-02
  1.05844825e-03  8.94227890e-02  1.30828926e-01  2.24785222e-02
 -1.16844096e-01  1.68413654e-01  1.49344528e-01 -2.25052506e-02
 -1.06695585e-01 -6.22754755e-02 -4.10273669e-02 -1.05773200e-01
 -2.19910487e-02  7.83784132e-02  5.81678983e-03 -9.09812966e-02
 -1.06258632e-01 -1.29976142e-01 -6.28572192e-02 -4.74166339e-02
  1.38795409e-01  9.21105614e-02 -1.36407659e-02  4.77757430e-02
 -1.95852379e-02  6.73740294e-02 -3.87001893e-02  9.11312443e-02
  7.64611260e-02  4.75991184e-02 -4.82049500e-02  1.03427274e-02
 -1.03226352e-01  2.65021798e-02  7.68243441e-02 -9.93650004e-02
 -1.83622606e-02  2.78851353e-02 -9.52648319e-03  1.06750995e-01
 -1.72428513e-02 -1.04983402e-01 -1.62797968e-03 -1.22644601e-01
  3.48837476e-02 -1.05935192e-02 -7.24619607e-02 -3.39993188e-02
 -1.50594829e-02  9.80402639e-03 -5.46284922e-02 -3.59394841e-02
  8.58246622e-02  6.15762971e-02 -8.93224080e-02 -7.10861373e-02
  2.72942818e-01  6.78419109e-02  6.25130756e-02 -2.97781781e-02
 -1.58383200e-01 -2.63110529e-03 -7.00383260e-02 -5.61975458e-02
  9.08456068e-02 -1.29460647e-01  1.82869690e-01 -6.00669160e-02
  6.74727940e-02 -1.01027455e-02  1.26430808e-01  1.21376333e-02
 -9.31991511e-02 -1.81230965e-02 -3.27993785e-03 -1.09591639e-01
 -7.24973089e-02 -4.77899974e-02 -1.16806191e-01 -2.07924124e-02]


第3类： ['咨询行业', '咨询行业', '是咨询行业']
语义向量：[-0.01126324  0.06546847  0.12456044  0.15911543 -0.3127763  -0.2421094
  0.37043455 -0.0903855  -0.21215138 -0.33421194  0.28106433 -0.25952766
 -0.21270516  0.19865803 -0.01590083 -0.42010808 -0.07814609 -0.11637663
  0.10272894 -0.20914896 -0.19693894 -0.06199032  0.22809619 -0.29171051
 -0.20918038 -0.46207401  0.16243953 -0.11813625 -0.09204519 -0.13718433
 -0.28899039 -0.17665419  0.07138567 -0.64010101 -0.50044589 -0.60284731
 -0.12686127 -0.41127939  0.86223751  0.20820309 -0.26486654 -0.70228773
  0.49926631  0.01043354  0.67681779 -0.12444491 -0.02039942 -0.18820469
  0.20611779  0.34743966 -0.48622788  0.61421193 -0.21085646 -0.50154797
  0.29812241 -0.01227192  0.34638484  0.08401002  0.0177573  -0.60670164
 -0.16759954  0.55325715 -0.15459458 -0.33692244 -0.66751375 -0.51806683
  0.25570072 -0.37326786 -0.86445141 -0.52352306  0.5271626  -0.22696871
 -0.52796152  0.41936043 -0.65397411 -0.09501699 -0.51227633  0.95184571
  0.16755207 -0.68646139 -0.0951659   0.15276318  0.61394204 -0.92472945
  0.1550435   0.30642009  0.53593084  0.03410874  0.03369827  0.25177018
  0.33874707 -0.37823934 -0.38332017 -0.19286752  0.07854637 -0.11850319
  0.46226883  0.34425031  0.20312512  0.38860138 -0.13035289 -0.80771234
  0.43099249  0.49482981 -0.0871381   0.14011958 -0.04219093  0.33774158
 -0.06619399  0.67282899 -0.28851933 -0.62653165 -0.64943012  0.19480754
  0.4190331  -0.02972953  0.15027726 -0.14031876 -0.10756742  0.24292241
 -0.23850632 -0.59038618 -0.46766249  0.14381535  0.22655839 -0.30129653
 -0.64920351 -0.10484219  0.20971881  0.39956967 -0.52366278 -0.18287249
 -0.12539984  0.21013188  0.06699286  0.66598701  0.31878114 -0.40919508
  0.28989108 -0.51297612 -0.58315028 -0.25733179  0.24981864  0.23824289
  0.79103518  0.5026066  -0.85740258  0.68948778 -0.05449398  0.02266726
  0.20889471 -0.16662461 -0.38596244  0.39180918  0.52045175 -0.00600934
  0.06383433 -0.18806288  0.4103663  -0.07143599  0.18574745  0.02151322
 -0.01549918  0.16151333 -0.05610274  0.00373194 -0.16038329 -0.60817453
 -0.25888385  0.13852651 -0.25454023 -0.33417522 -0.24732266 -0.17099857
 -0.23003766  0.05420409 -0.78695514 -0.01333343  0.48086627  0.64972973
  0.35844919  0.16751186  0.19757748  0.0470256  -0.0187301  -0.3374705
 -0.01231942 -0.03257539 -0.26495356  0.13362697  0.04477496 -0.48940701
  0.45901294 -0.42546037 -0.25434942  0.02474309 -0.5644606   0.42981526
 -0.19470241  0.38733753 -0.41365465 -0.05625912  0.07326465  0.16948721
  0.07605781 -0.32088703  0.19968577  0.52303421  0.385523   -0.20841707
 -0.15561434 -0.64452998 -0.3777943  -0.46606339  0.32293804 -0.21361754
 -0.187153    0.4991294   0.39771792  0.25694376  0.06552802  0.17428884
  0.46802065  0.47668335 -0.44131179  0.52507771  0.53369972 -0.08747174
 -0.20033187 -0.29367288 -0.55376741 -0.48914555 -0.24673104  0.11168023
  0.12262952 -0.2370043  -0.00379173 -0.44633225 -0.13961652  0.19232525
  0.60877121  0.38549248  0.00127041  0.20516433  0.09033639  0.00595575
 -0.13684389  0.46954166  0.43871326 -0.03424795  0.10335294  0.03839726
 -0.27204426  0.42491277 -0.20897162 -0.28382315  0.22405601 -0.09808584
  0.00949437  0.56142139 -0.20347565 -0.08220977  0.05288775 -0.47096475
 -0.0128435  -0.13653995 -0.41005734 -0.15386302  0.10895438 -0.02741693
 -0.21121279 -0.39790413  0.53307184  0.44581816 -0.01833359 -0.10324568
  1.22537845  0.27389087  0.20237496 -0.18822936 -0.39710779  0.06967364
 -0.14815083 -0.33266308  0.21499276 -0.07205836  0.44287557 -0.35469193
  0.06005057 -0.31442838  0.3519223  -0.29966489 -0.26187372  0.03028209
 -0.10105849  0.11806334  0.0884765  -0.32916329 -0.25080917  0.06116969]


第4类： ['上次咨询的事', '以前好像咨询过', '做咨询的电商', '先咨询一下的', '先咨询了解下', '华泰金控投资咨询', '另外再咨询一下', '另外想咨询下', '可以先咨询吗', '咨询一下最多', '咨询了那么多家', '四川大家咨询集团', '因为是第一次咨询', '已经咨询了技术人员', '广州威尔森咨询有限公司', '我上午咨询你们', '我先做咨询', '我先具体咨询下', '我先前期咨询下', '我先咨询一下看看', '我先简单咨询一下', '我再咨询下', '我只是代为咨询', '我好咨询一下', '我就是咨询一下', '我想咨询一下', '我想咨询一下', '我想咨询一下', '我想咨询一下', '我想咨询一下', '我想咨询一下', '我想咨询一下', '我想咨询一下', '我想咨询一下', '我想咨询一下', '我想咨询一下', '我想咨询一下', '我想咨询一下', '我想咨询一下', '我想咨询一下', '我想咨询一下', '我想咨询一下', '我想咨询一下', '我想咨询一下', '我想咨询一下', '我想咨询一下', '我想咨询一下', '我想咨询一下', '我想咨询一下', '我想咨询一下', '我想咨询一下', '我想咨询一下', '我想咨询一下', '我想咨询一下', '我想咨询一下', '我想咨询一下', '我想咨询一下', '我想咨询一下', '我想咨询一下', '我想咨询一下', '我想咨询一下', '我想咨询一下', '我想咨询一下', '我想咨询一下', '我想咨询一下', '我想咨询一下', '我想咨询一个', '我想咨询下', '我想咨询下', '我想咨询下', '我想咨询下', '我想咨询下', '我想咨询下', '我想咨询下', '我想咨询下', '我想咨询下', '我想咨询下', '我想咨询下', '我想咨询下', '我想咨询下', '我想咨询下', '我想咨询下', '我想咨询下', '我想咨询下', '我想咨询下', '我想咨询下', '我想咨询下', '我想咨询下', '我想咨询下', '我想咨询下', '我想咨询下', '我想咨询下', '我想咨询下', '我想咨询下', '我想咨询下', '我想咨询下', '我想咨询下', '我想咨询下', '我想咨询下', '我想咨询下', '我想咨询下', '我想咨询下', '我想咨询下', '我想咨询下', '我想咨询下', '我想咨询在', '我打电话咨询一下', '我打电话咨询吧', '我打电话咨询过', '我昨天咨询过', '我自己打电话咨询一下', '打电话咨询过了', '故咨询了解一下', '昨天咨询过了', '本来是想咨询', '此时正在咨询你', '江西捷豹投资咨询', '艾格拉信息咨询有限公司', '跟您咨询以下', '还想咨询一下', '还想咨询一下']
语义向量：[ 1.46226719e-02 -1.01722151e-01 -2.01118889e-01 -9.16139118e-02
 -8.09324809e-02 -1.11140202e-01  9.74332106e-03  1.66808430e-02
 -1.06812526e-01  4.94683198e-02  1.36525821e-01 -1.15116926e-01
  8.94867119e-03 -7.66259592e-02 -2.26170946e-02  7.43339054e-03
 -1.45339004e-01  3.38281587e-03  1.07656417e-01 -1.19995468e-01
 -1.35930565e-01 -6.53420215e-02  9.71216010e-02 -1.33417800e-02
 -5.31572953e-02 -4.19092039e-02 -1.21646973e-02 -7.04976978e-02
 -1.18534868e-01 -4.53649798e-02 -1.70661620e-01 -1.38389643e-01
 -5.73572446e-02 -1.67885556e-01 -1.57879948e-01 -1.73303155e-01
 -9.93274061e-02 -1.81733974e-01  1.99706670e-01  2.15718665e-01
 -1.77408952e-01 -1.26069073e-01  2.02638832e-02  1.38473142e-01
  1.25289765e-01 -7.25504659e-03 -1.47087737e-02 -5.30558205e-02
 -3.64881751e-02  8.21790130e-02  2.20806170e-02  1.95738794e-01
  1.92623822e-06 -1.64565921e-01  1.38314328e-01  3.31569281e-02
 -5.16055574e-02  3.29237561e-03  5.03323410e-03 -1.94064445e-01
  9.14088134e-02  2.93159026e-01 -1.08530738e-01 -1.16449868e-01
 -5.41271105e-02 -1.48288402e-01  3.05138873e-02 -1.34182278e-01
 -2.08271010e-01 -1.81848094e-01  1.74002544e-01  1.17995213e-01
 -1.49866981e-01  2.27347052e-01 -2.16237088e-01  5.52690616e-02
 -6.53822743e-02  3.51166433e-01 -3.76178079e-02 -3.01546224e-01
  1.48702130e-02  1.02114027e-02  1.74032720e-01 -1.04182542e-01
  3.02796652e-02  1.84553887e-01  1.82094640e-01  1.03107346e-01
  2.64281087e-03  1.41601155e-01 -7.87102696e-03 -6.89005028e-02
 -1.10807148e-01 -3.44604473e-02 -1.02063846e-01 -8.94573108e-02
  7.16698183e-02  1.69972919e-01  1.19920350e-02  1.57378362e-01
  6.70266398e-02 -2.77058561e-01  2.13249806e-01  1.72123467e-01
 -3.02910367e-02 -1.79253505e-02 -6.84707761e-02  9.46267444e-02
  6.70201323e-02  6.01243688e-02 -9.55893396e-02 -2.64453883e-01
 -3.16513465e-01  5.78136118e-04  1.26032255e-01  2.16666073e-01
  1.61194154e-01 -7.98509544e-02 -1.20501419e-01 -4.40854140e-02
  4.65611383e-02 -9.32670807e-02 -2.58449004e-01  3.69104026e-02
  9.46191365e-02 -2.79256054e-01 -8.37001604e-02 -1.12282642e-02
  1.09506273e-01  2.01846090e-01 -1.06172958e-01  3.75847544e-03
  5.50833681e-02  1.67971023e-01  4.22029431e-02  2.76657446e-02
 -1.33133875e-02 -1.71074172e-01  4.67054974e-02 -1.18522992e-01
 -1.66261296e-01 -1.04502091e-01  1.38065037e-01  1.47739862e-01
  2.31248305e-01  1.82754893e-01 -2.85453702e-01  8.22008808e-02
 -1.32287340e-01 -7.49234842e-02 -6.98511713e-02  2.76278114e-02
 -1.44613027e-01  1.66114281e-01  2.97260445e-01  1.22878251e-01
 -3.01422399e-02 -1.20921747e-01  1.92356156e-01 -9.44085718e-02
  1.41308222e-01  3.36990502e-02  5.42924351e-02 -1.09954685e-02
 -4.71916751e-02 -1.01687418e-02 -1.10529515e-01 -2.27950323e-01
 -1.61941085e-01  1.35565364e-02 -2.14004123e-02 -1.19102850e-01
 -9.38369987e-02 -2.21439136e-01  1.30336950e-01 -4.11229261e-02
 -2.52244178e-01 -9.45563284e-03  2.94795910e-01  1.69946231e-01
  1.01749905e-01  5.10209077e-02  1.42698685e-01  9.92109444e-02
 -4.65800304e-03  3.40285183e-03  8.78689285e-02 -7.08742906e-02
 -7.61678902e-03  2.66735117e-03 -4.28245991e-02 -1.48273008e-01
  4.34015631e-02 -2.11877213e-01 -1.45302312e-01  1.12092917e-01
  1.12973569e-01  1.91232977e-01 -1.74902042e-01  1.02574996e-01
 -8.60227510e-02 -1.59976282e-01 -4.20735255e-02  9.47549709e-02
 -1.11326724e-02 -1.56382866e-01 -4.31505796e-02  3.92677414e-01
  1.43686183e-01 -6.56300506e-02  9.01436646e-02 -2.78058130e-01
 -7.49131970e-02  6.26198198e-02  1.24480452e-01  1.34905880e-02
 -9.59170639e-02  1.21199469e-01  5.04561157e-02  6.83209255e-02
  4.54716362e-03  1.37246950e-01  1.92167576e-01  3.12216594e-02
 -1.71767151e-01  2.50905434e-01  2.23956701e-01 -3.26690407e-02
 -1.63163954e-01 -8.82171545e-02 -5.97661095e-02 -1.56654555e-01
 -3.00796347e-02  1.11296794e-01  6.53167150e-04 -1.30438097e-01
 -1.51381872e-01 -1.92497912e-01 -9.94039680e-02 -8.45827126e-02
  2.04916212e-01  1.41204460e-01 -1.73040200e-02  7.28245494e-02
 -3.37807823e-02  1.08091852e-01 -6.08459865e-02  1.32529027e-01
  1.06758015e-01  6.81930206e-02 -7.16244311e-02  1.62027273e-02
 -1.50515121e-01  4.04273996e-02  1.18241106e-01 -1.50850461e-01
 -2.65115475e-02  5.17403296e-02 -1.28620651e-02  1.60135094e-01
 -3.07062403e-02 -1.55693898e-01 -8.81383163e-03 -1.71252698e-01
  4.77352410e-02 -5.75307572e-03 -1.08287996e-01 -4.54839611e-02
 -2.39353517e-02  2.08369425e-02 -7.53408427e-02 -4.72546619e-02
  1.26234050e-01  9.51833740e-02 -1.34582999e-01 -1.15137949e-01
  3.94706369e-01  1.01914444e-01  9.17533321e-02 -3.93300918e-02
 -2.34311977e-01 -5.08714654e-03 -1.03501043e-01 -8.39335508e-02
  1.31378794e-01 -1.89413186e-01  2.67588135e-01 -8.06800868e-02
  9.98640046e-02 -1.92705504e-02  1.92485742e-01  1.99294135e-02
 -1.36767751e-01 -2.55277450e-02 -4.51574413e-03 -1.67809622e-01
 -1.17221856e-01 -7.10201474e-02 -1.74661957e-01 -3.46281087e-02]


第5类： ['凯嵘咨询', '凯思瑞咨询', '可以咨询', '咨询一下', '咨询一下', '咨询一下', '咨询一下', '咨询一下', '咨询一下', '咨询一下', '咨询一下', '咨询一下', '咨询一下', '咨询一下', '咨询一下', '咨询一下', '咨询一下', '咨询一下', '咨询一下', '咨询一下', '咨询一下', '咨询一下', '咨询一下', '咨询一下', '咨询一下', '咨询一下', '咨询一下', '咨询一下', '咨询一下', '咨询一下', '咨询业务', '咨询合作项目', '咨询网络电话', '咨询远程教育', '我先咨询', '我要咨询', '教育咨询', '来电咨询', '正在咨询']
语义向量：[ 3.96396630e-02 -2.05989450e-01 -3.92763644e-01 -1.84193417e-01
 -1.55549005e-01 -2.24308237e-01  2.52879076e-02  2.78933421e-02
 -2.10415512e-01  1.00848921e-01  2.67950833e-01 -2.37147972e-01
  2.58508362e-02 -1.47796556e-01 -4.79815193e-02  1.48179345e-02
 -2.86049038e-01  5.05222520e-03  2.13973328e-01 -2.38051817e-01
 -2.68690139e-01 -1.36380002e-01  1.88389659e-01 -2.87977736e-02
 -1.02581948e-01 -8.89763981e-02 -1.37947751e-02 -1.30293161e-01
 -2.38044247e-01 -9.13479850e-02 -3.36807042e-01 -2.79510647e-01
 -1.11046784e-01 -3.30115676e-01 -3.14692587e-01 -3.45484316e-01
 -1.99292541e-01 -3.62322837e-01  3.97721261e-01  4.36527789e-01
 -3.54480088e-01 -2.52861977e-01  4.40622419e-02  2.70715296e-01
  2.61783093e-01 -1.17607825e-02 -2.96168700e-02 -1.02021098e-01
 -6.88553527e-02  1.68762311e-01  3.34068425e-02  3.89403939e-01
 -1.16342108e-03 -3.24967802e-01  2.72206575e-01  5.79589494e-02
 -1.18453577e-01  1.13007538e-02  1.29223578e-02 -3.83079648e-01
  1.71966910e-01  5.84976554e-01 -2.09904537e-01 -2.21169353e-01
 -1.06502861e-01 -2.97083408e-01  5.56136183e-02 -2.63610214e-01
 -4.16559696e-01 -3.58031482e-01  3.45826596e-01  2.18732819e-01
 -2.96662092e-01  4.63493466e-01 -4.42702532e-01  1.14694767e-01
 -1.28498778e-01  7.01426208e-01 -6.95128813e-02 -6.08913958e-01
  2.73450203e-02  2.23382059e-02  3.46435100e-01 -2.13110000e-01
  6.94389865e-02  3.66204500e-01  3.68251771e-01  1.94887757e-01
  8.31291825e-03  2.82771736e-01 -7.65749812e-03 -1.37276888e-01
 -2.12044954e-01 -6.63357526e-02 -2.12804407e-01 -1.80171669e-01
  1.48296461e-01  3.39378119e-01  3.10276877e-02  3.22261333e-01
  1.29523575e-01 -5.60764730e-01  4.30530131e-01  3.42958838e-01
 -6.31408542e-02 -4.18646783e-02 -1.37949482e-01  1.81783944e-01
  1.27078444e-01  1.25978276e-01 -1.95422053e-01 -5.24732530e-01
 -6.42429173e-01 -3.08249611e-03  2.54440665e-01  4.36552107e-01
  3.25441837e-01 -1.60101205e-01 -2.40084156e-01 -8.32737610e-02
  9.66746286e-02 -1.85421139e-01 -5.24789572e-01  7.55169094e-02
  1.85749188e-01 -5.56821764e-01 -1.66171312e-01 -2.36993358e-02
  2.22221881e-01  3.99591118e-01 -2.15204000e-01  7.79832946e-03
  9.93118137e-02  3.35405439e-01  7.81146139e-02  5.18188626e-02
 -2.61549577e-02 -3.37420583e-01  9.63394940e-02 -2.38358334e-01
 -3.25975209e-01 -2.09289178e-01  2.80644298e-01  2.94937551e-01
  4.55633044e-01  3.72165173e-01 -5.69712818e-01  1.63277000e-01
 -2.66091377e-01 -1.46239951e-01 -1.41783938e-01  5.52271940e-02
 -2.83725232e-01  3.36098164e-01  5.91900885e-01  2.34304443e-01
 -6.50673285e-02 -2.33466983e-01  3.94119978e-01 -1.92998707e-01
  2.73132354e-01  7.36852139e-02  1.03203334e-01 -3.71074416e-02
 -9.83428806e-02 -2.58351956e-02 -2.07050294e-01 -4.57374185e-01
 -3.28467757e-01  2.28217207e-02 -4.74180095e-02 -2.31595933e-01
 -1.82547688e-01 -4.45360959e-01  2.54490942e-01 -7.94907212e-02
 -5.04108310e-01 -2.29171906e-02  5.84871471e-01  3.41181189e-01
  1.99251279e-01  9.60021466e-02  2.90828168e-01  2.00919032e-01
 -9.66859423e-03  8.06521624e-03  1.75364345e-01 -1.37463123e-01
 -2.26175319e-02  5.36899455e-03 -8.61921534e-02 -2.95600086e-01
  8.61526653e-02 -4.23041880e-01 -2.96211928e-01  2.23338187e-01
  2.34643057e-01  3.83801550e-01 -3.35838526e-01  2.08834231e-01
 -1.64927006e-01 -3.11604798e-01 -8.77011269e-02  1.92582637e-01
 -1.26107670e-02 -3.12927961e-01 -9.32710916e-02  7.81283498e-01
  2.90003151e-01 -1.35539055e-01  1.68079332e-01 -5.52131653e-01
 -1.46943331e-01  1.27750009e-01  2.54622757e-01  2.65595913e-02
 -1.92182615e-01  2.46071815e-01  9.93746594e-02  1.35485366e-01
 -5.49939089e-03  2.65798867e-01  3.81473511e-01  5.99038117e-02
 -3.49394172e-01  4.94304478e-01  4.39025730e-01 -7.03845471e-02
 -3.31225783e-01 -1.74166754e-01 -1.22098655e-01 -3.09190840e-01
 -6.67873919e-02  2.15202168e-01  4.35302412e-04 -2.66367346e-01
 -3.02618951e-01 -3.78813714e-01 -1.92879304e-01 -1.77011251e-01
  4.05739814e-01  2.89271921e-01 -3.67999785e-02  1.49397701e-01
 -6.36800155e-02  2.15837702e-01 -1.25769362e-01  2.70578772e-01
  2.12116241e-01  1.40700087e-01 -1.38035506e-01  4.37344648e-02
 -3.01332772e-01  8.43274072e-02  2.30202779e-01 -2.98484534e-01
 -5.68618514e-02  1.06797010e-01 -1.57768577e-02  3.19474965e-01
 -6.98091090e-02 -3.04978222e-01 -1.11126751e-02 -3.36303055e-01
  1.03238277e-01 -1.13181984e-02 -2.18726963e-01 -9.21835080e-02
 -5.02908379e-02  4.14523110e-02 -1.50723040e-01 -9.63260084e-02
  2.54542142e-01  1.95931703e-01 -2.68065006e-01 -2.28494406e-01
  7.90834665e-01  2.06741408e-01  1.75284758e-01 -8.50258917e-02
 -4.77639169e-01 -7.60997599e-03 -2.09344700e-01 -1.62950635e-01
  2.63008296e-01 -3.76293361e-01  5.35220623e-01 -1.55465990e-01
  1.94249645e-01 -3.49911973e-02  3.84992212e-01  3.37307192e-02
 -2.74378210e-01 -5.19100353e-02 -1.23150451e-02 -3.33934307e-01
 -2.38317907e-01 -1.44220576e-01 -3.50848287e-01 -6.34275824e-02]


第6类： ['咨询一个问题', '咨询一个问题', '咨询个问题', '咨询几个问题', '咨询相关问题', '技术问题怎么咨询', '有个问题咨询下', '有问题咨询一下', '还有一个问题咨询']
语义向量：[-8.02277914e-02 -2.28272173e-01 -3.82723567e-01  3.30253005e-03
 -1.66489745e-01 -1.65558906e-01  3.35598124e-02  6.31629419e-02
 -1.27906958e-01  4.62659767e-02  2.63973690e-01 -2.09180234e-01
 -3.23683450e-02 -9.02943951e-02  1.20003833e-01 -8.29877928e-02
 -1.42202934e-01  6.37791496e-02  7.24560610e-02 -1.90462256e-01
 -1.28802338e-01 -6.17534129e-02  1.33534499e-01 -5.63278538e-02
 -2.45134172e-01  8.71583281e-02 -1.12191480e-01 -2.62110869e-01
 -2.69471933e-01 -5.38748672e-02 -3.77108332e-01 -3.52585051e-02
 -1.48161608e-01 -2.49075996e-01 -3.26256934e-01 -2.58425848e-01
  5.62040731e-02 -1.60626161e-01  3.61973627e-01  1.30012630e-01
 -2.87637975e-01  3.53399913e-03 -3.15330521e-02  2.23212371e-01
  6.56202899e-02 -3.77123658e-02  5.16357252e-02 -2.14222340e-01
 -6.75417582e-02  8.74178865e-02  3.23508013e-02  3.16698362e-01
 -3.78527641e-02 -2.37543712e-01  2.19797308e-01  2.49514974e-01
  5.61383756e-02 -1.57959673e-01  2.86358595e-02 -3.65677651e-01
  1.82569080e-01  4.88092800e-01 -7.34031805e-02 -3.78084895e-01
 -4.98275927e-02 -2.16191095e-01  8.28631454e-02 -2.12068702e-01
 -2.57259657e-01 -3.16362487e-01  2.36844328e-01  3.39004517e-01
 -2.17426232e-01  3.10821245e-01 -1.03548387e-01 -1.52987359e-01
 -3.21235922e-02  5.83182123e-01 -3.95572016e-02 -2.15200651e-01
 -9.28673405e-02 -9.15917992e-03  4.09762518e-01 -1.58262624e-01
 -1.85678535e-02  2.73128592e-01  2.56187227e-01  1.62648822e-01
  1.91586065e-02  1.82191304e-01 -5.94981437e-02 -1.15147496e-01
 -1.21087960e-01 -9.27034674e-02  2.06128671e-02 -2.35425389e-01
 -7.53420353e-03  2.64080789e-01 -2.81645097e-02  3.26641083e-01
  5.47133986e-02 -4.63552793e-01  2.39314556e-01  3.18326980e-01
 -3.81644964e-02  2.25519689e-02 -6.84337012e-02  1.95658434e-01
  8.26643308e-02  1.68839599e-01 -1.06795701e-01 -4.67963325e-01
 -4.66118707e-01  4.91858456e-02  2.58601477e-01  5.18173472e-02
  2.47371780e-01  5.84260962e-02 -2.64716231e-01 -1.49345890e-01
 -2.30542156e-02 -1.39533614e-01 -1.70020618e-01  8.42707083e-02
  7.52996869e-02 -2.37369749e-01 -7.45164553e-02  2.25518364e-02
  9.63162126e-02  4.42478392e-01 -1.58248827e-02 -6.48433442e-02
  2.89038688e-01  3.16852493e-01  1.24564568e-01  2.04803149e-01
  2.85782152e-02 -2.78706898e-01  2.02249903e-02 -3.88906661e-01
 -1.67033952e-01 -2.72333887e-01  2.15424288e-01  2.93408076e-01
  3.21911252e-01  6.81854015e-02 -3.77279782e-01  2.89740960e-02
  1.35007078e-01 -1.46292369e-01 -1.10968563e-01 -7.09958946e-02
 -2.51496103e-01  7.37801923e-02  5.43309801e-01  1.34760709e-01
 -7.12905915e-02 -2.39134153e-01  1.49394951e-01 -1.14996433e-02
  3.57410719e-01 -5.31570646e-02  1.01051735e-01  1.80217334e-01
 -1.50220485e-01 -2.96123719e-02 -2.58891106e-01 -3.33537343e-01
 -2.41647296e-01  1.99978304e-02  1.28613513e-01 -9.19446256e-03
 -7.14083852e-02 -2.95814173e-01  2.41968367e-01 -3.50836780e-02
 -4.48598544e-01  9.87397109e-02  3.13308504e-01  1.94263829e-01
  3.43945473e-01  1.91221661e-01  2.00391702e-01  2.40429219e-01
  9.86222236e-02  1.24251086e-01  1.73031489e-01 -9.24067953e-02
  8.46694669e-03  1.72495244e-01 -2.82982286e-02 -2.58267214e-01
 -1.27845196e-01 -1.51517391e-01 -1.60873799e-01  1.25993982e-01
  5.98546399e-02  2.32393030e-01 -1.43125970e-01  1.11939309e-01
 -2.99923549e-01 -2.99347772e-05 -3.57330537e-02  2.25677778e-01
 -9.23669603e-02 -2.53590819e-01 -7.84466426e-03  5.13559659e-01
  2.64380137e-01  2.32698123e-02  1.35675362e-01 -4.36474770e-01
 -1.57503870e-01  1.79241981e-02  1.65401603e-01 -1.72555303e-01
 -5.09579086e-02  2.86108782e-01  1.80540933e-01  1.61896414e-02
  5.79693127e-02  2.89619793e-01  3.30573188e-01 -1.61771973e-02
 -3.66723302e-01  2.17871772e-01  3.63704758e-01 -6.14007314e-02
 -2.10761229e-01 -3.92554601e-02 -2.58244597e-01 -2.90345328e-01
 -1.27118417e-01  2.18733258e-01 -3.33789351e-02 -4.15113332e-02
 -3.71358977e-01 -3.33995607e-01 -2.39522646e-01 -1.64438527e-01
  4.40367033e-01  8.27489090e-02 -1.24348069e-01  1.38150230e-01
 -4.23776669e-02 -1.92823495e-02 -1.30470329e-01  3.79092928e-01
  2.02509350e-01  2.23538611e-03 -1.92930078e-01 -1.58060006e-01
 -3.23750814e-01  7.95183107e-02  9.39975919e-02 -2.04451561e-01
  1.33046097e-01  7.52916071e-02 -1.50746596e-01  8.51591354e-02
 -2.70763720e-02 -1.69944748e-01  5.03175428e-02 -3.15827476e-01
  6.47122537e-02  2.78676159e-03 -1.73690440e-01  9.30335787e-02
  1.16322900e-01 -2.88504929e-02  4.68020095e-03 -2.65419642e-01
  8.28476482e-02 -5.95660739e-02 -1.55603954e-01 -2.12859645e-01
  6.07508977e-01  2.15592899e-01  3.28204821e-01 -3.89975876e-02
 -3.10947630e-01 -1.40478914e-01 -1.94910488e-01 -9.07272688e-02
  8.84045305e-02 -4.47632730e-01  3.15145946e-01 -1.10739503e-01
  8.72709942e-02 -8.10543886e-02  3.33542218e-01  6.50863308e-02
 -3.03997993e-01  3.45294115e-02  2.02547264e-02 -3.04723528e-01
 -1.75128710e-01 -1.67775434e-01 -1.97586469e-01 -8.97835816e-02]


第7类： ['咨询价格', '咨询价格']
语义向量：[ 0.15098411 -0.14436054 -0.35245243 -0.17122705 -0.1328159  -0.22696353
  0.00216476 -0.10439236 -0.2651203  -0.20039102  0.29927909 -0.04466195
 -0.22857434 -0.07704743 -0.08808346 -0.07447627 -0.41498619 -0.127047
  0.16835466 -0.23199643 -0.46503401  0.05784041  0.26580489 -0.01788109
 -0.06578754  0.00640246 -0.15979098 -0.25969067  0.13240249 -0.0988462
 -0.57530588 -0.18426082 -0.10282752 -0.56978315 -0.61872172 -0.57831037
 -0.39155722 -0.70312101  0.65992868  0.22865912 -0.42280102 -0.40189993
  0.19050491  0.36273563  0.18470654 -0.01901994 -0.05821607 -0.29425848
  0.07517559  0.26079351 -0.07217428  0.68352926  0.03704362 -0.37096861
  0.22087504  0.15728901  0.08822419  0.22866131 -0.01720662 -0.70677745
  0.15111899  0.87955344 -0.22262533 -0.37236184 -0.38580179 -0.44594303
 -0.08104558 -0.45890805 -0.63891673 -0.59065014  0.31844783  0.26282194
 -0.38347703  0.26898569 -0.45270395 -0.04430329 -0.17454998  0.95954412
  0.03017677 -0.71694833 -0.07584025  0.21708982  0.64030242 -0.49970421
 -0.11233415  0.4356617   0.41376895  0.41998991 -0.02495404  0.21187341
  0.1844793  -0.45552805 -0.29435655 -0.13152629 -0.08107932 -0.10726024
  0.27714998  0.34420779 -0.01064877  0.37570503  0.27165514 -0.51196659
  0.2992636   0.53915668  0.01175813 -0.02735967  0.02454379  0.20574851
  0.31352547  0.33924288 -0.3179096  -0.92812574 -0.73734319  0.04230615
  0.2574074   0.25274587  0.26754761 -0.01536514 -0.46121168 -0.02181868
  0.10351969 -0.47649527 -0.62833512 -0.06241469  0.24026251 -0.57362425
 -0.52015823  0.0974022   0.17738199  0.64645076 -0.07941371 -0.06399429
  0.26989698  0.46040142  0.23160243  0.24453044  0.01442505 -0.70921683
  0.11462724 -0.48341519 -0.46349776 -0.21091539  0.24117339  0.19696385
  0.84685862  0.27488711 -0.9326756   0.37211239 -0.14361539 -0.15146887
 -0.22197956  0.23769687 -0.27537182  0.41870126  0.57859713  0.29009464
  0.05109762 -0.26508635  0.45598522  0.05779624  0.61537021  0.03715978
  0.19682641  0.47892824 -0.31741929  0.21625535 -0.54229367 -0.590734
 -0.31579721 -0.11915554 -0.21437272 -0.36439908 -0.40776533 -0.13212556
  0.23768841 -0.06326109 -0.59175801  0.04727012  0.6855849   0.4706223
  0.23438755  0.24265625  0.23028609  0.2065437  -0.0629866   0.02787615
  0.08118001 -0.318858    0.1105157  -0.18056373 -0.04569665 -0.39655885
  0.27669135 -0.58161932 -0.51748562  0.21880375 -0.20372204  0.50167549
 -0.45792812  0.39637679 -0.29675525 -0.43329847  0.13420337  0.17577843
  0.02675664 -0.28162438 -0.13412043  0.88569927  0.44548887 -0.12436537
  0.26263171 -0.48067993 -0.15173033 -0.18033916  0.2970292  -0.21693338
 -0.14587867  0.2149688   0.12706861  0.2324007   0.10254061  0.26930588
  0.55817544  0.18636169 -0.29582748  0.63772821  0.58533788 -0.02863034
 -0.4175396  -0.20896384 -0.30198604 -0.45027381  0.06523283  0.40351212
  0.14682597 -0.46496212 -0.3295427  -0.54213536 -0.2590453   0.18910211
  0.44229832  0.30877644 -0.09325795  0.12405059 -0.01659173  0.2373389
 -0.05408385  0.09220116  0.45823401  0.09568295 -0.08136231 -0.2625553
 -0.45251536  0.06782091  0.10257691 -0.31236002 -0.13970536  0.09715416
 -0.00295647  0.48576882 -0.08348861 -0.29791981  0.0782123  -0.57083046
  0.03477572 -0.25231689 -0.47935793 -0.20372319  0.06960942 -0.04174419
 -0.13131045 -0.23574315  0.30404085  0.05252741 -0.21869525 -0.27136764
  0.93417954  0.20849973  0.46304452 -0.01900731 -0.55928588 -0.14008389
 -0.32600945 -0.16163525  0.334952   -0.59518951  0.63354808 -0.20808673
  0.12546596  0.0214706   0.38017473  0.0539889  -0.39985728 -0.14019269
  0.15657653 -0.21769163  0.0313969  -0.29279816 -0.28815803 -0.05230625]


第8类： ['咨询培训']
语义向量：[ 5.94597682e-02 -2.34294996e-01 -3.99887025e-01 -2.83783644e-01
 -2.25199565e-01 -4.32241499e-01  2.26056531e-01 -9.62793455e-02
 -1.97645947e-01 -5.07493094e-02  4.04781848e-02 -1.61228880e-01
  6.96149319e-02 -3.18660066e-02 -8.30245614e-02 -1.66410133e-02
 -3.04448485e-01  4.81769480e-02  1.49284303e-01 -2.21310422e-01
 -3.19669813e-01 -7.28749409e-02  1.20644420e-01 -1.73377305e-01
 -2.58263379e-01 -6.71624392e-03 -1.09403737e-01 -3.27012002e-01
 -1.54004514e-01 -2.69491166e-01 -5.68778455e-01 -4.28347647e-01
 -2.24189878e-01 -3.24503064e-01 -3.15996140e-01 -4.60615486e-01
 -1.01231538e-01 -5.92030585e-01  4.32339609e-01  5.48873246e-01
 -5.64438701e-01 -3.65683317e-01  6.78930879e-02  5.24656773e-01
  6.76788837e-02 -1.29040718e-01 -1.77733064e-01 -7.68281445e-02
 -7.94319212e-02  4.22110796e-01 -1.94268808e-01  5.23617506e-01
  1.26964986e-01 -3.02632242e-01  1.31854951e-01  5.31004742e-02
  2.72365361e-02 -7.44806826e-02 -1.29756540e-01 -5.13143897e-01
  1.82927027e-01  7.82625318e-01 -2.86550075e-01 -5.06012678e-01
 -3.75681072e-01 -4.36068118e-01  2.00999290e-01 -4.03052121e-01
 -5.31263769e-01 -5.55992484e-01  5.69438577e-01  1.93382248e-01
 -3.07810336e-01  4.40305233e-01 -3.02204341e-01  2.92408079e-01
 -4.64168847e-01  1.01686919e+00 -1.69647828e-01 -7.04221487e-01
 -1.04382634e-05  6.35650977e-02  5.77775776e-01 -2.54700750e-01
  3.79655249e-02  4.18837368e-01  5.46440065e-01  2.31270239e-01
 -1.23845600e-01  3.85499984e-01  7.80313537e-02 -4.02372748e-01
 -2.05156311e-01 -1.54880583e-01 -3.77652824e-01 -2.87246317e-01
  2.00428367e-01  3.08757275e-01  8.65213349e-02  3.31744879e-01
  1.75044313e-02 -6.72629356e-01  4.92167413e-01  6.27987981e-01
  7.44477212e-02 -7.90992379e-02 -1.81349307e-01  5.57688355e-01
  1.07053444e-01  2.40848273e-01 -2.80458748e-01 -5.39266944e-01
 -6.73803329e-01  2.36833349e-01  2.50099391e-01  4.53141719e-01
  4.10842001e-01  2.60742903e-02 -4.81969297e-01 -1.47453696e-01
  1.42085180e-01 -3.33507121e-01 -5.83931744e-01  1.41096622e-01
  3.58625114e-01 -3.98736656e-01 -2.83023179e-01 -1.30495280e-01
  4.21269268e-01  4.55467522e-01 -3.77698570e-01 -2.20002793e-02
  4.72202778e-01  4.87088084e-01  2.14918852e-01  3.87612045e-01
  2.38287412e-02 -7.91574121e-01  1.27791286e-01 -2.29551613e-01
 -5.47707081e-01 -2.67985553e-01  5.64596593e-01  4.02595520e-01
  6.05505824e-01  1.37297243e-01 -5.90453863e-01  3.94905031e-01
 -1.03144899e-01 -1.27671480e-01 -1.03501603e-01  1.09537423e-01
 -2.99986154e-01  4.08555120e-01  5.04415691e-01  2.83122063e-01
 -1.02582827e-01 -4.79157507e-01  5.56156695e-01 -1.72793746e-01
  4.19894636e-01  1.23349622e-01  4.59694490e-02  1.97754413e-01
 -1.76474750e-02 -8.15742984e-02 -2.45172352e-01 -5.42753458e-01
 -1.27103955e-01 -1.31963372e-01 -4.86297719e-02 -2.40586534e-01
 -2.22930536e-01 -4.70795840e-01  3.43569636e-01 -1.69718504e-01
 -5.72387516e-01  1.09777398e-01  8.00310373e-01  4.86746430e-01
  3.43694061e-01  8.64019021e-02  4.90929037e-01  2.21638113e-01
 -7.13419616e-02  1.23345535e-02 -3.77577841e-02 -2.01631233e-01
 -1.12172209e-01  4.24007140e-03 -1.97746366e-01 -2.50792950e-01
  1.00949094e-01 -3.19432318e-01 -4.34965134e-01  3.34070623e-02
  1.39972091e-01  6.46051407e-01 -4.96538997e-01  1.76635399e-01
 -2.09266618e-01 -3.35060090e-01 -1.31913334e-01  2.02241644e-01
 -1.53974425e-02 -5.46401560e-01  1.06535956e-01  7.38420904e-01
  4.46328461e-01 -1.50946662e-01  1.81669220e-01 -6.35937214e-01
 -3.13623041e-01 -3.30491066e-02  5.32050371e-01 -8.84692296e-02
 -1.90222025e-01  3.49499166e-01 -2.29264051e-03  4.72962856e-01
 -1.64374590e-01  2.36866727e-01  4.86997902e-01  4.91578728e-02
 -4.99658048e-01  7.08850145e-01  6.10671163e-01  1.65297911e-02
 -3.29100788e-01 -4.35168505e-01 -1.23654760e-01 -5.30408263e-01
 -2.91139856e-02  2.95414031e-01 -6.99460655e-02 -4.32236284e-01
 -5.29064119e-01 -5.11342585e-01 -2.03216851e-01  5.68493903e-02
  6.55607522e-01  2.32275277e-01 -2.73834229e-01  9.97796804e-02
 -9.89023447e-02  1.29783973e-01 -1.63329631e-01  2.26209760e-01
  4.37340021e-01  6.02954328e-02 -2.10454211e-01 -1.77436337e-01
 -4.49794233e-01  3.72720696e-02  4.18867826e-01 -3.29115599e-01
 -1.17778949e-01 -1.17984802e-01 -1.68986380e-01  4.37236518e-01
 -3.57959419e-03 -3.91492993e-01  1.17738843e-01 -6.09431744e-01
  1.44458696e-01 -3.02796006e-01 -1.66192085e-01 -2.38016039e-01
 -8.91459882e-02 -4.73833904e-02 -2.12895110e-01 -1.84356004e-01
  5.04374444e-01  1.87184855e-01 -1.55829668e-01 -6.56782091e-03
  1.07191551e+00  9.71625149e-02  9.14767832e-02 -1.01966701e-01
 -5.49241126e-01  6.31641299e-02 -3.49523991e-01 -3.24034065e-01
  3.68115157e-01 -5.34319639e-01  9.40468967e-01 -4.19388741e-01
  1.86857641e-01 -8.86158459e-03  4.07810539e-01  5.09214625e-02
 -3.69593590e-01  1.18614383e-01 -1.26108825e-01 -4.45650280e-01
  9.05144513e-02 -1.99903041e-01 -4.45247591e-01 -1.41660839e-01]


第9类： ['上次咨询了你们问题', '具体要咨询一下费用问题', '后续有问题还是要咨询的', '想咨询一些技术问题', '想咨询技术问题可以找你吗', '我上次有咨询产品和问题', '我们想咨询一下托管云的问题', '我想咨询一点问题', '我想咨询下使用费用的问题', '我想咨询下工作方面的问题', '我想咨询个技术上的问题', '我有一个问题想着你们咨询一下', '我有个问题想咨询一下', '我有个问题想要咨询', '我有个问题需要咨询', '我有问题需要咨询', '有个技术问题咨询一下', '有个问题想咨询一下', '有些细节的问题需要售前咨询', '有几个问题咨询一下', '有几个问题想咨询下', '有这方便的问题咨询', '有问题要咨询下', '能咨询您快递的问题吗', '请仔细分析我咨询的问题', '那您这边可以咨询费用问题吗']
语义向量：[-0.03823337 -0.12152563 -0.20112432  0.0007055  -0.08931772 -0.09366123
  0.0219384   0.03209391 -0.07277679  0.01236904  0.1434099  -0.10543936
 -0.02861578 -0.04623873  0.06494244 -0.05003114 -0.08923218  0.02714456
  0.02940534 -0.1065371  -0.0794312  -0.02652185  0.07328757 -0.03521861
 -0.14418005  0.05376321 -0.0584339  -0.14564494 -0.1326774  -0.03021237
 -0.21411126 -0.02286814 -0.08451586 -0.14427641 -0.19374711 -0.15521972
  0.02456359 -0.10778318  0.20813582  0.06716231 -0.16191171 -0.00632541
 -0.0117923   0.1258991   0.03408789 -0.0103722   0.01927269 -0.12471284
 -0.02665306  0.05687197  0.00502284  0.18885406 -0.01356242 -0.13322639
  0.11105789  0.13462299  0.03185161 -0.07680742  0.01253033 -0.20751299
  0.09282809  0.28063285 -0.04402481 -0.21024882 -0.04084077 -0.12378787
  0.04037362 -0.13070847 -0.15512359 -0.19008283  0.12612352  0.18281349
 -0.12042821  0.17587561 -0.064935   -0.09396631 -0.02475841  0.33158361
 -0.02023638 -0.13167416 -0.05941057  0.00166436  0.23871265 -0.10172099
 -0.01411958  0.15177253  0.14264514  0.08758753  0.01186945  0.10146719
 -0.01857934 -0.07652784 -0.06808622 -0.05878783  0.01599317 -0.133236
  0.00236489  0.14086102 -0.01155283  0.18166454  0.03281496 -0.25865947
  0.12651224  0.1871104  -0.02179681  0.01000239 -0.03830711  0.10926969
  0.04972367  0.09505678 -0.06666017 -0.26963901 -0.26211682  0.03173101
  0.1421781   0.0280141   0.13204557  0.03538525 -0.15727311 -0.07403244
 -0.00947409 -0.09391368 -0.10802598  0.04167596  0.04766174 -0.13456876
 -0.05284256  0.01523979  0.06021384  0.25387669 -0.00969893 -0.03897862
  0.16205533  0.17696661  0.07815999  0.12599125  0.01742293 -0.17368623
  0.01392715 -0.21439746 -0.09692535 -0.15043439  0.120278    0.156822
  0.19411894  0.03704591 -0.21722317  0.02532574  0.08081987 -0.07431491
 -0.06680192 -0.02748136 -0.1403487   0.04542802  0.2968225   0.07065563
 -0.03741077 -0.12986309  0.09025428  0.00382432  0.20708461 -0.032771
  0.06037228  0.11493949 -0.09657083 -0.00068112 -0.15715307 -0.19250056
 -0.12859882  0.00144926  0.05833088 -0.01364293 -0.03995482 -0.146876
  0.12260952 -0.02202274 -0.24949665  0.06436644  0.18196622  0.1121927
  0.193907    0.11114619  0.11004224  0.12596211  0.05095479  0.06916082
  0.0877309  -0.05766377 -0.00661043  0.08766927 -0.01357407 -0.14252813
 -0.05482599 -0.08682663 -0.10303535  0.06391084  0.02338396  0.14327351
 -0.07785218  0.06854789 -0.16850391 -0.00277038 -0.01915073  0.12268118
 -0.04615309 -0.13895122 -0.00264735  0.28609861  0.15608042  0.01052926
  0.07019341 -0.22970417 -0.08801487 -0.00415949  0.10225404 -0.10202895
 -0.02953348  0.1623608   0.08583682  0.01548556  0.03378678  0.15533598
  0.19274987 -0.00272827 -0.19788878  0.12422224  0.19747393 -0.03311262
 -0.11803239 -0.02256274 -0.14445147 -0.16441005 -0.06995047  0.12747239
 -0.00813714 -0.0323192  -0.20846623 -0.18626892 -0.12750182 -0.0684351
  0.24094095  0.047015   -0.06886899  0.07194833 -0.01753063 -0.01212651
 -0.06561134  0.20563638  0.12088274  0.0047597  -0.10432024 -0.09730264
 -0.18225024  0.04465142  0.04558756 -0.11414058  0.07306524  0.0321961
 -0.07552259  0.0544907  -0.00833497 -0.09507513  0.03077854 -0.18953813
  0.03625071 -0.00951044 -0.10062911  0.04456098  0.06999189 -0.01910704
 -0.00058677 -0.15233719  0.04993041 -0.03485148 -0.08779984 -0.11167471
  0.34791584  0.11931954  0.18634511 -0.02150875 -0.17522036 -0.0796136
 -0.11014025 -0.04535883  0.05499807 -0.2554652   0.17964341 -0.06797847
  0.05138187 -0.03780152  0.17589686  0.03722472 -0.17139145  0.01047812
  0.01822442 -0.15914681 -0.08604024 -0.09528758 -0.10807044 -0.04875947]


第10类： ['了解咨询下你们产品', '做远程医疗咨询用', '刚有留联系方式咨询产品的', '反正也是在线咨询', '咨询一下你们外呼的产品', '咨询一下咱们这个产品', '咨询一下智能外呼产品', '咨询一下智能语音', '咨询下主要功能', '想咨询下咱们的产品', '我刚才咨询思科来着', '我咨询你们的产品', '我咨询呼叫转移接听的功能', '我想做在线咨询', '我想咨询一下价格', '我想咨询一下价格方面', '我想咨询一下网络电话产品', '我想咨询一下费用', '我想咨询一款有关在线培训的产品', '我想咨询下价格', '我想咨询下直播', '我想咨询企业在线培训', '我想咨询你们的产品', '能不能就在线咨询', '这边想咨询一下价格']
语义向量：[ 5.45719788e-02 -5.77254018e-02 -1.52149718e-01 -6.78233421e-02
 -7.95638607e-02 -1.09046185e-01  3.45392908e-02 -1.05638552e-03
 -1.18106067e-01 -1.74466281e-02  1.02572584e-01 -9.88007997e-02
 -6.23957338e-02 -2.99132624e-02 -2.82676746e-02 -2.84415311e-02
 -1.43436111e-01 -4.56451233e-02  1.22188536e-02 -1.05318207e-01
 -1.55471170e-01 -9.17539069e-03  9.45047323e-02 -2.83568542e-02
 -1.35186215e-01 -1.67869042e-02 -2.88050879e-02 -1.28156627e-01
 -4.80083601e-02 -6.82344633e-02 -2.30495653e-01 -1.49744114e-01
 -9.48973930e-02 -2.38234053e-01 -2.40882561e-01 -2.11618453e-01
 -9.87779755e-02 -2.57899187e-01  2.05150469e-01  1.75236839e-01
 -2.01440491e-01 -1.12625444e-01  1.79300984e-02  2.05594017e-01
  6.62438813e-02  9.68357190e-04 -6.14243075e-02 -8.09420827e-02
 -1.42623095e-02  1.17225986e-01 -7.44600680e-02  2.42881099e-01
  2.27732052e-02 -1.05555078e-01  3.65245105e-02  4.18265828e-02
  1.59789176e-02  9.61766770e-03  1.23202996e-03 -2.12252333e-01
  9.29931100e-02  3.25425625e-01 -9.07728016e-02 -1.79757067e-01
 -1.07596419e-01 -1.45340665e-01  4.22145555e-02 -1.90056567e-01
 -2.24822798e-01 -2.66240798e-01  1.33747776e-01  1.08116329e-01
 -1.19017956e-01  1.95705607e-01 -1.66041193e-01 -3.75408277e-03
 -1.05000184e-01  3.94138635e-01 -2.37755975e-02 -2.54425083e-01
 -3.87863465e-02  7.17783202e-02  2.13881169e-01 -1.45965918e-01
 -1.55783803e-02  1.71197240e-01  1.69019802e-01  1.09475878e-01
 -5.79821276e-02  1.00969543e-01  5.49491008e-02 -1.27693200e-01
 -8.39799154e-02 -8.64125319e-02 -1.97552991e-02 -1.59626693e-01
  9.88290007e-02  1.52746088e-01  8.55554955e-03  1.21091639e-01
  8.93733345e-02 -2.41940079e-01  1.86041977e-01  2.02697399e-01
 -2.75366573e-02 -2.77064822e-02 -6.74991587e-02  1.31489780e-01
  1.78909855e-02  4.45074463e-02 -1.35969354e-01 -2.64947762e-01
 -2.65918798e-01  6.37919118e-02  1.30119740e-01  1.29080469e-01
  1.47209971e-01 -1.22771180e-02 -1.85791396e-01 -5.43529286e-02
  5.38089980e-02 -1.77869749e-01 -2.61290093e-01 -2.32010380e-02
  1.14691277e-01 -2.08135787e-01 -1.08599870e-01 -4.00983311e-03
  1.16566637e-01  2.49386892e-01 -1.00790531e-01  2.08156331e-03
  1.14185079e-01  1.69680056e-01  1.10947783e-01  1.27029319e-01
  7.04423636e-03 -3.06528817e-01  3.15221822e-02 -1.01174848e-01
 -1.91627309e-01 -6.96322243e-02  1.61550723e-01  1.01375027e-01
  2.83405473e-01  1.14417667e-01 -3.07175902e-01  1.34189454e-01
 -4.80611968e-02 -3.04495058e-02 -8.42661446e-02  4.38566900e-02
 -1.56575140e-01  1.22531680e-01  2.39623845e-01  1.33317146e-01
 -4.86357484e-02 -1.74177236e-01  2.02183588e-01 -3.08542862e-02
  2.08024792e-01  1.57234816e-02  7.37944914e-02  1.17228135e-01
 -1.01502115e-01  6.13692531e-02 -1.59601794e-01 -2.38002036e-01
 -1.29724391e-01 -5.34805714e-02 -6.49553066e-02 -1.37908558e-01
 -8.60164079e-02 -8.41180626e-02  1.32700739e-01 -7.64628323e-02
 -2.45516573e-01  8.53254569e-02  2.80641347e-01  1.51388429e-01
  1.54567392e-01  8.19179840e-02  1.70474843e-01  3.53178646e-02
 -2.32349391e-02  3.72605382e-02 -5.62029505e-03 -8.13883898e-02
 -7.13493481e-02 -5.20394249e-04 -2.33038807e-02 -1.08381814e-01
  1.11220928e-01 -1.91369594e-01 -1.75515395e-01  4.86634167e-02
  2.21387019e-02  2.24451946e-01 -1.93425963e-01  7.50026698e-02
 -1.44412114e-01 -1.47821242e-01 -2.79286410e-02  1.21264228e-01
  1.37891950e-02 -1.55321838e-01 -1.06502660e-02  3.52784884e-01
  1.81263768e-01 -1.59523136e-02  6.17977147e-02 -2.11338241e-01
 -6.75654557e-02 -1.82167083e-02  1.70277988e-01 -8.85325791e-03
 -5.73478726e-02  1.12728755e-01  5.46748258e-03  1.04653739e-01
  4.24303510e-03  1.02469617e-01  2.40233757e-01  3.79552574e-02
 -1.58489423e-01  2.48473503e-01  1.99405662e-01 -1.93388490e-02
 -1.46667839e-01 -7.74779741e-02 -7.72029819e-02 -1.74506097e-01
 -4.26223232e-02  1.70325418e-01  7.08613972e-02 -1.45682031e-01
 -1.90351683e-01 -2.09138403e-01 -8.16321028e-02  7.30531123e-02
  1.88617177e-01  7.20935680e-02 -3.81417581e-02  6.17231527e-02
  3.90411264e-02  3.26084449e-02 -2.25865914e-02  1.31239168e-01
  1.50011778e-01  6.52533636e-02 -8.98300874e-02 -3.61380089e-02
 -1.56545004e-01  9.70005989e-06  4.68602353e-02 -1.18612481e-01
 -3.14612471e-02 -1.88040758e-02 -1.16655000e-02  1.39209778e-01
  1.50136857e-02 -1.54405061e-01  4.19604179e-02 -2.54605942e-01
  7.54402998e-02 -6.42064534e-02 -9.93455286e-02 -7.68037923e-02
 -2.49701470e-02 -4.54749792e-02 -8.88920140e-02 -1.04846135e-01
  1.01184777e-01  3.05665494e-02 -1.00423926e-01 -6.75518574e-02
  4.12987731e-01  4.76665865e-02  1.22259174e-01 -4.30058234e-02
 -2.49038687e-01  2.74268412e-03 -1.03965991e-01 -8.03050909e-02
  1.59616652e-01 -2.15569496e-01  2.41338066e-01 -1.24362933e-01
  5.46343597e-02  1.95058465e-02  1.58383640e-01  3.25840186e-02
 -1.43384451e-01 -4.00360666e-02  3.79768024e-02 -1.04251601e-01
 -4.25795870e-02 -8.78883265e-02 -1.19931249e-01 -1.56811232e-02]


第11类： ['先咨询下价格', '咨询一下价格', '咨询一下价格', '想咨询一下价格', '想咨询一下费用', '想咨询产品', '想要咨询产品', '接受客户咨询', '早上咨询的产品']
语义向量：[ 0.09276977 -0.08786917 -0.24749718 -0.09237187 -0.11006102 -0.15520926
  0.03417789 -0.00634385 -0.18042079 -0.07419571  0.15432704 -0.10259867
 -0.1363042  -0.04199222 -0.05292429 -0.07077914 -0.24045047 -0.09026822
  0.03990996 -0.15123807 -0.2449541   0.00289001  0.16970593 -0.05639539
 -0.12299186 -0.02544294 -0.05993164 -0.18299353 -0.02531619 -0.08171832
 -0.35243465 -0.17238062 -0.06930025 -0.38203127 -0.3769244  -0.33627002
 -0.197712   -0.39336064  0.33985081  0.213302   -0.28785931 -0.21024143
  0.07058565  0.26917608  0.12017518 -0.00981881 -0.04319126 -0.13111093
  0.02041353  0.16641774 -0.09434151  0.37711428  0.02359827 -0.20216297
  0.10132024  0.08168639  0.05267719  0.07088752 -0.01423272 -0.36839967
  0.11563598  0.52050806 -0.13866263 -0.283627   -0.18857143 -0.22512412
  0.01393448 -0.27225683 -0.36840011 -0.37226331  0.18830866  0.17123421
 -0.21888594  0.22530156 -0.26309713 -0.00968917 -0.12713729  0.58006483
 -0.00564708 -0.40195807 -0.05273024  0.11892669  0.34879589 -0.26355525
 -0.03114551  0.26017614  0.26081958  0.21033332 -0.05841459  0.13258051
  0.11586241 -0.22593303 -0.16261709 -0.12220451 -0.00732557 -0.1622275
  0.15269384  0.22640082 -0.00823504  0.20467918  0.15608383 -0.34186878
  0.2498885   0.3239621  -0.03483622 -0.0398487  -0.03525937  0.18018153
  0.10256022  0.12926094 -0.18592384 -0.47897068 -0.4225931   0.06201065
  0.17367731  0.17335334  0.16940106 -0.02924202 -0.26056137 -0.05966195
  0.05795751 -0.27695981 -0.3952049  -0.0290509   0.15648549 -0.32542434
 -0.22325582  0.0421492   0.13102673  0.36595925 -0.13005305 -0.01965801
  0.15155921  0.25230709  0.13980317  0.17314163  0.03888946 -0.41791757
  0.0632409  -0.20031015 -0.29864763 -0.10160145  0.19588868  0.13039425
  0.45157167  0.17221525 -0.53161099  0.25089665 -0.07633753 -0.06173743
 -0.10938587  0.08936448 -0.19571955  0.20280863  0.35788185  0.19009407
 -0.03319653 -0.24204232  0.28248836  0.00655702  0.31331436  0.01316373
  0.11462669  0.22135423 -0.1744309   0.12524454 -0.2845686  -0.36953152
 -0.20710819 -0.06395009 -0.11360069 -0.23834184 -0.15754417 -0.115751
  0.15291491 -0.08114972 -0.38891108  0.08672518  0.39841266  0.23328116
  0.19995856  0.13455733  0.20816309  0.06464563 -0.05087125  0.05532679
  0.01614396 -0.12550802 -0.03628675 -0.03480793 -0.01913348 -0.18375951
  0.16754757 -0.34335652 -0.28535647  0.11152872 -0.05281901  0.32700931
 -0.27678715  0.18241784 -0.22099403 -0.24533842  0.03371056  0.15134662
  0.02290355 -0.21410546 -0.02886993  0.55192627  0.28750897 -0.03981944
  0.11821515 -0.34275297 -0.10510465 -0.09022951  0.20533876 -0.04439227
 -0.0882774   0.15277199  0.07616171  0.15818088  0.04265715  0.14588262
  0.34486994  0.07642526 -0.2082462   0.40252369  0.32449803 -0.03413261
 -0.25014543 -0.08687075 -0.15485659 -0.27738332 -0.0182983   0.26875783
  0.11161187 -0.22133667 -0.24649973 -0.31707941 -0.15318962  0.10367137
  0.28171348  0.15370471 -0.05263022  0.08438455  0.02852262  0.08398013
 -0.03751599  0.12614466  0.23214617  0.07698435 -0.09963654 -0.09046303
 -0.24636233  0.00666613  0.05863393 -0.18757044 -0.05664307  0.00311854
 -0.02448469  0.24167429 -0.00602151 -0.22693778  0.06043457 -0.38273397
  0.09023551 -0.1358846  -0.23785119 -0.11653463 -0.01712709 -0.06036529
 -0.08928965 -0.15838506  0.18491377  0.06637123 -0.1423746  -0.1588678
  0.58374051  0.0879477   0.24001875 -0.03130088 -0.37391479 -0.02573369
 -0.14925516 -0.14495638  0.2301214  -0.34302072  0.37183176 -0.15101468
  0.08298376  0.00603946  0.24865584  0.04332604 -0.22199891 -0.05536647
  0.08392253 -0.15881421 -0.02303235 -0.14946095 -0.18419446 -0.01942567]


