第1类： ['但是我同事第一次进去官网', '你们官网可以下单吗', '你们官网可以查到吗', '你们官网有卸载的图标可以点击吗', '你们官网没有相关介绍么', '你可以理解成像你们官网写的韦伯英语这样的场景', '其他是进入浏览器你们的官网', '刚才我在你们官网', '因为我在你们官网上面看到', '在你们官网还是思科', '在官网有没有哪里是有说明官网下单是不能开国际的啊', '在官网的什么地方', '在您官网主页里', '她说买促销直接官网找客服', '官网打开没有二维码的提示', '官网有使用手册吗我可以自己查着试一下', '官网没有直接体验的入口吗', '官网没看到有价目表', '就是在你们官网没找到呀', '您这儿是官网吗', '我在你们官网没有看到呀', '我在你们官网没查到', '我在你们官网没看到', '我在官网找不到', '我在官网看到的价格', '我就在你们公司的官网登陆就能进去', '我已经登陆你们官网了', '我是在你们官网登陆', '我现在在你们官网', '我看你们官网功能还挺多', '我看到你们官网商城里关于', '我看到官网还是有思科网讯', '我确实在你的官网的啊', '是不是就是你们官网显示的', '是官网数据不全吗', '每次开会都要进你们官网', '直接跳转到你们官网了', '看了官网的介绍', '科天云官网打开怎么这么慢', '跟你们官网的价格不同么', '问下你们官网的']
语义向量：[ 0.01502421 -0.01181338 -0.06059618 -0.10281773 -0.06384655 -0.0350371
 -0.08406196  0.17165731 -0.02692095  0.08813672  0.07952322  0.05932216
 -0.02585916  0.00922862  0.1053369   0.09117389  0.19240284  0.02978143
  0.07293893  0.03801833  0.01455635 -0.05053029  0.05799936 -0.00086792
 -0.04955085 -0.02370058 -0.01644223  0.00271153 -0.21327611 -0.14254416
 -0.00189215  0.07468093 -0.08563213  0.07477606  0.0811024   0.00910983
 -0.07953535 -0.0068859  -0.02726486  0.05008083 -0.09019511  0.09571303
 -0.01334614  0.14751667 -0.00957515  0.03433795 -0.07517631 -0.0730266
 -0.06809756  0.02971662  0.01003903 -0.01086805  0.12609622  0.01927461
  0.1103023   0.06597017 -0.08748583 -0.06178001  0.00052308  0.05108199
  0.27045758 -0.0107213   0.06012978 -0.15984712  0.11849346  0.06756603
  0.02442226 -0.10066841  0.06914097  0.12045936  0.00768407  0.22571992
  0.0491702   0.05325454  0.05967167  0.07410958  0.05397505  0.05636243
 -0.08736825 -0.09889134  0.07701697  0.03755927 -0.06547963  0.25414136
 -0.07936647  0.0283534  -0.05952428 -0.07805713 -0.07196114 -0.02279824
 -0.06064734  0.0710523  -0.00335358  0.06689368  0.098268   -0.05592731
 -0.00852458  0.09049588 -0.09010741  0.08092334  0.11107761  0.10976872
  0.12233428  0.01748031 -0.06719112 -0.18448467  0.00525834 -0.06834575
 -0.1716391   0.00449737  0.0761837   0.07860868  0.02480993  0.06641414
  0.02464687 -0.14738116  0.10258412  0.1056895  -0.00574988 -0.18263225
 -0.03214421 -0.05047839  0.07848193 -0.07175808 -0.05166347  0.14856851
  0.03776411  0.03744682 -0.01192364 -0.07381005 -0.11658653 -0.01411321
  0.04982588  0.09009256  0.12149427  0.13108686 -0.05720749  0.02098608
 -0.08737776  0.03487771 -0.10437596  0.04895893  0.04085691  0.01635992
  0.06264292 -0.16177209  0.10557284  0.01427767  0.01678545  0.03067223
 -0.1392349   0.02343239 -0.06546743  0.11388243  0.11322659 -0.10997379
 -0.02699549 -0.07113402  0.06423091  0.04761202 -0.01413653 -0.13495361
  0.02763551 -0.01090566  0.00461052 -0.11385071 -0.04883164 -0.08993811
  0.01695899  0.00547789  0.06969328  0.09722036 -0.00856276 -0.06877297
  0.12252758  0.05636455 -0.16528488  0.15358096 -0.09609095  0.0646137
  0.0798469   0.01961151  0.06681892  0.0082709  -0.08188822  0.00938096
  0.07912558  0.0694746  -0.10468505  0.10472783 -0.0510509  -0.00793028
 -0.18146776 -0.03506265  0.09784848 -0.00597295 -0.00939731  0.06523022
  0.12497416 -0.00326639 -0.0884851  -0.05056854 -0.06427755  0.14655853
 -0.02993601  0.03916613  0.01680124  0.07942592  0.00074635  0.04957492
 -0.12996826 -0.07618304 -0.00968392  0.05169391 -0.00575347  0.05520311
  0.05571727  0.08255681  0.00459287 -0.06623686  0.10111514  0.0380603
 -0.01469981 -0.11454849 -0.01059882 -0.05875474 -0.0699094   0.07517107
  0.17187492  0.2373638   0.05356546 -0.0538402   0.0205979   0.06184292
  0.08398308  0.06826741 -0.07169998  0.09303537 -0.10367491 -0.03462794
  0.06071667  0.12021437 -0.08510537  0.116384   -0.06622227  0.0424441
  0.01935917  0.01706431 -0.08475574  0.00274105 -0.18070332 -0.01873484
 -0.01865375  0.00325739  0.01577811  0.03823743  0.02489695  0.06569252
 -0.16188842 -0.03239961  0.06499074 -0.05977472 -0.02653785  0.02181084
  0.01084035 -0.07048688 -0.03112573  0.04137413  0.09321362 -0.04318746
  0.13006481  0.00521317  0.14313835  0.06770738 -0.02547155 -0.11061563
 -0.03490424  0.12471644 -0.01114449 -0.12914085  0.00092042  0.06159723
 -0.07201138  0.01570026 -0.02280873  0.00673618 -0.13892269  0.03448614
  0.04160511  0.00211639  0.03058691 -0.04334695  0.01614247 -0.0055697
 -0.1426375   0.00782717  0.02186639  0.04542847  0.10643235 -0.04501479]


第2类： ['之前你们官网有', '你们官网', '你们官网是啥', '你们的官网', '你们的官网网址', '官网没有看到', '官网没查到', '官网没看到嘛', '官网能打开', '打开官网了', '是从官网进吗', '直接在官网注册码', '看到您们的官网', '请问你们官网没有', '这是官网对吧']
语义向量：[ 2.77792081e-02 -1.95570428e-02 -9.43614200e-02 -1.81975907e-01
 -9.98798341e-02 -6.73113580e-02 -1.43199652e-01  2.93551975e-01
 -4.40951683e-02  1.58763078e-01  1.30441371e-01  8.59714409e-02
 -3.35538353e-02  4.40177348e-03  1.73491831e-01  1.67476586e-01
  3.53580318e-01  6.45406743e-02  1.24281731e-01  7.91367208e-02
  4.48330740e-02 -1.07683942e-01  1.08252904e-01 -1.16862858e-02
 -5.93265896e-02 -5.40469403e-02 -6.16383925e-03  2.62026012e-02
 -3.90184355e-01 -2.35599136e-01  2.71078628e-02  1.32216386e-01
 -1.22243356e-01  1.41484290e-01  1.56127591e-01  3.97353475e-02
 -1.39745736e-01  1.92003450e-02 -7.60403131e-02  1.04083245e-01
 -1.42762367e-01  2.01560714e-01 -1.16475678e-02  2.41145737e-01
  6.43022154e-03  5.71340432e-02 -1.09078284e-01 -1.07282927e-01
 -1.22654311e-01  4.34857013e-02  1.81936972e-02 -5.73361747e-02
  2.07498157e-01  5.80134032e-02  1.96757627e-01  8.99889315e-02
 -1.82441745e-01 -9.32429676e-02  1.61320135e-02  1.18180618e-01
  4.64337415e-01 -4.14579228e-02  1.21249036e-01 -2.40519193e-01
  2.37725227e-01  1.40372438e-01  5.81483471e-02 -1.32987330e-01
  1.40408914e-01  2.50746573e-01  3.76777742e-03  3.57894554e-01
  8.86597022e-02  8.86453812e-02  9.79849170e-02  1.45960659e-01
  1.14894809e-01  7.11688139e-02 -1.48474522e-01 -1.50965904e-01
  1.50812533e-01  5.25835872e-02 -1.45488661e-01  4.60806064e-01
 -1.08420492e-01  2.72537580e-02 -1.06553293e-01 -1.56740219e-01
 -1.20929472e-01 -5.51910152e-02 -1.17311216e-01  1.45234963e-01
  6.37526565e-03  1.32934943e-01  1.65614049e-01 -8.77447372e-02
 -1.67452495e-02  1.52796535e-01 -1.48737882e-01  1.37624310e-01
  1.82119133e-01  2.02463148e-01  2.18611192e-01 -4.11830134e-04
 -1.16435008e-01 -3.19043235e-01  5.17060387e-03 -1.45044225e-01
 -3.29521191e-01 -2.11819286e-03  1.43381593e-01  1.61211497e-01
  5.35118071e-02  9.93402873e-02  5.51029002e-02 -2.54851943e-01
  1.81186393e-01  1.73009834e-01  9.85238055e-03 -3.26090930e-01
 -6.55491946e-02 -4.88763188e-02  1.44508108e-01 -1.24804427e-01
 -1.02403983e-01  2.64376868e-01  7.65228654e-02  6.13127083e-02
 -2.42151597e-02 -1.61426433e-01 -2.09391005e-01 -1.78023756e-02
  6.19753736e-02  1.42683233e-01  1.80119636e-01  1.97727580e-01
 -9.63256543e-02  8.10317193e-02 -1.38618656e-01  6.91533161e-02
 -1.57197175e-01  9.48229382e-02  5.94767759e-02  2.05276380e-02
  6.25542872e-02 -2.69621400e-01  2.11786720e-01  7.98201691e-03
  1.00527134e-02  5.78160259e-02 -2.39435113e-01  2.33512369e-02
 -1.00560987e-01  1.92088977e-01  1.92971036e-01 -2.17020417e-01
 -4.69229673e-02 -1.03525760e-01  9.65233395e-02  6.18390054e-02
 -6.29407622e-02 -2.17446904e-01  3.47573174e-02 -8.13606630e-02
  2.79671239e-02 -2.17562562e-01 -3.27206079e-02 -1.42143020e-01
  2.39156426e-02  2.84187662e-02  1.28188502e-01  1.97950114e-01
  3.07293938e-03 -1.39185295e-01  2.08092426e-01  9.91412068e-02
 -2.77531926e-01  2.52991160e-01 -1.79976547e-01  9.43157375e-02
  1.07656345e-01  2.12077826e-02  1.15328678e-01  3.90886520e-03
 -1.23957507e-01  4.13675369e-03  1.50182019e-01  1.51581602e-01
 -1.87595113e-01  1.78788466e-01 -8.20150594e-02  8.21236214e-04
 -3.36846987e-01 -4.79021308e-02  1.99214206e-01 -3.78647849e-03
  1.93382045e-02  8.85337512e-02  2.47052837e-01 -1.79238377e-02
 -1.22674856e-01 -7.40412424e-02 -1.08242461e-01  2.58419370e-01
 -3.30801126e-02  7.92570988e-02  3.38603128e-02  1.13744880e-01
 -1.26397626e-02  8.32630247e-02 -2.52810620e-01 -1.42875024e-01
 -2.72001962e-03  9.98386795e-02 -2.27209723e-02  1.23284383e-01
  1.02548580e-01  1.47843377e-01  2.23594833e-02 -1.27619368e-01
  1.44127412e-01  4.26202806e-02 -5.24814447e-02 -2.06712255e-01
 -1.95024749e-02 -1.24710340e-01 -1.45935902e-01  1.30518099e-01
  3.10438446e-01  4.17842646e-01  9.70400095e-02 -7.39185398e-02
  2.59453495e-02  9.17484492e-02  1.29525121e-01  1.29324216e-01
 -1.15633137e-01  1.86663389e-01 -1.72092447e-01 -1.04218197e-01
  8.26128036e-02  2.21106201e-01 -1.45921881e-01  2.10439087e-01
 -1.11984738e-01  8.42671697e-02  2.54526456e-02  2.58292520e-02
 -1.67961220e-01  6.51890518e-03 -3.14543068e-01 -4.92391149e-03
 -1.49305690e-02  2.70156693e-03  2.84792053e-02  8.66615529e-02
  4.41597891e-02  1.25717465e-01 -2.73500214e-01 -7.93666204e-02
  9.86934016e-02 -8.88941298e-02 -4.75711457e-02  6.85613925e-02
  2.50592457e-02 -1.15904114e-01 -3.76554395e-02  6.84889187e-02
  1.40888721e-01 -7.79760609e-02  2.33776630e-01  2.32395515e-02
  2.34438292e-01  1.26359620e-01 -3.54466857e-02 -2.07564902e-01
 -8.98523634e-02  1.98010715e-01 -4.07303102e-02 -2.34311278e-01
  1.05239895e-02  1.24287844e-01 -1.11157900e-01  2.49342988e-02
 -5.68252859e-02  4.59982698e-02 -2.62850385e-01  8.69186545e-02
  6.02230743e-02  1.71688532e-02  6.69542409e-02 -8.12923749e-02
  3.33849316e-02  6.11101091e-04 -2.68512902e-01  1.85070133e-02
  1.21199943e-02  8.23805978e-02  1.93603077e-01 -6.68394859e-02]


