第1类： ['点击忘记密码', '点击忘记密码后', '点击获取密码', '输入密码']
语义向量：[-6.42668426e-01 -2.42276758e-01 -2.63436679e-01 -1.46713521e-01
 -1.01320717e-01  1.00667065e-01 -2.30182722e-01  7.39122719e-01
 -2.01233082e-01  4.41572249e-01  1.62366521e-01  3.74538690e-01
 -2.86626359e-02 -1.83651241e-01  5.88065609e-01  3.84332888e-01
  3.61191906e-01  1.99959312e-01  6.70214012e-01  5.52619305e-02
  1.50073579e-01  8.19525635e-03  9.13200937e-02  2.14852795e-01
 -2.70273700e-01  4.14101988e-01 -4.90139380e-01 -9.07822419e-03
 -6.74875244e-01 -2.58621316e-01  6.73092608e-02  7.59823531e-01
 -3.08037017e-01  4.79575656e-01  4.86963458e-01  5.18974448e-02
  2.40182400e-01  1.07640745e-01 -1.55071285e-01 -9.49879922e-02
 -4.01104628e-02  7.03586303e-02 -3.28212716e-01  7.16368174e-02
 -3.05564199e-01 -1.61659753e-01 -1.15998674e-01 -7.58338347e-02
 -3.09371412e-01 -1.15748657e-01  8.03995252e-01 -2.26394951e-01
  1.10612707e-01 -6.43527389e-01  4.07388628e-01  5.45613050e-01
  5.32830358e-02 -5.99634953e-01 -3.74675799e-01 -5.62441540e-02
  2.86943965e-01 -2.97032379e-01 -3.94700460e-01 -3.72879550e-01
  2.36992098e-01  5.46202548e-02 -2.19306987e-01 -1.18734516e-01
  3.29636201e-01  1.69582944e-01  1.69252656e-01  1.19479233e+00
  3.49878408e-01  3.86374369e-02  5.30471675e-01  2.95869023e-01
  1.97749332e-01 -2.54912451e-01 -4.49020945e-01  8.50665634e-02
  4.14915524e-01 -3.75726134e-01 -8.18079938e-02  7.06861377e-01
 -7.39080802e-01  2.14341212e-01 -3.90617177e-01  3.81997665e-02
 -1.86546594e-01 -5.60569682e-02 -6.06715888e-01  2.84222722e-01
 -2.30050452e-01  4.66518506e-01  1.02317397e-01 -1.09596662e-01
 -4.75188658e-01  1.06405565e-01 -3.48804966e-01  9.00777914e-02
  1.39662204e-01  2.33551685e-01 -2.19769612e-01  2.36794792e-01
 -2.17122640e-02 -2.48154748e-01  2.55550236e-01 -8.08393601e-02
  7.67513234e-02 -1.53072694e-02  4.75552350e-01  9.32599995e-02
  1.11290466e-01  1.50072351e-01 -5.10953240e-01 -2.89618041e-01
 -5.89322657e-02  2.14657791e-01  3.03749643e-01 -1.75466318e-01
 -7.27435206e-02  3.55970031e-02  1.01543035e+00  6.56474130e-02
 -4.06929269e-01  1.00152081e-01  4.59594965e-01  3.84033741e-02
 -1.46010630e-01 -1.83459803e-01  2.80528802e-01 -3.12018720e-02
  3.49621899e-01  2.81171691e-01  3.76012407e-01  1.53564310e-01
 -2.24968378e-01  2.64648765e-01 -3.22866134e-01 -3.10369735e-02
 -1.16205592e-01  2.19456850e-02 -2.08474062e-02  2.52506368e-01
  2.22031038e-01 -5.47796905e-01  6.25519156e-01 -5.01099572e-01
  1.70005299e-01 -1.12548549e-01 -3.28113399e-01  1.66699082e-01
 -7.64147155e-02  4.29324377e-02  1.23784143e-01  2.49738477e-01
  1.71055850e-01 -1.89515777e-01 -2.97229275e-01  3.89072701e-01
  2.65971355e-01 -4.41060342e-01  5.79416880e-02  2.19448358e-01
  3.61741288e-02  1.97844300e-02 -5.82637988e-01  3.29296544e-01
 -8.96434169e-02  1.09935667e-01  4.14363831e-01  2.85324555e-01
  7.06151742e-02 -1.37078733e-01  5.19217595e-01  3.93198222e-01
 -1.55100795e-01 -1.70660168e-01 -4.15400244e-01  1.55269207e-01
  3.78707677e-01  2.06529401e-01 -3.04122929e-01  5.87430626e-01
 -9.65800472e-02 -1.03080753e-01  4.98654351e-01 -1.28561003e-01
  7.09710135e-02  3.04744661e-01 -3.69762130e-01 -2.31546488e-01
 -4.06387441e-01  8.35630111e-04  4.15194042e-01  2.18642943e-01
 -3.54288999e-01  1.31641431e-02 -1.77708950e-01 -1.13707423e-01
 -1.95136422e-01 -2.26016290e-01 -1.08497898e-01 -9.96037172e-02
 -4.15844023e-01  2.02538095e-01  5.23335994e-02  9.68763996e-02
 -3.80003095e-01 -1.77889863e-01 -8.97352956e-03 -9.66997147e-02
 -1.60125826e-01  3.38720068e-01 -3.66325021e-01 -2.04871939e-02
 -1.39559628e-02 -1.12062365e-01 -7.13460054e-03 -3.80176380e-01
  5.97941935e-01  4.85362783e-01  5.75943058e-03 -1.70767155e-01
  1.92985989e-01 -1.25712501e-01  1.52571633e-01  3.82320106e-01
  5.58962278e-01  5.93079001e-01  1.56962853e-01 -2.18485296e-01
  1.22583155e-01  4.12082076e-02  6.35678610e-02  3.09349321e-01
 -1.67487653e-01  1.45230735e-01 -3.96178477e-01 -2.31398612e-01
  6.69197040e-02  3.88130806e-02 -1.77760895e-01 -1.05799980e-01
 -4.35987785e-01  1.23908900e-01 -9.91850570e-02  1.24678923e-01
 -1.67174004e-01 -1.97169259e-01 -2.84751955e-01 -5.26892260e-01
 -1.19067323e-02  2.32599583e-03  2.37726483e-01 -3.18565145e-01
  1.33189756e-01  2.33725410e-01 -5.25475629e-01  2.69732472e-01
  3.46714996e-01 -2.92369828e-01 -3.49388883e-01  2.78254207e-01
 -9.17338822e-02  1.36715081e-01  8.69505061e-03  4.89858225e-01
  4.46457610e-01  2.85187960e-01  2.56941088e-01 -4.98619471e-02
  2.84839742e-01  1.52784579e-01 -8.71027997e-02 -2.66657371e-01
 -2.14179061e-01  3.49878743e-01  2.60980386e-01  2.59649653e-01
  3.84897500e-01  6.58947974e-02 -3.01629223e-01  2.87309662e-01
  1.35294951e-01 -4.30802487e-01 -2.39789654e-01  2.14969274e-01
  4.93629232e-01 -8.01771536e-01  1.38089115e-01 -1.30850077e-02
 -8.74467185e-02  2.33311426e-01  5.62464749e-03 -2.73200419e-01
  2.83239573e-01  4.23291340e-01  9.81188174e-02 -5.67908913e-01]


第2类： ['主持的密码也是一样的对不', '之前的密码没变是吗', '也就是假如有密码输入进去等待即可', '会直接弹出需要输入密码的么意思么', '但是我输入的密码是正确的呀', '你直接告诉我密码可以吗', '可是收到的邮件都点了没有密码之类的邮件啊', '她那边一直没有收到让她改密码的邮件', '如果有其它客户没有用户名密码', '如果被邀请人把密码转给别人', '密码是我可以后台更换的吗', '您输入的电子邮件地址或密码不正确', '您输入的电子邮件地址或密码不正确', '我们支付后你们会给到账户和密码是吗', '我们用的账户和密码是公司分配的', '我已经收到你们的邮件并且修改过密码了', '我忘记密码了怎么找回呢', '我把主持人来回换没有需要密码啊', '我的密码忘的了', '我的密码忘记了怎么弄', '按客人给的用户名和密码进不去', '没有忘记密码这一栏哦', '没有选择忘记密码的地方', '然后密码我是要以找回密码的方式重置对吗', '现在密码都说不正确', '科天云账户为什么写的是密码呀', '被邀请人收到的密码都不一样', '还是没有收到密码消息的通知', '这个访问码就是参会者的密码吗', '这六位数密码是什么用的', '那就是不需要密码什么的对吧', '都已近让我改密码了', '重置密码有什么要求吗', '锁屏密码忘了咋办啊']
语义向量：[-1.67596541e-01 -5.66752036e-02 -3.93105671e-02 -8.77835832e-03
 -7.53334840e-03  2.40258150e-02 -3.87041388e-02  1.51838460e-01
 -5.10763198e-02  6.57999619e-02  1.29803066e-02  8.62597709e-02
 -3.30267802e-02 -6.70897394e-02  1.16688179e-01  6.46792395e-02
  3.83755962e-02  3.63555915e-02  1.26263484e-01  2.04739375e-02
  4.09820704e-02  1.57231325e-02  1.28035967e-02  2.89024531e-02
 -3.97210329e-02  1.00957099e-01 -1.25715525e-01 -2.46393562e-02
 -1.17773936e-01 -1.69263861e-02  1.37662087e-03  1.87348540e-01
 -4.45738584e-02  7.39668074e-02  9.30333121e-02 -2.44932968e-02
  9.09941240e-02  3.98496314e-02 -2.82042816e-02 -2.55033296e-02
  7.24471222e-03 -2.19320425e-02 -7.18176345e-02 -2.29378955e-02
 -7.61791511e-02 -6.33136652e-02 -1.92506321e-04 -6.24983522e-03
 -7.52198776e-02 -3.98910278e-02  1.89885160e-01 -4.44588733e-02
 -2.13496671e-02 -1.52361606e-01  9.52710164e-02  1.31765713e-01
  4.44083066e-02 -1.41661127e-01 -1.13763876e-01 -5.48902496e-02
  2.01718434e-02 -3.85238576e-02 -1.07489809e-01 -9.09840484e-02
  3.66179724e-02  1.97104074e-02 -6.39231584e-02 -6.38422571e-03
  5.94547006e-02  1.72843699e-02  2.52256860e-02  2.62544877e-01
  5.82768688e-02 -2.14311105e-02  1.36807804e-01  6.03210349e-02
  4.62547145e-02 -6.62054640e-02 -7.14221805e-02  4.97950168e-02
  1.00711909e-01 -9.87488772e-02 -1.74130038e-03  1.10782010e-01
 -1.31126377e-01  4.89038272e-02 -7.67762554e-02  4.08148673e-02
 -5.58593882e-02 -3.47354477e-02 -1.40205027e-01  4.04996930e-02
 -3.34293233e-02  1.19294066e-01  2.55359443e-02 -7.55832192e-03
 -1.15521573e-01  1.61895308e-02 -7.41642160e-02 -8.43555006e-03
  1.18358690e-02  2.88850186e-02 -6.63196380e-02  7.52066520e-02
  1.65677681e-02 -2.06187722e-02  8.45556503e-02 -1.52601763e-02
  7.00265144e-02  2.22217673e-02  1.18580825e-01 -3.57238630e-02
  2.21496514e-02  5.08806554e-02 -1.34710811e-01 -6.03736318e-02
 -5.80481458e-02  4.28357766e-02  8.47714582e-02  7.26634185e-04
 -3.47577105e-02  3.02330312e-02  2.36969087e-01  2.61497423e-02
 -9.94709490e-02  1.73608315e-02  8.36943956e-02  3.00993336e-02
 -5.61700840e-02 -3.25490847e-02  1.00968214e-01  5.24226843e-03
  8.07953734e-02  8.14908562e-02  6.55478639e-02  1.34463381e-02
 -1.37298715e-02  8.33763446e-02 -3.31836094e-02 -2.98014578e-02
 -2.86548789e-02 -1.12737928e-02 -3.05658627e-03  6.09658949e-02
  4.72034891e-02 -1.20233744e-01  1.27563858e-01 -1.19035030e-01
  6.38684249e-02 -2.38340432e-02 -2.68522955e-02  2.74015227e-02
  6.27208800e-03 -3.03840116e-02  1.42267470e-02  6.16679315e-02
  5.28159919e-02 -3.06526333e-02 -9.80649658e-02  9.51338390e-02
  9.10340905e-02 -8.66330510e-02  1.45102549e-02  8.54550675e-02
  7.06919112e-03  5.58946374e-02 -1.36983831e-01  8.63701122e-02
 -3.60219512e-02  1.86317470e-02  1.05068272e-01  5.66157117e-02
  4.03206134e-02  1.32448175e-03  1.08589770e-01  8.76537972e-02
 -1.26281949e-02 -5.99079917e-02 -1.01944018e-01 -1.36394648e-03
  1.14126235e-01  4.64216110e-02 -7.55686160e-02  1.61790035e-01
 -2.64521745e-03  1.04020172e-02  1.02355989e-01 -4.45771131e-02
  4.16397168e-02  5.30241955e-02 -8.20724376e-02 -5.14937898e-02
 -6.18813440e-02 -1.19735157e-02  1.00075795e-01  5.89033917e-02
 -1.22047918e-01 -1.95443394e-02 -5.80629916e-02  7.08713276e-03
 -5.28208506e-02 -4.10489316e-02  1.53599728e-02 -3.51906464e-02
 -9.88692145e-02  1.56132268e-02  3.02771042e-02  2.81446179e-02
 -6.10524245e-02 -5.02543403e-02  2.19970411e-02 -2.90019388e-02
 -6.62652157e-02  5.78710298e-02 -9.46679422e-02  1.75608730e-03
 -1.67079676e-02 -6.27264605e-02  3.02495372e-02 -7.32437428e-02
  1.25823512e-01  1.07606410e-01  1.00224777e-02 -2.14508304e-02
  3.96143744e-02  2.78606103e-03  6.75886211e-02  7.54978892e-02
  1.08035887e-01  9.28167516e-02  1.50884655e-02 -6.53962092e-02
  2.66559593e-02  1.36489146e-02  8.61791067e-03  7.80193533e-02
 -3.07946374e-02  6.57645791e-03 -8.34397164e-02 -2.07935435e-02
  3.08745457e-02 -1.04501439e-02 -3.65209102e-02 -4.92087765e-02
 -8.60103935e-02  1.32592664e-02 -6.88145701e-02  2.60116349e-02
 -2.08975011e-02 -5.15699221e-02 -3.66688063e-02 -1.41156398e-01
 -7.13139019e-03 -1.93994911e-02  4.72434220e-02 -7.46611951e-02
  3.14913093e-02  3.08269739e-02 -1.09217566e-01  7.03552984e-02
  8.91477793e-02 -7.03591079e-02 -8.52379822e-02  4.21599721e-02
 -3.74882922e-02  2.53162586e-02 -2.41345735e-02  8.09642561e-02
  9.30717597e-02  7.49355872e-02  5.32450225e-02 -2.53900764e-02
  7.14644116e-02  4.30895472e-02 -8.82994221e-03 -7.14301489e-02
 -3.65714119e-02  6.46353268e-02  1.01015698e-01  1.01886097e-01
  7.85393140e-02 -3.80627009e-03 -5.64410520e-02  6.18048240e-02
  5.06852770e-02 -1.20157983e-01 -2.64258061e-02  6.40668970e-02
  1.13126188e-01 -2.33019962e-01  4.86714387e-02 -4.47780081e-03
 -2.35938612e-02  8.54829003e-02  3.36584530e-02 -8.49730255e-02
  7.44874783e-02  8.55873829e-02 -5.80849385e-03 -1.34742547e-01]


第3类： ['一加入就让我输入密码', '为什么不能直接设置密码', '会议室可否设置密码', '已加入就让我输入密码', '我如何设置密码', '提示要重新设置密码', '收到一个重新设置密码', '每次都要输入密码', '没有地方设置密码', '没有密码怎么登陆啊', '点击忘记密码就是这个', '登陆说密码不正确', '让我输入密码', '请问密码在哪里设置', '还是设置不了密码', '进入会议室时要输入密码', '那怎么设置会议室密码啊', '重新设置了密码', '重新设置了密码']
语义向量：[-3.49397459e-01 -1.51091271e-01 -1.71047010e-01 -7.19825827e-02
 -6.27833305e-02  8.08942422e-02 -1.08775700e-01  3.54195913e-01
 -7.73240824e-02  2.08880866e-01  6.29949322e-02  2.59378852e-01
 -8.10107538e-02 -1.09517085e-01  3.07005015e-01  1.82325262e-01
  1.10304732e-01  6.41347155e-02  3.61732999e-01  1.84397180e-03
  3.28414742e-02  1.26069123e-02  3.78847240e-02  4.58876924e-02
 -1.62794605e-01  2.56007363e-01 -2.87086099e-01 -6.14611103e-02
 -3.33784201e-01 -9.83072751e-02  3.85746467e-02  3.84118904e-01
 -1.74995678e-01  2.13073720e-01  2.44329478e-01 -5.56507316e-02
  1.27588099e-01 -5.80900961e-04 -2.09469405e-02 -5.15272717e-02
 -6.00747384e-02 -4.91566871e-02 -1.72626676e-01 -2.33612217e-02
 -1.75917664e-01 -9.20493693e-02 -7.87616803e-02 -3.05363156e-02
 -1.88852040e-01 -2.49771486e-02  4.75503376e-01 -1.11927224e-01
  8.52994996e-02 -3.78018578e-01  2.16835137e-01  2.62436769e-01
  7.44907998e-02 -3.09437478e-01 -3.20304354e-01 -1.02420549e-01
  1.11707423e-01 -8.90579000e-02 -2.68054716e-01 -2.52681855e-01
  1.10855512e-01  5.20798073e-02 -1.61589902e-01 -8.53185312e-02
  1.07484413e-01  2.47977404e-04  4.12094265e-02  6.56616148e-01
  1.82423510e-01  3.72980942e-03  2.96941696e-01  1.17739754e-01
  7.67397005e-02 -1.46361671e-01 -2.44118534e-01  2.47073955e-02
  2.31336752e-01 -2.52395803e-01  5.71855937e-02  3.36004017e-01
 -3.96769519e-01  9.35847547e-02 -2.37459136e-01  1.04911029e-01
 -7.74376432e-02 -8.32812347e-03 -3.33891293e-01  7.21790855e-02
 -1.68774319e-01  2.15703187e-01  8.52184315e-02  2.95317171e-03
 -3.07292170e-01 -3.70565842e-02 -2.00350419e-01  4.12049441e-02
  6.71935444e-03  1.00972583e-01 -1.41239264e-01  1.94741844e-01
  2.62094057e-02 -8.52467971e-02  1.55856249e-01  1.55181542e-02
  1.68740645e-01 -2.87825699e-02  3.05971359e-01 -3.96316881e-02
  9.23857087e-02  8.23806060e-02 -3.30004399e-01 -5.93765934e-02
 -1.24086820e-01  1.33175751e-01  1.15434220e-01 -8.11587531e-03
 -7.70536033e-02 -5.28876515e-02  5.34018684e-01  9.18832377e-02
 -1.80278121e-01  5.65990770e-02  2.01296035e-01  4.73211237e-02
 -6.43638249e-02 -3.30369310e-02  1.68572742e-01  3.60325175e-03
  2.45444684e-01  1.59579946e-01  1.58030805e-01  1.06595345e-01
 -8.81089533e-02  1.22159875e-01 -9.29156971e-02 -5.02073558e-02
 -1.32741714e-01  8.35482291e-03 -2.61001799e-03  1.31441633e-01
  1.88103848e-01 -3.00241263e-01  2.55538217e-01 -2.50540800e-01
  6.93271871e-02 -6.27292555e-02 -1.46483159e-01  1.50088216e-01
 -3.24487517e-02  1.59901235e-02  4.61805850e-02  1.36553522e-01
  1.30284622e-01 -1.18122227e-01 -1.79103549e-01  2.41372005e-01
  1.95595313e-01 -2.61175313e-01  4.80445646e-02  2.08726008e-01
  8.25990350e-03  7.14239530e-02 -4.08980737e-01  1.67593812e-01
 -1.18656138e-02 -7.30726574e-04  1.90470478e-01  8.13583871e-02
  3.66188046e-02 -4.48706712e-02  2.55291529e-01  2.08568975e-01
 -4.23156082e-02 -1.04521129e-01 -2.10716179e-01  5.41078740e-02
  2.43816593e-01  1.14088635e-01 -2.09068175e-01  2.92080907e-01
 -3.93247342e-02 -8.50957426e-03  2.29495252e-01 -1.32886909e-01
  6.91722780e-02  1.44872300e-01 -1.96143822e-01 -1.31818789e-01
 -1.51417536e-01 -4.04051253e-02  1.48946627e-01  1.47699996e-01
 -2.85151846e-01  9.07331654e-02 -1.10062099e-01  3.98186888e-03
 -1.39802221e-01 -1.20517759e-01 -2.64202531e-02 -9.00826150e-02
 -2.37523612e-01  1.13823132e-01  3.98217396e-02  1.08381178e-01
 -1.66273450e-01 -1.39277284e-01  3.88003472e-02 -5.15214901e-02
 -9.90214830e-02  1.03225143e-01 -1.88182665e-01 -4.72594745e-02
 -3.96405388e-02 -5.72831738e-02 -3.35524691e-02 -1.67379382e-01
  3.44499185e-01  2.75288891e-01  4.89804716e-02 -7.97524350e-02
  1.21276284e-01  3.14558233e-02  1.12848796e-01  2.09481619e-01
  2.07460580e-01  2.85071171e-01  4.87670842e-02 -1.75415947e-01
  1.45788465e-01  5.10224298e-02  4.42356593e-02  1.55078532e-01
 -3.50350622e-02  2.09854816e-02 -1.89718014e-01 -8.86198372e-02
  4.10192609e-02  7.31031440e-03 -1.34686530e-01 -1.22148207e-01
 -2.48037308e-01  5.92856383e-02 -8.14716049e-02 -2.82251330e-03
 -3.40170613e-02 -1.31535610e-01 -1.42528301e-01 -3.38790829e-01
 -1.47670293e-02  1.12397596e-02  1.94538519e-01 -1.99166943e-01
  8.48004453e-02  6.08220436e-02 -3.08912116e-01  1.35198188e-01
  2.56546396e-01 -1.79287343e-01 -1.47506325e-01  7.19026038e-02
 -8.72543441e-02  2.74125172e-02  8.10475580e-03  2.46928635e-01
  2.46894803e-01  1.31091847e-01  1.26163753e-01 -2.22404057e-02
  2.21084919e-01  1.01267666e-01 -7.69095364e-02 -1.76966270e-01
 -1.32331798e-01  2.11780967e-01  2.00085661e-01  2.39775964e-01
  2.18945859e-01  6.68833934e-03 -9.58703013e-02  1.34554717e-01
  1.10253381e-01 -2.78275054e-01 -2.39761538e-02  1.37300924e-01
  3.62139860e-01 -4.73718480e-01  7.71067062e-02 -3.86949558e-02
 -4.13345082e-02  1.49929697e-01  5.21671723e-02 -1.94115840e-01
  2.04703204e-01  2.19918228e-01  1.39198840e-02 -3.38410056e-01]


第4类： ['一直显示密码错误', '么有密码', '但是没有密码', '修改密码收不到邮件', '可是没有密码', '和密码呢', '如何修改密码', '如何修改密码', '密码忘记了', '密码忘记在那能找到密码', '密码是什么', '密码是啥', '密码是啥', '密码是多少', '密码是多少', '怎么改密码', '我没有密码', '我没有密码', '我点忘记密码', '我用忘记密码', '我重置密码', '收到密码了', '改账户密码', '是否需要密码', '是密码吗', '有密码么', '没有忘记密码', '用户名密码怎么弄', '给的密码提示密码错误', '访问密码呢', '账户密码是', '账户密码错误', '还需要密码', '邮件说没有密码', '重置密码要以前的旧密码', '重置密码邮件收不到', '需要密码么']
语义向量：[-3.93259549e-01 -1.36394697e-01 -7.68272526e-02 -1.69518700e-02
 -1.92464474e-03  5.23809562e-02 -8.90004778e-02  3.61272230e-01
 -1.19444387e-01  1.55215135e-01  3.19788431e-02  1.96416558e-01
 -6.31222525e-02 -1.61650739e-01  2.72702832e-01  1.43823088e-01
  7.78524289e-02  9.39668824e-02  2.85737847e-01  5.51412870e-02
  1.07246206e-01  3.64308322e-02  3.09341086e-02  6.90322223e-02
 -9.22570408e-02  2.38562415e-01 -2.87513784e-01 -4.26732681e-02
 -2.66199241e-01 -3.68217188e-02  5.54322896e-03  4.44825264e-01
 -1.00893883e-01  1.79398716e-01  2.17280293e-01 -6.04255800e-02
  2.22233668e-01  1.08056509e-01 -7.26290949e-02 -6.05490936e-02
  3.15006348e-02 -5.14371800e-02 -1.65280584e-01 -6.56172438e-02
 -1.76537121e-01 -1.44662050e-01  4.69776652e-03 -2.29972253e-02
 -1.70553360e-01 -1.09987251e-01  4.42807395e-01 -1.04200705e-01
 -6.62384459e-02 -3.52755639e-01  2.22864184e-01  3.08853397e-01
  8.96057483e-02 -3.28161778e-01 -2.57105457e-01 -1.34261218e-01
  3.03201871e-02 -8.41361873e-02 -2.40430505e-01 -2.03504079e-01
  8.64620897e-02  5.01856915e-02 -1.73800902e-01 -1.13405813e-02
  1.38165658e-01  4.04311505e-02  5.62987654e-02  6.01913090e-01
  1.42434989e-01 -4.37466819e-02  3.19484711e-01  1.43337687e-01
  1.16167045e-01 -1.58804943e-01 -1.58461245e-01  1.17465469e-01
  2.30235334e-01 -2.29024097e-01 -8.72455074e-03  2.42261872e-01
 -2.92725285e-01  1.19353045e-01 -1.67482259e-01  8.53145835e-02
 -1.31311523e-01 -7.86976265e-02 -3.28654193e-01  9.86543416e-02
 -5.78526375e-02  2.87539108e-01  5.02808743e-02 -1.22087863e-02
 -2.73440578e-01  4.33642934e-02 -1.59760617e-01 -1.73278461e-02
  1.94769952e-02  5.10850023e-02 -1.60028259e-01  1.67844341e-01
  3.66043259e-02 -5.41518526e-02  2.04404412e-01 -4.80797434e-02
  1.68140719e-01  6.38843240e-02  2.76446633e-01 -9.22228708e-02
  3.44270618e-02  1.17708189e-01 -3.09867563e-01 -1.51745065e-01
 -1.36158644e-01  9.27070814e-02  2.06720883e-01  1.04292947e-02
 -7.74053639e-02  8.17578553e-02  5.52045895e-01  5.70784510e-02
 -2.48411245e-01  3.23032256e-02  1.94309666e-01  7.68050801e-02
 -1.37596471e-01 -8.08577582e-02  2.50689213e-01  1.21926260e-02
  1.77953054e-01  1.95720725e-01  1.52810714e-01  1.09013918e-02
 -4.25965461e-02  2.01669280e-01 -6.86128682e-02 -6.99054333e-02
 -4.65965093e-02 -4.02046161e-02 -1.55347060e-02  1.51238737e-01
  9.42940899e-02 -2.77130357e-01  3.03971740e-01 -2.95676852e-01
  1.58737473e-01 -5.59990530e-02 -6.55454622e-02  6.46047320e-02
  2.95575210e-02 -7.70370140e-02  3.87253973e-02  1.30821500e-01
  1.20415824e-01 -5.19982901e-02 -2.35439048e-01  2.22671800e-01
  2.15476376e-01 -2.00910246e-01  2.17857041e-02  1.89124138e-01
  4.94001642e-03  1.39663016e-01 -3.13788592e-01  1.93079992e-01
 -9.61953837e-02  4.15616306e-02  2.52764225e-01  1.49110026e-01
  1.05108415e-01  4.25958313e-03  2.42768936e-01  2.17988907e-01
 -3.08543512e-02 -1.43003686e-01 -2.50439536e-01 -1.20252650e-02
  2.75822591e-01  1.10400448e-01 -1.78755881e-01  3.95154416e-01
 -4.24561141e-04  2.78611861e-02  2.55134323e-01 -1.08996198e-01
  9.14424515e-02  1.25095904e-01 -1.92682358e-01 -1.29511809e-01
 -1.39228787e-01 -2.67505435e-02  2.49744111e-01  1.42118913e-01
 -2.84838012e-01 -5.65719208e-02 -1.19257661e-01  2.93770410e-02
 -1.13736093e-01 -6.79822172e-02  3.54544521e-02 -7.96855324e-02
 -2.30479319e-01  3.24942374e-02  5.60474644e-02  5.61125919e-02
 -1.39283486e-01 -1.17378988e-01  4.63714514e-02 -6.26525098e-02
 -1.65525059e-01  1.34353032e-01 -2.27650041e-01 -2.56020777e-04
 -4.09212074e-02 -1.47058413e-01  7.52993781e-02 -1.80851382e-01
  2.84310988e-01  2.57753791e-01  2.59899543e-02 -5.19265751e-02
  8.21152410e-02 -1.29995998e-02  1.62816898e-01  1.70043236e-01
  2.52903486e-01  2.23104737e-01  2.88867641e-02 -1.44426031e-01
  5.10096028e-02  2.31415802e-02  2.09467670e-02  1.79282594e-01
 -7.28947694e-02  1.34001608e-02 -1.92419668e-01 -5.48047564e-02
  7.21103487e-02 -1.54272553e-02 -8.04738781e-02 -1.16370554e-01
 -2.02271647e-01  2.78038327e-02 -1.81353279e-01  7.80637321e-02
 -4.68534457e-02 -1.13679086e-01 -7.18875330e-02 -3.37993097e-01
 -2.32318482e-02 -4.31895740e-02  1.00161204e-01 -1.79637384e-01
  7.93290122e-02  8.13008843e-02 -2.33085532e-01  1.72195161e-01
  2.02921067e-01 -1.55198272e-01 -1.94123873e-01  1.05734298e-01
 -8.29855077e-02  6.32224583e-02 -6.79492333e-02  1.89233584e-01
  2.32865180e-01  1.85566967e-01  1.24469052e-01 -7.39563467e-02
  1.62443089e-01  9.19597981e-02 -2.60378346e-02 -1.64479407e-01
 -7.44745662e-02  1.55534097e-01  2.48854543e-01  2.38145268e-01
  1.72186792e-01 -1.70245489e-02 -1.36825188e-01  1.54432080e-01
  1.20867998e-01 -2.95398135e-01 -6.20363001e-02  1.57646894e-01
  2.54395085e-01 -5.57979315e-01  1.15370811e-01 -1.40493731e-02
 -6.14227647e-02  2.01788609e-01  9.58578823e-02 -1.99303985e-01
  1.62764876e-01  2.02742610e-01 -1.74157666e-02 -3.11590383e-01]


第5类： ['不用密码', '如何设置密码', '密码不是', '密码和连接', '密码多少', '密码重置', '密码重置', '密码重置', '密码错误', '必须设置密码', '忘记密码', '显示密码错误', '比如说会议室密码', '没有密码', '没有密码', '要输入密码', '重置密码', '需不需要密码']
语义向量：[-0.56345483 -0.2051908  -0.14262083 -0.04145304 -0.02988026  0.09081488
 -0.13978154  0.53590221 -0.161694    0.24626343  0.0482424   0.31496943
 -0.09356528 -0.21394598  0.41888327  0.21830577  0.12363746  0.12057424
  0.44509699  0.05627121  0.14284601  0.05345807  0.03825479  0.09135014
 -0.17595518  0.35213562 -0.424182   -0.06497505 -0.41765978 -0.07541281
  0.01312254  0.62640971 -0.17542961  0.27841098  0.33439645 -0.08104546
  0.30211767  0.13107064 -0.09161394 -0.09418903  0.01564714 -0.07812194
 -0.25600008 -0.0844627  -0.26455523 -0.1932414  -0.01982044 -0.04085037
 -0.24861646 -0.13437348  0.6571973  -0.15138306 -0.04302107 -0.52849627
  0.32025024  0.44275186  0.13096289 -0.482336   -0.4049026  -0.18414803
  0.06960097 -0.13510741 -0.37002636 -0.32173584  0.13000495  0.07197033
 -0.26205002 -0.04096656  0.20401475  0.03733314  0.08312137  0.89521259
  0.22702159 -0.04745989  0.46581686  0.1961339   0.15828182 -0.23363719
 -0.25633765  0.13880158  0.32515546 -0.33787015  0.01123396  0.38825384
 -0.46895473  0.16279499 -0.26164253  0.12760402 -0.17981735 -0.08839441
 -0.47775033  0.13554961 -0.11275801  0.39006373  0.07912779 -0.01868764
 -0.41138684  0.02972985 -0.24718965 -0.00151139  0.02990008  0.08181905
 -0.23630594  0.25965079  0.04793435 -0.09840976  0.28593413 -0.04220957
  0.24733806  0.05900369  0.41447792 -0.10987062  0.07798005  0.15834396
 -0.46895415 -0.19418408 -0.20392569  0.15512115  0.27649372  0.01205446
 -0.11616866  0.07595775  0.79673366  0.09736226 -0.33975     0.06769985
  0.29473026  0.10737045 -0.17505313 -0.10822064  0.33770765  0.0080752
  0.28607109  0.27435146  0.22420257  0.06166102 -0.07922251  0.26015416
 -0.12179662 -0.08266145 -0.09228443 -0.0396142  -0.01085319  0.21664162
  0.16638873 -0.42352454  0.43022722 -0.40133952  0.2055197  -0.08128931
 -0.11579081  0.1278776   0.02405171 -0.08621718  0.05561679  0.19692448
  0.18386886 -0.10368017 -0.32185238  0.34616689  0.30786263 -0.32021076
  0.0389407   0.29018355  0.00122436  0.18212303 -0.49306723  0.2708597
 -0.11598711  0.04267745  0.35241749  0.19096487  0.13529673 -0.00994001
  0.35462243  0.3175686  -0.05020604 -0.19285795 -0.36081049  0.00445949
  0.39226195  0.15793479 -0.27590423  0.54207831 -0.02477802  0.03021961
  0.36356814 -0.16918196  0.12122443  0.20454923 -0.28661132 -0.18459619
 -0.21079589 -0.04697604  0.33179501  0.2030817  -0.41949929 -0.03107269
 -0.17183601  0.03992592 -0.18297314 -0.11832898  0.02544353 -0.12189386
 -0.34981261  0.07456475  0.08019163  0.0931012  -0.21281127 -0.18431662
  0.05894282 -0.08338938 -0.22702747  0.18350506 -0.31562521 -0.01694458
 -0.06214618 -0.19342289  0.07247012 -0.26048972  0.43577193  0.38565244
  0.04450426 -0.08939226  0.13363889 -0.00240898  0.2280779   0.25770049
  0.36526574  0.34979743  0.04937751 -0.21897772  0.10223321  0.03914056
  0.04156412  0.26054587 -0.10005253  0.02454963 -0.27851981 -0.08176652
  0.09722718 -0.02098069 -0.13495553 -0.17753351 -0.31416354  0.03561439
 -0.23419451  0.08808962 -0.06765419 -0.18165294 -0.11986306 -0.49556121
 -0.03222196 -0.04295198  0.17974108 -0.27181736  0.11617245  0.11133829
 -0.37442235  0.24780481  0.31564865 -0.24244933 -0.27142798  0.14461092
 -0.11949504  0.0882269  -0.07428671  0.30573702  0.35316752  0.26091505
  0.18355372 -0.08646182  0.26313157  0.13802988 -0.05949445 -0.23872464
 -0.12893912  0.24565452  0.34380586  0.34949358  0.26529423 -0.02558809
 -0.18426511  0.22435515  0.17968704 -0.43070179 -0.07725265  0.21297974
  0.41310555 -0.79676386  0.1543729  -0.02237664 -0.07793844  0.28026837
  0.12737157 -0.29532395  0.26549551  0.30888069 -0.0224968  -0.46889052]


第6类： ['为什么显示邮件名和密码不对', '为什么没有给填写密码', '也是输入账户和密码吗', '也没人我设密码', '付款时候没有写密码', '但你们官网提示要输密码', '但是密码多少呀', '但是没有发邮件给我设置密码', '但是没有设置密码的选项', '修改密码的连接不好用', '刚刚把密码重置完', '初始的密码是多少', '发给对方密码还是什么', '只让修改密码啊', '后来我找回密码', '和我要密码', '如果不主动设密码', '密码填哪个呢', '密码已经修改完成', '密码我也充值了', '密码我没有收到呀', '密码我进行过改动', '密码重置过了', '对面说没有密码', '就遇到没密码', '已经改完密码了', '已经重设密码了', '帮我重置下密码', '帮重新生成一下密码', '并且是输入密码之后的网址', '忘了密码了', '您输入的用户名或密码不正确', '我不知道密码', '我修改了密码了', '我修改好了密码', '我修改完密码', '我在为固定的会议室设置个密码', '我密码忘了怎么办', '我已经改了密码了', '我想找回密码', '我改了密码', '我改了密码', '我点了忘记密码', '我现在有会议室号和密码', '我的密码忘记了', '我的密码忘记了', '我的密码是多少', '我自己改不了密码', '我输入我的账户和密码', '我重置完密码', '所以我没有密码', '支付密码忘了怎么办', '收不到重置密码的邮件提示', '昨天没来得及重设密码', '是有原始密码吗', '有密码就可以', '没收到密码重设的邮件', '没有修改密码怎么办呢', '没让我写密码', '点了忘记密码', '点忘记密码后会给我发一个重置密码的邮件', '点忘记密码试试', '然后密码也重置了', '然后我就找回密码', '现在密码忘记了', '让我改密码', '让我重置密码', '设个最简单的密码', '账户密码是多少', '还是只能更改密码', '这个是修改密码的邮件', '那忘记密码了', '那我可能需要设置一个密码', '那我用什么密码登陆', '邮件中发送了修改密码', '里面没有找到重置密码', '重置密码完成了', '重置密码的没收到', '重置密码的连接大概多长时间发过来', '重置密码的邮件一直收不到', '需要账户和密码']
语义向量：[-2.64317955e-01 -9.18308635e-02 -6.03278188e-02 -1.65418639e-02
 -8.96605459e-03  3.85359986e-02 -6.26554314e-02  2.45591817e-01
 -7.97149879e-02  1.08571228e-01  2.42978980e-02  1.37882166e-01
 -4.56817654e-02 -1.05605180e-01  1.87913358e-01  1.00824985e-01
  5.74419905e-02  6.05115842e-02  1.98641159e-01  3.23311231e-02
  6.82446200e-02  2.38370674e-02  2.12285248e-02  4.45983670e-02
 -6.93721537e-02  1.61902717e-01 -1.96218905e-01 -3.17234911e-02
 -1.88561406e-01 -2.93381677e-02  4.63558790e-03  2.96818647e-01
 -7.53541397e-02  1.23410724e-01  1.49196343e-01 -3.87890979e-02
  1.42768344e-01  6.60942872e-02 -4.50399327e-02 -4.06817698e-02
  1.32497239e-02 -3.19173081e-02 -1.13948988e-01 -3.71612880e-02
 -1.19509303e-01 -9.33426260e-02 -3.37986112e-03 -1.64494483e-02
 -1.17942958e-01 -6.72701138e-02  3.01232996e-01 -7.16026436e-02
 -3.12156202e-02 -2.40583839e-01  1.49412439e-01  2.07976063e-01
  6.11940058e-02 -2.22308486e-01 -1.76946068e-01 -8.77099091e-02
  3.03335366e-02 -5.85362337e-02 -1.65036177e-01 -1.43477550e-01
  6.06595972e-02  3.40036116e-02 -1.13689643e-01 -1.39496994e-02
  9.28466608e-02  2.42709217e-02  3.75432688e-02  4.14286645e-01
  9.96660206e-02 -2.81327569e-02  2.15448705e-01  9.43035127e-02
  7.59302288e-02 -1.05355199e-01 -1.15277234e-01  7.30433193e-02
  1.54946960e-01 -1.55532011e-01 -2.04113343e-03  1.74162457e-01
 -2.07240741e-01  7.81526692e-02 -1.18506499e-01  5.93340408e-02
 -8.68984471e-02 -4.87530940e-02 -2.23013095e-01  6.63681889e-02
 -5.00494134e-02  1.87662637e-01  3.74517045e-02 -9.24056737e-03
 -1.86979470e-01  2.43949546e-02 -1.13152646e-01 -7.07622727e-03
  1.62504931e-02  4.10945248e-02 -1.05648754e-01  1.15249316e-01
  2.40434276e-02 -3.97466541e-02  1.34334727e-01 -2.77090870e-02
  1.10613229e-01  3.41622465e-02  1.89195495e-01 -5.59287764e-02
  2.98432133e-02  7.79850509e-02 -2.10715783e-01 -9.74834436e-02
 -9.01012822e-02  6.69005463e-02  1.32848637e-01  2.80003033e-03
 -5.42201057e-02  4.54976826e-02  3.72726164e-01  3.90823966e-02
 -1.61714934e-01  2.54742267e-02  1.33757732e-01  4.98393645e-02
 -8.73685513e-02 -5.15982292e-02  1.61224249e-01  7.39890803e-03
  1.26887159e-01  1.29991526e-01  1.04566210e-01  1.65422820e-02
 -3.13783274e-02  1.29031835e-01 -5.12378136e-02 -4.34054620e-02
 -4.00766562e-02 -2.10331532e-02 -8.98362543e-03  9.93274914e-02
  7.18818507e-02 -1.90558650e-01  2.02714155e-01 -1.92958183e-01
  1.00647293e-01 -3.78252527e-02 -4.99200430e-02  4.85224832e-02
  1.37975171e-02 -4.54829008e-02  2.63834859e-02  9.13785570e-02
  8.22760162e-02 -4.26854985e-02 -1.54205971e-01  1.52816861e-01
  1.45505418e-01 -1.40709995e-01  1.85689944e-02  1.31287914e-01
  4.32557291e-03  8.80350767e-02 -2.20170628e-01  1.29531950e-01
 -5.93607709e-02  2.56343107e-02  1.66740827e-01  9.52277201e-02
  6.47509488e-02 -2.75431261e-04  1.67308026e-01  1.45179567e-01
 -2.31013082e-02 -9.21997689e-02 -1.66538077e-01 -3.89687400e-03
  1.84793794e-01  7.52874795e-02 -1.20974488e-01  2.58822356e-01
 -4.26308052e-03  1.66566795e-02  1.69749206e-01 -7.43175880e-02
  5.90547438e-02  8.75130076e-02 -1.31579731e-01 -8.53000669e-02
 -9.59126446e-02 -2.04102952e-02  1.62726306e-01  9.46674214e-02
 -1.91205668e-01 -2.72677045e-02 -8.25096164e-02  1.64171372e-02
 -8.17355423e-02 -5.30228014e-02  1.92339421e-02 -5.36630170e-02
 -1.57267772e-01  2.76869529e-02  3.82563698e-02  4.17816667e-02
 -9.71724991e-02 -7.99106252e-02  3.13091667e-02 -4.34287125e-02
 -1.06599490e-01  8.78755194e-02 -1.50247269e-01 -9.86425524e-04
 -2.67002465e-02 -9.38247391e-02  4.43266546e-02 -1.21857857e-01
  1.98144046e-01  1.76340978e-01  1.89473156e-02 -3.88206434e-02
  5.95179077e-02 -3.93033751e-03  1.06186745e-01  1.18991690e-01
  1.71303272e-01  1.57498256e-01  2.26953241e-02 -1.01392938e-01
  4.18769387e-02  2.02813289e-02  1.68290778e-02  1.21564176e-01
 -4.93657899e-02  1.19112473e-02 -1.31032036e-01 -3.94716437e-02
  4.76240639e-02 -1.10037735e-02 -5.74458749e-02 -7.87553278e-02
 -1.39236718e-01  1.97618386e-02 -1.14440767e-01  4.65437743e-02
 -3.18417493e-02 -7.87301761e-02 -5.60366875e-02 -2.27023151e-01
 -1.54718857e-02 -2.60257449e-02  7.50888229e-02 -1.21878652e-01
  5.25774324e-02  5.28144886e-02 -1.67083000e-01  1.12997794e-01
  1.42467202e-01 -1.08267755e-01 -1.28680928e-01  6.88170641e-02
 -5.66654995e-02  4.00423636e-02 -3.88584891e-02  1.33144376e-01
  1.57449263e-01  1.21497983e-01  8.42924071e-02 -4.50026908e-02
  1.13209282e-01  6.38576395e-02 -2.20303593e-02 -1.12726108e-01
 -5.61742637e-02  1.07082235e-01  1.63150336e-01  1.58770377e-01
  1.20280359e-01 -7.92525903e-03 -8.91421371e-02  1.02053781e-01
  8.11139221e-02 -1.98268543e-01 -4.15570365e-02  1.03898407e-01
  1.79873652e-01 -3.69901115e-01  7.51136259e-02 -1.05289208e-02
 -3.92433268e-02  1.31315247e-01  6.04400946e-02 -1.34696970e-01
  1.14161646e-01  1.38264267e-01 -9.54819558e-03 -2.13710410e-01]


