第1类： ['一个帐号多少钱', '个帐号只能对应', '个帐号就可以同时发起', '买一个公司帐号就可以了吗', '会员帐号是字母帐号还是独立的', '你们的投入除了租用帐号还要什么硬件配置吗', '你能查到我现在帐号什么时候到期吗', '先登录帐号对吧', '哦那一个帐号多少其爱你啊', '大家同时登录一个帐号是吗', '就是开帐号就可以对吗', '就是进入会议室登陆自己的帐号后', '已经买了帐号了哦', '帐号是怎么付费', '帐号管理员可以网页操作直接转让给其他人', '您在哪个帐号给我延长了啊', '我们这一个帐号', '我的帐号怎么查看', '我的帐号没用了', '提示帐号或密码不正确', '是捆绑在一个帐号上面的吗', '正式帐号是什么概念', '每个帐号多少方可以自由选择吗', '每个帐号是多少费用', '现在已购帐号和密码', '那与会者也要有帐号', '那我要怎么找回帐号', '那考会者也要有帐号']
语义向量：[-4.85156260e-02  1.09230922e-01  3.42196673e-02 -3.29059306e-02
  3.48461060e-02  3.39172944e-02 -3.82634844e-04  1.46372364e-01
 -9.26416164e-02  1.39228261e-01 -3.72166533e-02  9.05080610e-02
 -5.94639989e-02 -3.69954336e-02  1.07653691e-01  7.39318722e-02
  1.28192723e-01 -1.99938742e-02  8.06536881e-02 -2.13343850e-02
  8.44426721e-02  3.86079975e-02  1.27073650e-01 -1.18917043e-01
 -7.33920928e-02  1.18798998e-01 -1.93563423e-02  9.21548390e-03
 -4.12143948e-02 -7.60645938e-02 -9.04410270e-02  4.55350542e-02
 -5.64201581e-02  8.34573443e-02  4.23592335e-02  6.23539341e-02
 -8.17613536e-02  2.09209809e-02 -1.42853872e-01 -1.02681890e-01
 -1.33094919e-01  6.65422127e-02 -2.79916588e-02  1.13229016e-01
 -3.27013321e-02 -1.91996513e-02  5.74938599e-02 -1.77152497e-02
 -3.51312573e-02 -8.27036610e-02 -9.89726459e-03 -1.16492856e-01
 -5.00026153e-02  7.56152141e-04 -1.63526995e-02  1.20810877e-01
 -1.11778846e-01 -1.43309412e-01 -6.42463046e-02 -8.61263041e-02
  2.31242164e-01  7.98090903e-02  5.29169386e-02 -1.07963625e-01
  1.56301154e-02  1.70387305e-01 -1.24924454e-01 -1.57738666e-01
  4.83358886e-02 -3.79081291e-02  1.86997667e-02  1.62677087e-01
  1.54632252e-01 -8.07596508e-02  9.87020317e-02  1.20444784e-01
  1.37952269e-01 -1.08668107e-04  2.52932699e-02 -1.14147063e-02
 -3.13346504e-02 -3.21840775e-02 -5.39876675e-02  2.86292838e-02
 -1.25446826e-01  9.53102516e-02 -4.04798043e-02  1.48806909e-03
 -1.44286145e-01 -3.24536727e-02  3.87969651e-04 -8.69587021e-02
 -5.79353106e-04  1.31900837e-02 -3.87101710e-03 -1.76476355e-02
 -1.17894708e-02 -1.38396310e-03 -2.58803427e-02  4.77404568e-02
  8.96516918e-03 -3.90782585e-02 -1.00683391e-03 -5.91831575e-02
 -5.36579739e-02 -1.73498703e-01  7.91569487e-02  7.00605332e-02
 -5.64876282e-02  4.11176328e-02 -4.99313387e-02 -6.94921788e-02
 -4.97959009e-02  1.75649903e-02 -9.50513607e-02 -1.59454751e-01
 -8.21054650e-02  1.70235331e-01 -2.85874409e-03 -8.89132098e-02
 -9.58302721e-02 -1.37520739e-01  1.27999291e-01 -1.14722591e-01
 -1.82225756e-01  1.83804672e-01  1.15527180e-01  9.30940387e-03
 -7.79591892e-03 -1.94700806e-02  2.25662298e-02  2.64488672e-02
  4.94430491e-02  1.17747978e-01  8.84517334e-02  7.64784383e-02
  3.32859494e-02  5.77661943e-02 -5.66351176e-03 -6.70024556e-02
 -8.32390860e-02  6.43108065e-02 -7.56205140e-03 -7.29917780e-02
  7.45093341e-02 -1.75806258e-01  3.90504494e-02  7.11325590e-02
  4.72775442e-02  7.27454410e-03 -1.78032591e-01 -1.49334437e-01
  1.14766224e-01  8.37657420e-02 -1.47441426e-02  7.74359684e-03
  8.91107276e-02 -2.16295583e-01 -3.19856076e-03  1.71911678e-01
  1.69784992e-01 -5.19948256e-02 -1.26223160e-02  2.12543251e-01
 -6.54697498e-02 -4.58479560e-02 -6.11509486e-03 -6.87112711e-02
 -2.91964152e-02 -9.48906372e-02  1.25516156e-01  6.18709241e-02
  8.99954266e-02 -1.88419151e-02  7.03328212e-02  1.66020689e-01
 -1.64791929e-01  4.16873148e-02 -1.66339671e-01  2.86959925e-02
  1.71367127e-01  1.02793321e-02  8.69468408e-02  5.82496291e-02
 -1.37803413e-01  7.06224813e-02  3.15798904e-04  1.07467458e-01
 -1.21231552e-01  6.78767230e-02 -1.31791534e-01  3.03365177e-02
 -1.26951936e-01  2.77363730e-02  1.02070452e-01  5.15403536e-02
 -8.49281458e-02  1.19356662e-01  3.04916103e-02  9.67581733e-03
 -3.51065189e-02  4.35399166e-02 -1.25877147e-02  1.13916988e-01
 -9.93539064e-02  9.96498870e-02 -2.07801980e-02 -1.47442798e-01
  5.59923376e-02 -2.11805626e-02 -2.57519671e-03 -7.02490028e-02
 -7.58762080e-02 -6.55332581e-02  6.35830690e-02  1.95260363e-02
  1.17694994e-01 -4.46107376e-02  1.21142123e-01  4.24234774e-03
  3.94060588e-02  1.08947385e-01  1.09152438e-02 -1.38268610e-01
 -7.83006200e-02 -3.90377687e-02  6.01344585e-03  4.28238686e-02
  1.64687414e-01  1.62083903e-01 -2.19384066e-02 -4.74029274e-03
 -4.27757441e-02  1.43513986e-02  1.70088034e-02  1.51327768e-02
 -1.27526270e-01  1.43253718e-02 -7.73639232e-02  9.75951038e-03
 -6.17785717e-03  8.02659297e-02 -1.26294754e-01 -3.40124106e-02
 -6.79619147e-02 -1.94330041e-02 -7.37377183e-04  7.97361784e-02
  5.13022874e-02 -3.24195959e-02 -6.99424490e-02 -1.11601100e-01
 -1.04105962e-01 -7.55039799e-02 -8.96748899e-02  5.10901528e-02
  5.90935410e-02  2.85411021e-02 -7.27092459e-02  7.11562748e-02
  1.44518323e-02 -2.91171832e-02  8.57214893e-02  7.45192718e-02
  7.63249300e-02 -1.32620694e-01 -1.18023998e-01  4.21650272e-02
  1.65503223e-01 -2.74480987e-02  8.19180365e-02 -7.87798816e-02
  1.25874353e-02  3.91415803e-02  4.94212439e-02 -1.24783394e-01
  2.89468702e-02  1.60692658e-02  1.98431762e-01  1.87157337e-02
  5.53053860e-02  2.94399951e-02 -2.62827868e-02 -1.33146588e-03
 -4.68906614e-02 -1.36253497e-01 -1.84008004e-02  1.37982147e-01
  1.06934944e-01 -8.66382328e-02  7.75876179e-02  3.52434053e-02
 -7.95327188e-02  1.43990801e-01  2.83537855e-02 -9.04814436e-02
  2.29820655e-01  1.26252712e-01  1.75959674e-01 -5.41205244e-02]


第2类： ['几个帐号', '子母帐号', '已有帐号', '帐号多钱一年', '帐号已建好', '我们的帐号', '我没帐号', '没有帐号', '这个帐号', '那要三个帐号']
语义向量：[-0.05706309  0.32717791  0.14706903 -0.04087329  0.09957909  0.05650398
  0.02216262  0.28441649 -0.23140152  0.28445806 -0.12270643  0.13288476
 -0.13951788 -0.13824922  0.1807896   0.15710905  0.32612293 -0.03163724
  0.12269233 -0.03122673  0.22446536  0.07954527  0.30987969 -0.31391893
 -0.14047023  0.22832291  0.00486397  0.03791033 -0.05846244 -0.13517925
 -0.22760911  0.05573634 -0.1119873   0.1265083   0.07915294  0.20213315
 -0.19307986  0.09466746 -0.37060863 -0.21011394 -0.32616705  0.23866577
 -0.02909261  0.28215057 -0.03066398 -0.06812575  0.16686897 -0.0460045
 -0.08952362 -0.23175595 -0.12076343 -0.32804669 -0.19900258  0.12736982
 -0.07346394  0.22962735 -0.3040066  -0.30969265 -0.10431738 -0.18828468
  0.57643015  0.21180502  0.20936009 -0.18084421  0.06253852  0.44095999
 -0.24695575 -0.31690832  0.11785362 -0.04555464  0.03763901  0.25469146
  0.35698045 -0.22328804  0.21011531  0.30312796  0.35667953  0.002383
  0.12726123  0.03091635 -0.09316711 -0.07354529 -0.19227179  0.02584855
 -0.18637845  0.2014624  -0.0541442  -0.02340749 -0.39237899 -0.11730268
  0.01167725 -0.18859738  0.05951604  0.0313608  -0.02042684 -0.05198199
  0.03070887  0.03735289 -0.00353893  0.10410682  0.00661422 -0.11563409
  0.03482953 -0.21636572 -0.11621883 -0.39326324  0.17296901  0.14216245
 -0.22867245  0.08976547 -0.18237309 -0.16753302 -0.1217515   0.04212256
 -0.13947527 -0.41348566 -0.19305479  0.41242204 -0.00165624 -0.23099212
 -0.24229992 -0.27436053  0.24263051 -0.33034627 -0.4468988   0.47710561
  0.27753197  0.00901754 -0.0220244  -0.07602754  0.04462207  0.07802889
  0.07019485  0.29386673  0.14224517  0.1147191   0.09926052  0.18155545
  0.01922576 -0.16252863 -0.16649357  0.17362152 -0.00414582 -0.22412235
  0.11439353 -0.3900895   0.07312648  0.19017788  0.09861389  0.05076572
 -0.38809884 -0.45087216  0.3072998   0.16590927 -0.05694973 -0.02162998
  0.20690471 -0.49077308 -0.00589042  0.34956157  0.38002102 -0.02932273
 -0.05375361  0.45561761 -0.11865053 -0.13696044  0.12307039 -0.19399954
 -0.0939093  -0.23191699  0.29508138  0.19430971  0.24382622 -0.0276266
  0.1503443   0.38435813 -0.41404442  0.11517952 -0.39539701  0.02825194
  0.37214447 -0.02403172  0.28323679  0.10192419 -0.29268018  0.1783978
 -0.0191174   0.32991426 -0.33276175  0.15022157 -0.32711228  0.11060276
 -0.29122405  0.10495376  0.29850172  0.11180121 -0.14025347  0.22527158
  0.10782206  0.02573006 -0.03617538  0.17423166 -0.00279318  0.3241476
 -0.18136978  0.24310169 -0.04125027 -0.41180569  0.16850397 -0.01536284
 -0.03799051 -0.2125561  -0.16392381 -0.15353739  0.17637452  0.09102788
  0.30258946 -0.13590363  0.35469026  0.02760223 -0.01206493  0.21108394
  0.02040177 -0.36748127 -0.25500585 -0.1216071   0.00398418  0.05799784
  0.39489198  0.33821362 -0.0844297   0.03186375 -0.16939614  0.02084921
  0.01875745  0.02804694 -0.30411369  0.04042751 -0.1516839  -0.00922834
 -0.02364099  0.17432785 -0.31006784 -0.04852843 -0.09093998 -0.07124066
 -0.04519293  0.22140939  0.13451684 -0.0603564  -0.13677618 -0.19475887
 -0.24698569 -0.20508499 -0.25648414  0.20555389  0.12000967  0.04588739
 -0.15358491  0.10990025 -0.01589024 -0.02406087  0.24791991  0.21180602
  0.20741518 -0.32659083 -0.25854787  0.04659146  0.31526244 -0.08040592
  0.16379637 -0.18593213 -0.05918432  0.08715054  0.18338361 -0.31123715
  0.07827326 -0.04456967  0.45972935 -0.00889691  0.0919786   0.09750477
 -0.02980127 -0.01671091 -0.16147846 -0.25128084 -0.05869788  0.38063496
  0.18375648 -0.13246778  0.23985123  0.0714866  -0.18977008  0.391956
  0.04753989 -0.20575374  0.50643334  0.26647871  0.45570908 -0.05034156]


