第1类： ['以及报价', '具体报价', '商城报价', '官方报价', '寻求报价', '报价方案', '方案和报价', '方案和报价', '要个报价', '这个报价', '需要报价']
语义向量：[ 5.80104935e-02  3.71082593e-01  1.23313423e-01  4.16741161e-02
 -2.32521401e-01 -8.69841393e-02 -4.03233655e-02 -3.36380791e-01
 -6.59038465e-02 -5.03171433e-01  1.33757211e-01  1.32281375e-01
 -1.38300836e-01 -1.02042426e-01 -2.89305679e-01 -1.68746534e-01
  2.85847211e-01 -2.38768678e-01  1.62864863e-01 -2.66952379e-01
 -1.73358435e-01  2.04520981e-01  1.20488109e-01  2.25313076e-03
  3.92253648e-01 -1.29281922e-01 -1.95174989e-01 -1.61397254e-01
  3.89351997e-01  4.23139128e-01 -3.56455760e-01  1.77292016e-01
 -3.12393023e-03 -4.76047678e-01  9.51667387e-02 -4.41372205e-02
 -1.75850107e-01 -4.42083302e-02  5.89607564e-01 -1.64454559e-01
  6.19750055e-02 -8.29685364e-02  4.40894923e-01  6.30955100e-01
 -2.13586328e-01 -7.68371292e-02 -1.62360847e-01 -1.80014052e-01
 -1.48154700e-01 -1.53550576e-01 -8.92143534e-02 -3.91403816e-02
  1.81143536e-01 -8.22366743e-02 -4.49552008e-02  1.22940283e-01
  5.91893819e-01  1.14683196e-01  2.07441720e-02 -3.07316937e-01
  4.64169665e-01  3.12338509e-01  1.99128467e-03 -1.87056536e-01
 -2.64765972e-01 -3.02971631e-01 -5.82351381e-01 -4.61328680e-01
 -2.73041034e-01 -1.57531993e-01 -7.06623881e-02  1.84179754e-01
 -3.19835051e-01 -7.29389792e-01  9.29499675e-02 -1.54092088e-01
  2.06917438e-01  6.42592912e-01  3.54280564e-01 -3.36305437e-01
  1.41133205e-01  4.13779782e-02  1.02856124e-01 -1.55198360e-01
  1.74419070e-01  2.98154322e-01  4.04882669e-01  3.03416447e-01
 -2.63026579e-01  3.07904721e-02  2.40163945e-02 -3.76440937e-01
 -2.24858285e-01  1.26633793e-02 -5.07270206e-03  2.27606756e-01
  2.51228747e-01  1.67045217e-01 -8.73698118e-02 -2.30734291e-01
  1.48262203e-01  3.04175642e-01  6.72059344e-02  1.33806933e-01
 -9.73939286e-03 -8.12953524e-02  2.22971871e-02  3.15955127e-01
  2.67376583e-01  3.40700231e-01  1.00990678e-01 -2.78702590e-01
 -2.95298120e-02 -1.33252411e-01  1.16895417e-01 -2.81551280e-01
 -6.36011890e-02  2.71204835e-01 -3.76433364e-02  1.46970035e-01
 -3.24592054e-01 -1.64536292e-01 -1.45115617e-01 -6.07614192e-01
  6.38212880e-02  2.16716346e-01 -4.71313953e-01  4.45735325e-01
 -2.33921395e-01  1.50550124e-01  1.75761880e-02 -2.16659616e-01
  2.76272600e-01  3.61972728e-01  2.66080428e-01  2.13850807e-01
  9.90667384e-02 -1.04709395e-01  2.37410125e-01 -2.66198158e-01
 -1.38535645e-01  5.48241748e-02 -3.26705285e-01 -4.73542571e-01
  2.64961210e-01 -5.49795573e-01 -5.09874463e-01  7.99666524e-01
  9.25953876e-02  1.91367174e-02  3.41461531e-03 -1.12906602e-01
  2.44698853e-03  1.12590142e-01 -2.01294834e-02  2.01107348e-01
  3.63281345e-01 -1.68063123e-01  3.73293254e-01  2.46897405e-01
  6.61676667e-01  2.27990625e-01 -6.64234024e-02  8.47257918e-01
  2.48019866e-01 -5.02348292e-02 -6.97234314e-02 -1.08509969e-01
 -2.43928766e-01 -2.19567776e-01 -9.96072048e-03 -2.20813589e-02
 -4.65634075e-01  1.80796862e-01  2.41800089e-01  2.54925013e-01
 -5.10865076e-01  2.94525959e-01  3.68052680e-02 -3.72103375e-02
 -1.81372863e-02 -1.59676082e-02  3.00173908e-02  1.07187642e-03
  1.88014897e-01 -1.70462316e-01 -1.01464415e-01 -3.74492989e-01
  9.48924300e-02 -1.31016742e-01 -2.27449264e-01 -9.67759388e-02
  4.16307850e-01 -1.21708607e-01  3.42713456e-01 -2.39040600e-01
 -5.52120458e-01 -2.34685968e-01 -4.53354137e-01  3.77217157e-01
 -2.60733149e-01  4.10404988e-02  4.30386603e-01  1.62555567e-01
  1.09112563e-01  2.15238642e-01 -2.56717687e-01  1.51112120e-02
  2.00754239e-01  2.91769835e-01  6.77579652e-01 -4.05871565e-01
 -2.78769401e-01 -2.37672795e-01  1.41970919e-01  1.81806180e-01
  1.55257520e-01 -3.88718903e-01  3.61718129e-01  8.54867805e-02
  4.15794394e-01  1.87983365e-01 -1.40994273e-01  1.03722771e-01
 -1.79144236e-01  4.58787647e-01  2.45279778e-01  5.39489836e-03
  3.17356966e-01  2.71981751e-04 -2.22849128e-01 -5.59686531e-02
  2.46039819e-01 -2.27751288e-01 -3.58246382e-02  1.69650227e-01
  4.54444093e-02 -3.64618047e-01 -3.15989483e-01  5.61814464e-02
  5.06983139e-01  4.43163788e-01  1.75551131e-01  1.22043617e-02
  1.43909552e-01 -9.48990800e-02 -2.82360911e-01 -1.91001632e-01
  2.27509000e-01 -2.41981620e-01  9.81668952e-02 -3.23151670e-01
 -4.29733791e-01 -5.82675798e-01 -2.73492791e-01  5.48383932e-03
 -3.43030382e-01  8.31835392e-02 -3.38083842e-01  2.05002032e-01
 -8.42097964e-02 -7.43723850e-02  2.06114392e-01 -3.14495450e-01
 -1.72996179e-01 -3.01153495e-01 -3.15275750e-01 -2.68378361e-01
  1.17168680e-01  2.37006315e-01 -2.63396195e-01 -1.09475968e-01
 -1.41195736e-01  1.93030173e-02 -5.32311482e-02 -1.33141668e-01
  3.29140384e-02  1.53589858e-01  4.11482172e-01  1.63878782e-01
 -1.95345608e-01 -2.41080574e-01 -5.74062941e-02 -1.29396769e-01
 -3.11265078e-01 -2.17901027e-01 -1.34943002e-01  1.28605552e-02
 -6.02398211e-01  1.18255145e-01  3.66394425e-03 -4.64805175e-01
 -1.25043457e-01  1.35006647e-01  3.94087905e-01 -2.70665226e-01
  1.26244418e-01 -3.01788254e-01  1.26646446e-01 -4.60369695e-01]


第2类： ['也没有发报价的', '人数不同报价会不一样吧', '今天能给出报价吗', '你不早知道报价', '你不知道报价吗', '你们为什么不公开报价', '你们报价比美国贵哦', '你们的报价是多少', '你们这边有标准报价', '你告诉我大概的报价', '你打电话给我个报价就行', '你直接给我们报价吧', '你自己不知道报价', '你说市场报价就行', '你这边直接报价吧', '先给我一个大概的报价', '先给我一个报价吧', '具体报价是不是可以打折', '只有这一种报价吗', '可以发个报价给我吗', '在哪可以见到报价', '如果不是官网报价呢', '如果提供报价是保密的', '官方报价没意义啊', '就是给我报价了', '就要个报价对比下', '您这儿不能报价吗', '您这边的报价是多少', '情分别给我报价', '想了解下大概报价多少', '想要个报价区间先', '想问一下具体报价', '我们已经拿到报价了', '我就想知道个报价', '我要报价给老板啊', '我还想知道报价', '我还需要一个报价', '我这边已经收到报价了', '或者有没有资料和报价', '或者给我个简单报价', '报价不是明确的吗', '报价做好后发给我', '报价方式是怎样的', '报价是怎么算的呢', '报价这块可以安排北京的', '报价需要确定可行后', '方一般是什么报价呢', '方的报价能透露下吗', '有官方报价就有优惠价', '有没有大概的一个报价', '有没有通用的一个报价', '有相关报价说明吗', '有详细的官方报价吗', '没有公共透明的报价吗', '现在就可以给我报价', '给我一个报价呗', '给我官方报价也可以', '能否发个报价给我', '能大概说一下报价吗', '能有个报价么', '能给个具体报价吗', '能给发个报价吗', '能给我个报价吗', '要你们全面的报价', '资料里包括报价吗', '还没有公开的报价', '这个大概报价是多少', '这个报价你这边知道吗', '顺便给我一个报价']
语义向量：[ 2.00326123e-02  1.42467404e-01  4.98764845e-02  8.62525645e-03
 -8.80760359e-02 -3.10495795e-02 -1.67385151e-02 -1.22068897e-01
 -1.54796187e-02 -1.68909553e-01  6.16629159e-02  5.78405177e-02
 -3.74003643e-02 -3.29624859e-02 -1.06804945e-01 -4.84983163e-02
  1.24350632e-01 -8.75888173e-02  7.77778226e-02 -1.02901750e-01
 -6.09108324e-02  7.25105055e-02  4.11276756e-02 -4.71533730e-03
  1.49453243e-01 -4.40988327e-02 -6.72368410e-02 -4.95320710e-02
  1.33307914e-01  1.52182338e-01 -1.15636438e-01  6.65143044e-02
 -7.77255196e-03 -1.51492607e-01  6.15374939e-02 -6.78763935e-03
 -6.58814383e-02 -5.01646277e-03  2.19795994e-01 -6.85097489e-02
  2.66331384e-02 -3.29909099e-02  1.60901358e-01  2.23656165e-01
 -8.01977030e-02 -2.13270584e-02 -6.35756724e-02 -6.36039438e-02
 -5.87896125e-02 -5.86807004e-02 -1.94810177e-02 -2.72723641e-02
  7.86384405e-02 -4.13635540e-02 -6.86778621e-03  4.31940098e-02
  2.08906362e-01  3.47191983e-02  7.38765429e-03 -1.02856274e-01
  1.83420490e-01  1.02348928e-01  3.33594832e-03 -6.02340673e-02
 -8.23522737e-02 -1.03010366e-01 -2.32647786e-01 -1.79922716e-01
 -9.66517055e-02 -5.02848747e-02 -2.66156300e-02  7.53556446e-02
 -1.00101207e-01 -2.72985831e-01  3.14021133e-02 -5.13475722e-02
  9.63727589e-02  2.31585728e-01  1.34835927e-01 -1.38162659e-01
  6.17954132e-02  2.87286554e-03  2.22119111e-02 -4.26550105e-02
  5.30966338e-02  1.12053918e-01  1.44612996e-01  1.03181790e-01
 -9.63224542e-02  1.06309315e-02  2.00547625e-03 -1.39738520e-01
 -9.34773513e-02  2.91863138e-03 -1.43837298e-02  9.76101582e-02
  8.80851723e-02  4.81324660e-02 -3.16905767e-02 -8.10344608e-02
  4.87468684e-02  1.17355707e-01  2.35377587e-02  4.71495177e-02
 -1.46133440e-02 -4.05598325e-02  3.98894143e-03  1.13974387e-01
  9.97086118e-02  1.24897124e-01  4.79043193e-02 -8.72266459e-02
 -1.98756590e-03 -6.69038909e-02  3.92463379e-02 -9.95338634e-02
 -2.61678915e-02  1.05416492e-01 -1.35225352e-02  6.14871999e-02
 -1.31841172e-01 -6.25386361e-02 -4.26519138e-02 -2.30090805e-01
  1.94236539e-02  8.16272659e-02 -1.67010957e-01  1.67139925e-01
 -8.90302463e-02  4.62988127e-02 -2.40113248e-03 -8.14929914e-02
  9.44396577e-02  1.22585222e-01  1.07054827e-01  8.97831370e-02
  3.44792386e-02 -1.66275308e-02  9.01446862e-02 -1.01099075e-01
 -4.74737098e-02  1.92375713e-02 -1.39098380e-01 -1.90324010e-01
  9.56152469e-02 -2.04215564e-01 -1.68652071e-01  2.97502548e-01
  2.64453772e-02  2.04658367e-03 -9.08884246e-03 -4.60062603e-02
  7.60916712e-04  5.18219370e-02 -9.38683906e-03  6.87970864e-02
  1.48325723e-01 -5.88109853e-02  1.45256352e-01  9.49816044e-02
  2.40843471e-01  8.22387702e-02 -3.75094636e-02  3.14750223e-01
  9.55867424e-02 -3.91734289e-02 -2.01490886e-02 -3.05627909e-02
 -8.48700719e-02 -8.21836331e-02  5.20727236e-03  9.15937220e-03
 -1.80098241e-01  5.32711092e-02  8.38889253e-02  1.09284816e-01
 -1.87971531e-01  1.02806730e-01  4.45670921e-05 -1.09748559e-02
 -1.93635172e-02 -8.65976340e-03  3.34850551e-03  5.08295749e-03
  6.90576370e-02 -7.27422697e-02 -3.79167381e-02 -1.40507936e-01
  3.01074394e-02 -4.90439759e-02 -9.31847583e-02 -4.21584530e-02
  1.45029822e-01 -3.42230375e-02  1.37040505e-01 -8.85669839e-02
 -2.03383184e-01 -8.29039342e-02 -1.69941466e-01  1.38532556e-01
 -8.87889243e-02  1.64947055e-02  1.47709886e-01  5.78610992e-02
  3.83538994e-02  1.04293665e-01 -1.08161506e-01 -9.77616707e-03
  6.14706378e-02  1.03111318e-01  2.49338674e-01 -1.45507096e-01
 -9.90370737e-02 -7.95294812e-02  5.05394117e-02  7.12366353e-02
  6.31765093e-02 -1.33413928e-01  1.25397430e-01  1.19685069e-02
  1.70258535e-01  7.42986588e-02 -7.40625186e-02  3.90794254e-02
 -5.82282940e-02  1.56758759e-01  7.75862346e-02  9.60534623e-03
  1.39528073e-01  7.80878029e-03 -7.88235052e-02 -8.78808444e-03
  9.62927178e-02 -1.09185258e-01 -1.71977100e-02  7.29071588e-02
  2.75774088e-02 -1.28672369e-01 -1.18756521e-01 -6.80118971e-03
  1.88447661e-01  1.78659938e-01  6.59611415e-02  7.94220558e-03
  4.16818032e-02 -2.98781484e-02 -9.74599372e-02 -6.81029443e-02
  7.26737461e-02 -9.14268261e-02  3.41479976e-02 -1.11128906e-01
 -1.57684870e-01 -2.20187185e-01 -1.00418708e-01 -4.06493202e-03
 -1.19152304e-01  4.45621936e-02 -1.35476958e-01  7.96752714e-02
 -3.57995979e-02 -2.40555875e-02  7.70771103e-02 -1.05025972e-01
 -7.76696328e-02 -1.08620676e-01 -1.18940993e-01 -8.86376590e-02
  6.23809693e-02  8.72695265e-02 -1.01206909e-01 -3.36006130e-02
 -5.67056936e-02  7.04315758e-03 -3.39851581e-02 -4.93544001e-02
 -7.79202921e-03  7.21841528e-02  1.46447492e-01  6.12098407e-02
 -4.89384969e-02 -9.19483577e-02 -1.68766639e-02 -4.30951362e-02
 -1.29563423e-01 -7.84203527e-02 -7.26707146e-02  1.08063765e-02
 -2.16881670e-01  4.44187550e-02 -4.54737609e-03 -1.84028843e-01
 -4.01344620e-02  4.58748470e-02  1.41131020e-01 -1.09928666e-01
  5.00019416e-02 -9.81776539e-02  6.23096073e-02 -1.76131635e-01]


第3类： ['三地报价多少', '上午的报价', '上来就报价', '不需要报价', '不需要报价', '以上分阶段报价', '你们报价吗', '你报价就行', '你报价就行', '先给我个报价', '关于功能和报价', '发报价过来', '可以报价吗', '各自的报价', '官网上报价', '怎么报价的', '想知道报价', '想问下报价', '想问个报价', '我不要报价方案', '我问报价', '技术参数和报价', '报价只有两种', '报价合适再留', '方报价多少', '方报价是多少', '有报价么', '有报价吗', '有报价吗', '有报价吗', '有报价没', '没有明文报价', '给个报价', '给你们报价', '询问一下报价', '说不能报价', '这个报价多少', '那谁负责报价', '重点是报价', '麻烦给报价']
语义向量：[ 0.03662046  0.25177675  0.08759332  0.01879314 -0.15550053 -0.05469488
 -0.02705498 -0.22233496 -0.02709852 -0.30408891  0.10502791  0.0994613
 -0.06858672 -0.05744154 -0.18892131 -0.09431982  0.2126691  -0.15709651
  0.12997479 -0.18109461 -0.10874289  0.13323855  0.07067681 -0.00671221
  0.25668323 -0.07814182 -0.12059623 -0.09360399  0.24286698  0.27098478
 -0.21388411  0.11301712 -0.01477834 -0.27766056  0.09791259 -0.01715396
 -0.11296139 -0.01272409  0.39362306 -0.1234694   0.04390631 -0.06324589
  0.28444561  0.39505851 -0.14201396 -0.04202843 -0.11068655 -0.11410978
 -0.09928472 -0.10209849 -0.04005742 -0.04036629  0.13255966 -0.07145615
 -0.0166176   0.07657349  0.37773283  0.06156942  0.01401206 -0.18683909
  0.31654585  0.18437387  0.00525706 -0.10822028 -0.15588213 -0.19105618
 -0.40931846 -0.316463   -0.17187235 -0.09972853 -0.04637034  0.12414053
 -0.18313405 -0.47974624  0.05663231 -0.09749593  0.16008495  0.41434432
  0.2392782  -0.24062312  0.10160096  0.01183896  0.04899933 -0.08868624
  0.09365304  0.19821268  0.25915899  0.18591596 -0.16900833  0.01874217
  0.00626803 -0.25071644 -0.15935106  0.00108027 -0.02079115  0.16532622
  0.16174208  0.08692345 -0.05189786 -0.14075842  0.08752764  0.1994835
  0.03882477  0.08604109 -0.02187761 -0.06547802  0.00658942  0.20430321
  0.17786864  0.22238191  0.07489863 -0.16062195 -0.00556456 -0.11212889
  0.07139502 -0.17854122 -0.04787494  0.1874962  -0.02709867  0.11061555
 -0.23085231 -0.11348286 -0.07828361 -0.4053833   0.0366199   0.14340545
 -0.29793783  0.29103063 -0.15469606  0.08808683 -0.0012087  -0.14606414
  0.16921168  0.21862257  0.18737468  0.15991806  0.0636545  -0.04546177
  0.15720873 -0.18085022 -0.08355696  0.03262677 -0.23878014 -0.33025392
  0.17275259 -0.35688898 -0.30663138  0.52805534  0.05272597  0.00252265
 -0.01016059 -0.07983612 -0.00227022  0.0868501  -0.01905454  0.12402771
  0.25905504 -0.10826307  0.25732404  0.16836937  0.43031457  0.14602428
 -0.0644798   0.56192575  0.16430408 -0.06501132 -0.03833385 -0.05693735
 -0.15245258 -0.14685663  0.00370325  0.00882844 -0.31877465  0.10159937
  0.14753572  0.18871524 -0.32917407  0.18303671  0.00377616 -0.0186889
 -0.03105921 -0.01192638  0.00672487  0.00541308  0.12177251 -0.12562554
 -0.07179894 -0.25174771  0.05505079 -0.08645585 -0.16149182 -0.07506885
  0.26258117 -0.06268279  0.23499702 -0.15871433 -0.3643958  -0.14567617
 -0.30412914  0.24545481 -0.16116049  0.03055349  0.26336889  0.10075054
  0.06735268  0.17765008 -0.18605339 -0.01712738  0.11331631  0.18297544
  0.44140141 -0.25182821 -0.17720812 -0.14404853  0.09030321  0.12059446
  0.10983783 -0.23785739  0.2223958   0.02736977  0.29436181  0.13151334
 -0.12220889  0.0737472  -0.10915619  0.281126    0.1418304   0.01383554
  0.23797573  0.00374304 -0.14248837 -0.01685295  0.16715456 -0.18850996
 -0.02714522  0.12413092  0.0459723  -0.2354321  -0.2071761   0.00128939
  0.33091287  0.30737911  0.11582949  0.01231823  0.07908562 -0.05766085
 -0.17078418 -0.11772363  0.13786799 -0.16512069  0.06446179 -0.20123045
 -0.28153212 -0.38668624 -0.18014995 -0.00485182 -0.21301556  0.07288693
 -0.23521063  0.14184091 -0.06298062 -0.03931439  0.13695319 -0.19087917
 -0.13164051 -0.18951671 -0.20830226 -0.1592657   0.10628883  0.15215587
 -0.18098071 -0.06256994 -0.09986287  0.00942445 -0.05459072 -0.08166166
 -0.00334588  0.12285977  0.26234959  0.10840399 -0.09334979 -0.16641983
 -0.03022033 -0.07534044 -0.22432391 -0.13599642 -0.11929119  0.01221418
 -0.38617231  0.07710982 -0.00574099 -0.32173502 -0.07427447  0.0826385
  0.25363367 -0.19024665  0.09147785 -0.17756733  0.10429582 -0.30838998]


第4类： ['产品功能和报价', '产品和报价', '关于你们的产品介绍以及报价', '发产品介绍和报价', '想咨询一下报价', '我想咨询一下产品方案的报价', '所以前来咨询报价']
语义向量：[ 0.11509869  0.13426349 -0.07642144  0.00806611 -0.18396828 -0.11184948
 -0.03933424 -0.11961423 -0.1209679  -0.27747118  0.13127943 -0.0490061
 -0.15202593 -0.05449251 -0.16133157 -0.14905516  0.02752078 -0.17611791
  0.01527868 -0.18911031 -0.19881909  0.11216407  0.1476951  -0.00280572
  0.05232527 -0.08707749 -0.10901465 -0.204315    0.15793641  0.13372907
 -0.38503162 -0.00379094 -0.06483193 -0.49708384 -0.18022711 -0.1628442
 -0.17664632 -0.21172075  0.40494203  0.03867318 -0.12366982 -0.06582126
  0.20603078  0.50332013 -0.0855366  -0.0401048  -0.14927522 -0.16348043
 -0.06957619  0.0012104  -0.14134764  0.17769147  0.09397777 -0.07093683
 -0.0253621   0.09703063  0.33623025  0.04654242  0.00296346 -0.27791216
  0.30363581  0.37710261 -0.04080166 -0.26850356 -0.17868063 -0.22553613
 -0.22637982 -0.36178154 -0.28418696 -0.26854699  0.00249284  0.1972372
 -0.225419   -0.21174525 -0.06322983 -0.12134961  0.02550997  0.57345984
  0.16755384 -0.28244255 -0.00967733  0.12088106  0.17418044 -0.16573702
  0.06131153  0.25948344  0.2976771   0.21245247 -0.20789468  0.05784899
  0.07203747 -0.21970557 -0.13673839 -0.06626794  0.07827994 -0.05926606
  0.21156152  0.23522012 -0.07054928 -0.04746076  0.1763487   0.01670277
  0.17523934  0.20460656 -0.05091011 -0.09576635 -0.02598904  0.24996861
  0.10058719  0.14203413 -0.06648086 -0.30598985 -0.18058593  0.01840671
  0.17641958 -0.10409489  0.06901235  0.12056063 -0.14417361 -0.01580434
 -0.09208435 -0.22057582 -0.27318627 -0.35707041  0.11194963 -0.01613133
 -0.28856392  0.24091184 -0.05879764  0.26792679 -0.05457426 -0.09788899
  0.20737834  0.27864376  0.22181021  0.18424646  0.04355543 -0.29247693
  0.09570655 -0.14182844 -0.20333525  0.02629761 -0.02155983 -0.17105795
  0.32639629 -0.2079009  -0.49944813  0.48734243  0.05122437  0.02609235
 -0.06714318 -0.02874666 -0.11754567  0.07617803  0.14778762  0.20170944
  0.08913389 -0.22409498  0.29567617  0.12812162  0.45092516  0.10886932
  0.06473933  0.50455923  0.01035463  0.07808044 -0.16756621 -0.24630991
 -0.23535414 -0.14147806 -0.07349676 -0.13271117 -0.24556983  0.10008091
  0.22631629  0.04957959 -0.44987143  0.27296914  0.16427007  0.04444573
  0.1435811   0.06770092  0.15780722 -0.02976051  0.04679791 -0.01559347
 -0.06328046 -0.21662168 -0.05489962 -0.01372581 -0.09096789 -0.09037745
  0.30424606 -0.20991085  0.04492372 -0.09689779 -0.2763717   0.01872195
 -0.3317948   0.22236976 -0.27711866 -0.0747723   0.20331673  0.19653973
  0.06778001 -0.00387204 -0.12832529  0.29381291  0.23857872  0.19380117
  0.35488723 -0.33039403 -0.16553092 -0.15923933  0.16740669  0.08316869
  0.02718737 -0.16062733  0.21464032  0.11687557  0.22805798  0.13628634
  0.14034973  0.05677179 -0.20642772  0.39345211  0.24879215 -0.04177786
  0.01169454  0.03241393 -0.16621053 -0.15134332  0.05491604  0.07026624
  0.08893359 -0.00106416 -0.12222108 -0.32596704 -0.23344057  0.14971389
  0.34116405  0.21086475  0.06303653  0.07024641  0.14570955 -0.06186943
 -0.13981172  0.02707896  0.18204332 -0.06346086 -0.03038969 -0.19374655
 -0.30031288 -0.30645135 -0.15733478 -0.05571889 -0.19591957 -0.00075739
 -0.17743343  0.15504065 -0.00333443 -0.16468075  0.14974988 -0.35971561
  0.01122891 -0.20026239 -0.22794645 -0.17544169  0.00495738  0.05049169
 -0.16002943 -0.15266901 -0.01820796  0.01904516 -0.09650532 -0.14630656
  0.30335953  0.07826624  0.31686163  0.02827302 -0.32121349 -0.10971875
 -0.08118128 -0.12674173 -0.01227589 -0.25668966  0.05313789 -0.07076119
 -0.29450492  0.07870382  0.11918476 -0.17295313 -0.13900777  0.03109559
  0.2563059  -0.17322712  0.02254372 -0.21295319  0.00118296 -0.18276606]


第5类： ['不知道是否方便提供一个基本报价', '今天我让你们发一个邮件给我提供一下报价', '你们报价是按照什么单位来报的', '你们的官方报价和这一样么', '你们这边报价大概是如何的', '你可以给我一个计费方式或者阶梯性的报价也可以', '你能提供清单报价及相关技术方案吗', '你能给我做一个方案与你们的报价么', '你说下标准报价行吗', '你这边可以先给我提供个报价吗', '你这里是无法报价的么', '前面我找你们要过一个报价', '可以发一个报价和解决方案吗', '可以把具体的介绍和报价给到我吗', '可以提供一下你们的资料和报价么', '因为我现在急需要做报价报告', '大概什么时候能给我报价呢', '如果是个人能简单给个报价么', '官方报价只有这两种是吗', '您可以分别说下报价吗', '您方便给我个报价吗', '您看看能不能给我做一个报价方案', '您这边有什么报价之类的吗', '您这边有没有正式的报价阿', '想了解一下你们这边的报价以及商品的信息', '想问一下你们这边的报价', '我了解具体功能和报价后跟我们领导报备完', '我在等你们的报价啊', '我希望先了解下大概报价', '我想让您给我做一个报价', '我想问一下你们的解决方案和报价', '我没有看到贵公司相关的使用报价', '我这边需要报价相关的信息', '我需要一套整体的解决方案和报价', '报价也是他给是嘛', '报价会比这个官方价格低吗', '报价体系能给我一份吗', '是以官网上的报价为准吗', '没有报价看也了解不到呀', '烦请贵司销售业务人员尽快发送报价', '能不能先给个基本的报价范围', '能先告诉我一个大概报价吗', '能发你们公司产品资料和报价给我吗', '还有就是报价看也发我一份哈', '这个报价是包含话机的嘛', '那你可以现在给我说下云模式的报价嘛', '那您能给我一个报价么', '那您能说一下大概的报价吗', '那您这边方便给我出一个报价吗', '那我看下面还有语音报价是什么', '那麻烦你给我发一下报价和详细的资料好吗', '麻烦你们今天给我一份报价', '麻烦把需要用到的设备和报价清单给我一下']
语义向量：[ 0.01315467  0.09326547  0.02944721  0.00908601 -0.06012185 -0.02046522
 -0.01249113 -0.08032103 -0.01304648 -0.11421449  0.03986955  0.0336075
 -0.02878174 -0.02479496 -0.06929009 -0.03543507  0.07268406 -0.05819401
  0.04466    -0.06857433 -0.04472988  0.05078687  0.02625032 -0.00175707
  0.09144841 -0.02951752 -0.04529974 -0.0413008   0.08987718  0.10105277
 -0.08428734  0.03983534 -0.00753442 -0.11244248  0.03256846 -0.01036948
 -0.04010522 -0.00897658  0.14581996 -0.04181049  0.01431398 -0.02467328
  0.10292723  0.15234716 -0.05489876 -0.01740944 -0.04471723 -0.04451977
 -0.03862282 -0.03767047 -0.01670389 -0.0097016   0.04644023 -0.02655333
 -0.00919538  0.03007807  0.14451694  0.02137683  0.00043013 -0.07292996
  0.12032948  0.07244351 -0.00293019 -0.04675062 -0.05787301 -0.07215985
 -0.14590108 -0.12063604 -0.068242   -0.04152788 -0.01663787  0.05275933
 -0.07017947 -0.17434543  0.02266415 -0.03870418  0.05678255  0.15902305
  0.08785268 -0.08918409  0.03838305  0.00491826  0.0206836  -0.03406005
  0.03623728  0.07650128  0.09746389  0.07206117 -0.066048    0.00812684
  0.00163164 -0.09075073 -0.05998154 -0.00082547 -0.0044164   0.05818958
  0.05863483  0.03936063 -0.02206668 -0.05746518  0.0339092   0.07260925
  0.01799123  0.03624247 -0.00760982 -0.02251573 -0.00074583  0.08081336
  0.06806497  0.07904215  0.02889631 -0.06437205 -0.00450815 -0.03445979
  0.02830217 -0.06350338 -0.01740249  0.06640537 -0.01238256  0.03830421
 -0.08159322 -0.04186898 -0.03395299 -0.15012588  0.01669133  0.05086157
 -0.11076699  0.10863572 -0.0572463   0.03869991  0.00115658 -0.05258046
  0.06834586  0.08331668  0.07158855  0.05739312  0.02344208 -0.02025111
  0.05851825 -0.06420965 -0.03662523  0.01124917 -0.08236796 -0.11987262
  0.06810942 -0.13307577 -0.11927139  0.19661076  0.02084523  0.00487184
 -0.00247498 -0.03186578 -0.00321383  0.02889261 -0.0028467   0.05164052
  0.09180167 -0.0424795   0.0942044   0.05984909  0.16474093  0.05458228
 -0.01761597  0.21080073  0.0607755  -0.01676587 -0.01939844 -0.02398103
 -0.05663679 -0.05546501  0.00026952 -0.00092111 -0.11630668  0.0389333
  0.05951708  0.06515596 -0.12709843  0.07326198  0.00769779 -0.00784642
 -0.00279306 -0.00387588  0.0078107   0.00220901  0.04457979 -0.04097377
 -0.02698265 -0.09377656  0.01821534 -0.02865451 -0.06151625 -0.02658437
  0.10183289 -0.02550541  0.08562212 -0.05973359 -0.13372547 -0.05353596
 -0.11646617  0.0908458  -0.06542045  0.00866032  0.09802811  0.0382401
  0.02130059  0.06139176 -0.06676221  0.00254665  0.0475327   0.07098189
  0.16987216 -0.09764742 -0.06765336 -0.05352806  0.03548625  0.04497063
  0.03680253 -0.09338905  0.08337649  0.01473777  0.11085022  0.04958922
 -0.04088784  0.02712462 -0.04224969  0.11025084  0.05895613  0.00171051
  0.08435325  0.00032665 -0.05391101 -0.0101088   0.0592765  -0.0613644
 -0.00897261  0.04460324  0.01339301 -0.09052198 -0.07971233  0.00765536
  0.12697157  0.10912687  0.04387606  0.00397955  0.03141404 -0.02432008
 -0.06570008 -0.04103246  0.05139179 -0.05776905  0.02256238 -0.07450243
 -0.10489483 -0.14423237 -0.06634851 -0.00329621 -0.08073631  0.02251579
 -0.08858477  0.05013646 -0.01745639 -0.0218668   0.04999167 -0.07723684
 -0.04737972 -0.07142822 -0.07722939 -0.06094984  0.03545872  0.05702189
 -0.06793466 -0.02522879 -0.03690177  0.00440697 -0.0210931  -0.03245043
  0.00738817  0.04487116  0.10073089  0.0414249  -0.03791663 -0.06176568
 -0.01102115 -0.03193555 -0.07868317 -0.05440982 -0.04051792  0.00105902
 -0.14072734  0.02774785 -0.0010933  -0.11414312 -0.02570005  0.03076822
  0.09561286 -0.07167153  0.03095949 -0.06803686  0.03498419 -0.11217708]


第6类： ['你们这个有具体的报价方案么', '你们这有方案和报价吗', '你先给我个报价方案', '你给个多方案的报价给我', '公司名称和咨询报价有啥关系', '公有云是什么报价呢', '功能和报价都需要了解啊', '可以发下介绍和相关报价给我', '如果可以先发个大概的功能介绍和报价给到我们', '尽快给我一个详细的方案和报价', '我先简单了解一下标准方案和报价', '我想了解一下你们的产品以及报价', '我这边需要先了解价格给老板报价', '我需要一个电子版本的报价方案', '我需要下报价和方案', '我需要跟老板报价大概价格', '或者发一些报价和方案', '报价中请告知每分钟每方是多少费用', '方案和报价我都清楚', '方的报价是多少钱', '是需要做方案和报价', '有报价方案吗能发给我吗', '然后想咨询一下咱们有没有相应的产品介绍文档还有报价', '能做个简单报价方案吗', '能否给我确定一个方案和报价', '能给一个方案的报价吗', '能给我个报价方案最好', '自建服务器和网络的方案报价是多少呢', '说要提方案和报价给我们', '请帮忙提供产品说明书和报价', '还有什么其他的方式可以咨询报价呢', '还有你们的产品介绍和报价请发我一份', '还有协作混合云的报价', '那你给我发一个报价方案吧', '那就先给个报价方案吧', '都有什么功能和报价呀']
语义向量：[ 0.03384808  0.1095116   0.02287208  0.01044692 -0.08831115 -0.03471154
 -0.0140924  -0.1018831  -0.04533577 -0.19820309  0.03542823  0.04295511
 -0.07975133 -0.03405252 -0.0894106  -0.08351512  0.05112976 -0.09265516
  0.02230848 -0.09077799 -0.07617436  0.08791627  0.03963722  0.00568455
  0.08563847 -0.03523837 -0.07408771 -0.08420205  0.14758369  0.13389885
 -0.17051809  0.04557796 -0.01588024 -0.20779549 -0.03521487 -0.04616925
 -0.07172344 -0.06173928  0.22221858 -0.04138191 -0.01082328 -0.03465785
  0.14383942  0.24383035 -0.07361985 -0.02022158 -0.07123273 -0.08546428
 -0.03916167 -0.03055693 -0.06341497  0.04792196  0.06613508 -0.01715936
 -0.03788263  0.0502416   0.21492829  0.0536487   0.01217391 -0.13507968
  0.14652617  0.15714702 -0.00721106 -0.10630453 -0.12095797 -0.12658
 -0.169129   -0.17297417 -0.10977448 -0.09553059 -0.00940884  0.06656452
 -0.13098665 -0.21535133  0.03152292 -0.07183639  0.02440231  0.25924377
  0.10374634 -0.1233909   0.00853819  0.05376306  0.08207898 -0.08440903
  0.05799449  0.10664798  0.15317156  0.11924159 -0.09788772  0.01770277
  0.02637643 -0.14319823 -0.06516078 -0.01248663  0.0187051   0.03325819
  0.10599099  0.0759286  -0.02840069 -0.05841543  0.06984374  0.0746647
  0.02669294  0.07411505  0.0100317  -0.01970451  0.00989228  0.11892955
  0.08018796  0.11146899 -0.00148181 -0.13811114 -0.03584291 -0.00720451
  0.05072006 -0.10011955 -0.00128737  0.09596269 -0.04648347  0.03707421
 -0.08812639 -0.08336909 -0.09356231 -0.20602264  0.04082106  0.06150892
 -0.18321701  0.14801977 -0.05816146  0.08892444  0.00720802 -0.07338428
  0.12559704  0.14897046  0.09913332  0.09187987  0.02776944 -0.12429868
  0.06273992 -0.08189268 -0.06837963  0.02067072 -0.06679506 -0.12731387
  0.13284326 -0.18511645 -0.22375831  0.28108812  0.05067305  0.01655812
 -0.00449898 -0.00395951 -0.0163397   0.03237502  0.00832785  0.08061929
  0.09330924 -0.07811137  0.14136519  0.09451377  0.25407635  0.06717856
  0.00809208  0.31560972  0.04898785  0.02554081 -0.06685384 -0.07350559
 -0.08910392 -0.08850346 -0.03164048 -0.05036704 -0.15574683  0.0896954
  0.09146016  0.0549399  -0.19258822  0.12865132  0.04979367  0.00341955
  0.03045543  0.01805875  0.03364487 -0.00879115  0.05075544 -0.02973986
 -0.04134341 -0.13573697  0.01697783 -0.04290034 -0.06373529 -0.02376467
  0.15736446 -0.07312504  0.06907939 -0.0880285  -0.1929367  -0.05194501
 -0.15844375  0.13320576 -0.1181029   0.00132707  0.15165581  0.06765519
  0.03213082  0.02782067 -0.06450763  0.04976415  0.10044891  0.10593854
  0.21848617 -0.13828924 -0.10148756 -0.10216967  0.07136515  0.04086844
  0.04699233 -0.13088346  0.10727404  0.06258338  0.11875826  0.06319496
  0.01789275  0.02825709 -0.08306271  0.18432102  0.10721475 -0.01019875
  0.07001462 -0.01209371 -0.08348857 -0.04712414  0.07118933 -0.01525183
  0.01880096  0.02157246 -0.02553723 -0.1378208  -0.1009913   0.08444054
  0.17702726  0.11796342  0.04526812  0.00130108  0.0707902  -0.03952961
 -0.08596965 -0.05863102  0.11275467 -0.0730346   0.0263393  -0.1331723
 -0.15916725 -0.18188625 -0.0850371   0.00882427 -0.12920947  0.00087646
 -0.10704953  0.07523423 -0.00649686 -0.0341578   0.07496712 -0.15425318
 -0.03355685 -0.11947266 -0.105531   -0.10066734  0.01998295  0.06491633
 -0.08877519 -0.05135681 -0.02695575 -0.00861085 -0.0181175  -0.0386466
  0.07357553  0.03463814  0.15668744  0.0332171  -0.11605428 -0.07817829
 -0.0394498  -0.043729   -0.06085007 -0.10100307  0.00482482 -0.0283183
 -0.19648867  0.05829406  0.01267827 -0.12770816 -0.06655155  0.03202871
  0.1430175  -0.0774066   0.05327808 -0.12831828  0.01517808 -0.14087846]


第7类： ['不能直接报价吗', '主要看预算报价', '什么时候能报价', '今天我会汇总报价', '你们不报价啊', '你们可以报价么', '你们怎么报价的', '你们网站的报价', '你能报价吗', '先选型报价吧', '包括报价之类的', '可以发个报价吗', '可以给出报价吗', '可否帮忙做个报价', '大概报价怎么样的', '大概报价有吗', '市场报价大概多少', '想了解一下报价', '想了解方案及报价', '我不是说报价', '我只有公开报价', '我想问报价', '我需要了解报价', '报价出来了吗', '报价就是你们网站上的报价吗', '报价就是官网上的报价吗', '报价是多少呢', '报价是多少呢', '报价暂时不急', '报价暂时不着急', '拜托给报价哈', '有具体报价吗', '有报价清单吗', '有报价资料吗', '有没有大概的报价', '有没有现成的报价', '现在不能报价吗', '的报价多收钱', '的报价太高了', '给个大概报价', '给个报价我', '能发个报价么', '这是对外报价吗', '麻烦先给个报价', '麻烦提供一下报价']
语义向量：[ 0.02876223  0.19046376  0.067387    0.01755971 -0.11490436 -0.04276782
 -0.02134203 -0.16975142 -0.01844505 -0.22851323  0.08098695  0.06842153
 -0.04769423 -0.04679672 -0.14760705 -0.06847031  0.1587898  -0.11458995
  0.09874375 -0.13840356 -0.08624238  0.09476402  0.05525657 -0.00351494
  0.20421365 -0.06444019 -0.08766352 -0.06771174  0.18390461  0.20734644
 -0.15636811  0.08397845 -0.00446323 -0.2117834   0.07984271 -0.01145097
 -0.08348345 -0.00744954  0.29085856 -0.08697768  0.03943179 -0.04628075
  0.21600531  0.29788429 -0.10571444 -0.03191063 -0.0832293  -0.08273162
 -0.0747899  -0.080023   -0.02999545 -0.0348766   0.09569097 -0.05435256
 -0.01076279  0.05621096  0.28247517  0.04679129  0.00523865 -0.13786077
  0.23921051  0.13548779  0.00228989 -0.07562497 -0.11406678 -0.14069307
 -0.30797466 -0.23537637 -0.13532014 -0.06912918 -0.03936452  0.09373787
 -0.14035939 -0.36325222  0.03655604 -0.07118162  0.1261732   0.3093863
  0.18626649 -0.18127116  0.08336528  0.00357524  0.03094275 -0.06463145
  0.07908579  0.15022393  0.19585669  0.13795214 -0.12629785  0.0179954
  0.00679388 -0.18357964 -0.12050241  0.00420611 -0.0183833   0.12999769
  0.11853652  0.07104789 -0.04151445 -0.11566746  0.06346907  0.15307536
  0.03487519  0.06446177 -0.01887175 -0.05066575  0.0017033   0.15546722
  0.13988788  0.16676463  0.06243082 -0.12085779 -0.00818877 -0.08672804
  0.0559504  -0.12700509 -0.0380005   0.13204092 -0.01546413  0.08272898
 -0.1687443  -0.07931711 -0.06460024 -0.30280705  0.02889694  0.10368982
 -0.22274097  0.22347308 -0.12031898  0.06633286  0.00105489 -0.1078579
  0.12250926  0.1628287   0.13810822  0.10910325  0.04849458 -0.01865753
  0.12497986 -0.13485946 -0.06214821  0.02217167 -0.18060513 -0.25098127
  0.12265562 -0.26489361 -0.2312785   0.39542609  0.03523866  0.00547137
 -0.00426651 -0.06737481  0.00180007  0.06506437 -0.01139517  0.09452641
  0.19484448 -0.07403683  0.19065217  0.1179363   0.31884619  0.11565222
 -0.04763217  0.41346365  0.12983963 -0.04682222 -0.02238406 -0.04304574
 -0.11523078 -0.10696788  0.00550372  0.00890592 -0.2367369   0.07096089
  0.11149012  0.14191906 -0.24898085  0.13670285  0.00576847 -0.01884101
 -0.02506105 -0.01509741  0.00646342  0.00516311  0.09325836 -0.0953083
 -0.04989105 -0.18848465  0.04353888 -0.06208426 -0.12215214 -0.05856352
  0.20119375 -0.04474643  0.18167501 -0.11691586 -0.26698395 -0.1157364
 -0.22802094  0.18774655 -0.11829365  0.02327688  0.19834769  0.07454072
  0.05265712  0.13429147 -0.14425378 -0.00730564  0.08742233  0.13973312
  0.34069892 -0.19607195 -0.13315665 -0.10415248  0.06859683  0.09477281
  0.07533605 -0.18439077  0.17267114  0.02212966  0.22336637  0.09679771
 -0.09807168  0.05638764 -0.08043974  0.21353472  0.11007446  0.00609733
  0.17545925  0.00474791 -0.10721659 -0.01242093  0.12467783 -0.14520938
 -0.02811413  0.09556774  0.04038361 -0.17880698 -0.15934493 -0.00439666
  0.25304482  0.23721692  0.09326067  0.01107315  0.05908538 -0.04299057
 -0.13658845 -0.08825899  0.09622002 -0.1189833   0.05082703 -0.14552292
 -0.2110792  -0.29485532 -0.13795051 -0.00771479 -0.16147657  0.05618049
 -0.17320598  0.10326916 -0.05005344 -0.03621248  0.10228186 -0.14161458
 -0.10116445 -0.14166203 -0.16038083 -0.12376146  0.07724343  0.12210574
 -0.13708521 -0.04745434 -0.07902736  0.01298883 -0.04148567 -0.06560597
 -0.00312597  0.09453821  0.19527578  0.08756322 -0.07166023 -0.12623074
 -0.02082333 -0.06133287 -0.17244808 -0.10210668 -0.09291535  0.01452627
 -0.29392694  0.05700795 -0.00619972 -0.24430866 -0.0502205   0.06438538
  0.19212594 -0.14631308  0.05787351 -0.1333243   0.07664978 -0.23155174]


第8类： ['呼叫中心有报价么']
语义向量：[-0.06130001  0.40372857  0.22505859  0.1132616  -0.21726663 -0.00876522
  0.00771578 -0.35518733 -0.14764538 -0.05380105  0.12429357  0.19247514
  0.02032364 -0.21001811 -0.0406781   0.03216261 -0.0858575  -0.00835324
  0.11792562 -0.44869328 -0.3210988   0.11149988  0.24317209 -0.03827801
  0.01166306 -0.17515436  0.15592821 -0.02451573  0.11781631  0.33042604
 -0.24944396 -0.11978757 -0.00543931  0.02748336 -0.1441526  -0.14625862
 -0.12816258 -0.36537987  0.06946869  0.18308493  0.01707943 -0.0854518
  0.064271    0.53896892 -0.04366783  0.15345418  0.01938154 -0.01103462
  0.37497088  0.20619166 -0.28152481 -0.05235383  0.26765639 -0.18404773
 -0.36036974  0.07630663  0.11028083 -0.00246311  0.14827104 -0.17543687
  0.35080996  0.10626646 -0.22908668 -0.25053668 -0.44711414 -0.22511387
  0.01416874 -0.49315548 -0.45118603 -0.32535249  0.08977163  0.03220693
 -0.26714355 -0.02645915 -0.27320361 -0.32471517 -0.05723038  0.41434366
  0.14145462 -0.52324802 -0.16050965 -0.11998813  0.27612576 -0.09551413
  0.04752009  0.15753679  0.29400581 -0.0556952   0.09673475  0.40528274
  0.40625095 -0.20477095 -0.17446557 -0.24997084  0.21343355 -0.06070562
  0.29192483  0.307652    0.08585539 -0.12630223  0.36927456 -0.03476391
  0.0697851   0.07777285 -0.07778975 -0.14475319 -0.17740542  0.14336434
 -0.03955762  0.05376266 -0.04871057  0.00198615 -0.33260638  0.04914415
  0.25993046 -0.12826361 -0.08308834  0.06728488 -0.35019523 -0.05216044
  0.13029389 -0.55451459 -0.28540218 -0.0256005   0.26982734  0.13964543
 -0.12265585 -0.08423416  0.06914711  0.26383588 -0.2034485  -0.31662148
  0.24313822  0.17968433  0.37674993  0.07218422  0.27902171 -0.14155757
  0.04021732  0.04012315 -0.11082508  0.22216611  0.30003068 -0.29362544
  0.13042156 -0.05579103 -0.12988549  0.49591747  0.0228026   0.35460731
 -0.02993227 -0.31264994 -0.14037973  0.16982396  0.10581541  0.26974064
  0.24070409 -0.34787124  0.27146387  0.11312103  0.51454133 -0.06890453
  0.25931892  0.3288604  -0.12239283  0.05243816 -0.33529809 -0.2665289
  0.09952787 -0.03923196  0.10809074 -0.23293665 -0.09805975  0.03954331
 -0.05940615  0.04275482 -0.35969013  0.41384873  0.51528358  0.27500135
  0.16390495  0.1847302   0.02185611 -0.13104555 -0.3220188  -0.38741833
 -0.31837112  0.04599448 -0.34510434  0.05869125 -0.02404391 -0.0710211
  0.23993364 -0.22775361  0.12247746 -0.30137363 -0.06720515  0.26474309
 -0.24864225  0.22583473 -0.36772019 -0.05848891 -0.10579984 -0.06974421
  0.0544126   0.11408452  0.38356754  0.05144069  0.43847027  0.03281594
  0.49054259 -0.11438079 -0.12447812 -0.21963993  0.30003163  0.30652228
 -0.14059985  0.05499069  0.25212017  0.06381433  0.3101289   0.0265494
 -0.05412079  0.13645603 -0.03263626  0.21779437  0.04404433  0.11635079
  0.34294659  0.07770731  0.13539618 -0.01025242 -0.04998462  0.16239417
  0.08042823  0.03154964 -0.42451936 -0.10776125 -0.14460146  0.45402282
  0.05373969  0.16457038  0.19847618 -0.09964776  0.11110988 -0.10201516
 -0.07050929  0.13710818 -0.011577    0.03431346  0.07982875 -0.02997533
 -0.34213081  0.03491659 -0.30903009  0.00103689 -0.06346315 -0.23837844
 -0.10774151 -0.01877836 -0.00283122 -0.40552908 -0.01849306 -0.35697562
  0.20666566 -0.22282067  0.09868833 -0.35021016  0.22820008  0.377231
 -0.12386139 -0.02560512 -0.09694622  0.29845607 -0.01280833 -0.03168691
  0.50732356  0.02954089  0.14280984  0.06307415 -0.15622413 -0.14771771
 -0.05390557 -0.03586737 -0.05037059 -0.08171488  0.02616401 -0.2546894
 -0.07174001 -0.04189648 -0.33453947 -0.1601743  -0.10058226 -0.03526684
 -0.01343468  0.07461671  0.15737718  0.16818698 -0.22966699 -0.28858691]


