第1类： ['一般会有三四个接入吧', '不同国家没有对应的接入号吗', '不知道欧洲和美国接入速度怎么样', '中国大陆以外的区域也可以接入么', '也就是计算方式是每个人接入的时间相加对吧', '以及是否有美国当地的接入号码', '八方的意思是有八个接入数吗', '几方可以接入有限制吗', '分钟数包括海外接入么', '可以不用通过拨打接入号就可以实现吗', '同时接入的用户不会超过', '后期会有比较多方接入', '呼叫中心的接入流程是怎样的', '咱们最多可以接入多少个客户端', '因为具体接入端还不知道多少', '因为我们现在还不能确认有多少接入方', '多少方接入是用什么判断的', '如果增加接入的点需要增加费用吗', '如果需要开会如何接入你们的平台呢', '就是我们国外的客户拨这个号码就能接入这个会议室', '我们能把这种直播的方式接入到我们公司的', '我们需要各端都可方便接入', '我有个网站想让客户接入', '我看你这都是网络接入', '我这边可以接入中继线之类的', '是拨打接入号然后打密码的吗', '是指其他接入的吗', '是那种拨号接入的那种吗', '比如我这个机器规定只能接入', '没有看到中国接入的号码', '请问下你们这边有可以接入', '跟在线接入语音是什么区别', '还有接入数的费用怎么计算', '这个是只接入方是吧', '通过你们的第三方拨号接入吗', '通过别人邮件中的链接直接接入吗', '那么最低的是可以允许几个接入方呢', '那国外接入也是联到国内的服务器吗', '那意大利本地是免费接入么', '那是怎么接入的呢']
语义向量：[-0.00935803  0.01822906  0.06989826 -0.074392   -0.09493927  0.04968605
 -0.09016693  0.02300446  0.0053969   0.01354268 -0.09691852  0.16041271
 -0.12000344  0.0051987   0.02544907 -0.0037951  -0.05402243 -0.13904793
  0.0289818  -0.01313788  0.1182067   0.08208834 -0.06003463 -0.07863086
 -0.11969631  0.03466654 -0.01838672 -0.02511378 -0.00251614  0.06058008
 -0.02777029 -0.06068159 -0.12880072  0.12836358  0.09436614  0.0232441
 -0.03778416  0.04232239  0.07804428 -0.13306246 -0.02357708 -0.14555402
 -0.06356353 -0.0546139  -0.08212013  0.14219929 -0.04384429 -0.02167562
 -0.05101264 -0.0186682   0.01848792  0.07773316  0.11544009 -0.03967141
  0.01402827  0.00207659  0.05961391 -0.04647433 -0.0406692  -0.05876631
 -0.0110552   0.03641935 -0.04435517 -0.08648262 -0.10096286  0.0034852
 -0.06738826 -0.04228637  0.08149883 -0.0849331   0.04454882 -0.06951492
 -0.01755373 -0.07646126  0.00511162 -0.01028179 -0.04286976 -0.08250577
 -0.03769981 -0.10593726 -0.07131228  0.02442361  0.06753107 -0.03752323
 -0.00608487 -0.05866026 -0.08401268  0.0045001   0.07738412  0.04000699
  0.00576848 -0.14457636  0.01292589 -0.12018594  0.02158085  0.01201762
  0.04101985 -0.24665128  0.03992379  0.00846486 -0.03844522  0.00306486
 -0.06956997 -0.00369142  0.00634164  0.00983143  0.10309404 -0.01160762
  0.01175198 -0.0303886   0.00972457  0.00358417  0.11834139 -0.01951679
 -0.18554122 -0.01080189 -0.10498457  0.15222348 -0.02425582  0.18192511
 -0.11761505 -0.11645728  0.0296195   0.00652684  0.01079763  0.20387837
  0.00947881 -0.03531014  0.08308987 -0.00175635 -0.09294672 -0.00440934
  0.0430543   0.02856996 -0.00458932  0.17527733  0.09406088 -0.15822603
 -0.07231692  0.09245352 -0.04030615  0.07935295  0.01503247 -0.0078119
  0.10199124 -0.06101168  0.08346173  0.08282412 -0.02999385 -0.04041991
 -0.01664651  0.10192701  0.00816886  0.06640979 -0.08988316 -0.00269761
  0.15821949 -0.05444616  0.07479973  0.11169627  0.09323261 -0.13637697
 -0.01282237  0.25655969  0.00538156 -0.0548926  -0.10036249  0.00194314
  0.06639107 -0.09437801  0.00446145 -0.2518504  -0.00970555  0.11188525
 -0.13893024 -0.01622542  0.13357219 -0.02810442 -0.01212758  0.01912195
 -0.01122367 -0.00639315 -0.06309329 -0.05885137 -0.07639669  0.00678379
 -0.16357864 -0.1301567  -0.05373359 -0.06174456  0.04644631  0.04526746
  0.02380156 -0.0714539  -0.0833742  -0.02696296 -0.0696195   0.13430856
 -0.02014216 -0.00772524 -0.04411952 -0.09670953 -0.10718409  0.01826839
 -0.10237879 -0.00995998  0.13878666 -0.04265509 -0.04010198 -0.08159406
 -0.0734184   0.14752895 -0.07961637 -0.07238946  0.11072403  0.03818397
  0.03526676  0.00029416 -0.12629545  0.06422186  0.00517848  0.00194798
  0.08989832 -0.02451113  0.09097154  0.11069868 -0.027315    0.05944794
  0.06876105 -0.01909     0.06631598 -0.00473255  0.0726237  -0.00730114
  0.06311     0.04658206  0.02055998  0.0033859   0.13480964  0.17964881
 -0.0232988  -0.03456649 -0.02721439 -0.10748089 -0.02104031 -0.02078815
  0.04328139 -0.04695015  0.08230973 -0.05792173  0.01658628 -0.01872523
 -0.0099012   0.0137743   0.09456045  0.07559578  0.00521875 -0.15186015
 -0.05787231  0.0624887   0.09716032  0.00725027 -0.02426522 -0.01235628
 -0.07658717  0.02166854  0.08145991 -0.04307873  0.05022804  0.00438801
  0.00718529  0.06899004  0.07416594 -0.0030141  -0.08588132  0.07708693
 -0.07965956 -0.03392073 -0.09388514  0.00083514 -0.00194549  0.01371252
  0.09434109  0.0885553   0.04661211  0.02583561  0.03330438 -0.07985392
  0.12125299 -0.04466126 -0.03917251  0.01533795 -0.01176981 -0.00176639
 -0.01757749 -0.01128981  0.17160855  0.00054007 -0.0874706  -0.08894324]


第2类： ['一般情况下终端接入数都会是多少', '不同国家通过当地接入号拨入参会', '不同地点的接入吗', '不在云上接入', '主要几大会议室和一些移动终端的接入', '人接入左右吧', '但是有全国各地和国外的终端接入', '你们接入接出模式', '你们这个接入人数有限制吗', '你刚不是说按终端接入数吗', '使用网络语音接入是不限时的', '可以接入多少人呢', '多一些接入端口吗', '如果是人数多的接入', '客户接入也需要登录吗', '客用接入好要登录吗', '就是全球接入号码', '就是接入的客户端是吗', '就是说一共只能接入', '开会的接入方式是什么', '思科设备可以接入科天云的吗', '意思是只允许接入', '意思是说只能接入', '我想接入在线客服', '我点击了通过互联网接入', '我点进去无法接入', '接入可以升级吗', '接入方只需要知道号码就可以接入', '接入用户最多', '无法在微信端直接接入', '是按接入人数算的', '最多十个接入吧', '有一个接入就算一个', '有接入人员限制吗', '浏览器怎么接入的呢', '浏览器接入功能和客户端一样吗', '现在公司的只能接入', '美国可以接入吗', '美国是这个接入号', '能三方接入吗', '能接入多少个国家', '语音接入为何没有显示用户', '请你们接入号多少', '请问宝利通如何接入', '这个只限接入方的个数', '这个是互联网接入的', '这个能接入网页吗', '进入会议室只能看到音频接入', '那么浏览器端接入不算在', '那各个接入人的', '那如果接入用户在']
语义向量：[-0.0057695   0.02532783  0.10580873 -0.10544242 -0.15130346  0.08053086
 -0.13387082  0.06191882  0.01574314  0.03550078 -0.13559659  0.2352228
 -0.16929711  0.02478755  0.04242073 -0.01713392 -0.07002366 -0.21656577
  0.0449992  -0.02428775  0.19117654  0.13015631 -0.10837167 -0.11970155
 -0.20237277  0.04422597 -0.02104389 -0.02254375 -0.01541513  0.08226823
 -0.02896085 -0.10298408 -0.20569472  0.20530523  0.1525093   0.05605324
 -0.05273273  0.08535419  0.12381795 -0.20182141 -0.0283012  -0.21667715
 -0.10414427 -0.09345547 -0.11776179  0.22207731 -0.07551865 -0.04541382
 -0.07406721 -0.03100279  0.01935371  0.1199014   0.18922059 -0.05071297
  0.02647412  0.00063227  0.08593041 -0.07446484 -0.05640698 -0.07239485
 -0.01359437  0.03840772 -0.05424062 -0.12713339 -0.13282669  0.01635743
 -0.11079281 -0.07206216  0.14481356 -0.10997642  0.07671194 -0.10418292
 -0.01386803 -0.10407878  0.00761041 -0.02051673 -0.06085146 -0.13211241
 -0.05423321 -0.16355078 -0.12320689  0.04269219  0.07993907 -0.04480097
 -0.00717574 -0.08967915 -0.11819174 -0.00681597  0.10123086  0.05967455
  0.01347532 -0.20267768  0.02103169 -0.1849261   0.01062418  0.01171543
  0.06128921 -0.37661023  0.065948    0.02642005 -0.06087798 -0.00488318
 -0.10189856 -0.01013196  0.00102108  0.00505614  0.15385853 -0.020955
 -0.00168546 -0.0493252   0.01858349  0.02469675  0.18769809 -0.04104386
 -0.27852956 -0.0190509  -0.14589643  0.23113341 -0.03417736  0.2808474
 -0.18373321 -0.16755087  0.02539576  0.0046835   0.01284368  0.30222639
  0.02298278 -0.04160682  0.12281731 -0.01360743 -0.14973869 -0.00812941
  0.0518883   0.02968572 -0.01161398  0.27990566  0.13251766 -0.22724553
 -0.12417436  0.15025678 -0.05281755  0.123397    0.01104023 -0.01598257
  0.14815284 -0.08883112  0.11860372  0.13252679 -0.05117637 -0.05898725
 -0.02030382  0.15814103  0.0121673   0.09598021 -0.1343525  -0.01008393
  0.2351015  -0.07674085  0.11961012  0.17161704  0.11260002 -0.20681714
 -0.02899559  0.38086018  0.00438103 -0.09063859 -0.13283338  0.00142562
  0.09714151 -0.14387446  0.00731484 -0.37446284 -0.01552862  0.16493234
 -0.22339384 -0.0200563   0.19248118 -0.04124587 -0.03909211  0.03241665
 -0.018915   -0.02067885 -0.09040157 -0.08383265 -0.12320566  0.0159487
 -0.23248678 -0.18883147 -0.08480051 -0.0746481   0.06522862  0.07087858
  0.02530688 -0.10042383 -0.12094221 -0.05217326 -0.09387236  0.19379507
 -0.02507457 -0.00767766 -0.06584461 -0.12622941 -0.17610935  0.03649105
 -0.16611514 -0.00645013  0.19182237 -0.0721351  -0.07276377 -0.11881459
 -0.12342878  0.2169602  -0.11981416 -0.09976577  0.16515573  0.05746632
  0.06225122 -0.00136115 -0.20376558  0.0778491   0.01329022  0.00171166
  0.12817748 -0.0573088   0.13950195  0.14692161 -0.05064328  0.0803458
  0.11377969 -0.02142168  0.10144751  0.01220541  0.1033446  -0.02675232
  0.1014052   0.0814713   0.03514628  0.02326629  0.21287074  0.24936293
 -0.02591393 -0.06151572 -0.03804167 -0.16054026 -0.0325889  -0.04518795
  0.06747936 -0.05876877  0.10987802 -0.08381252  0.03774474 -0.00278223
 -0.00681768  0.02713606  0.14550483  0.11059699  0.0100147  -0.21715717
 -0.08874597  0.09594699  0.14604635  0.02140501 -0.03195078 -0.01025824
 -0.12112606  0.04417295  0.1176795  -0.03612461  0.07734586  0.00712495
  0.00112603  0.11401082  0.10863466 -0.01283454 -0.15057251  0.1291957
 -0.13164534 -0.02976945 -0.15692142 -0.02776102  0.00174222  0.02101278
  0.13875327  0.14213055  0.07058372  0.04324205  0.03361092 -0.12379523
  0.18204576 -0.05689082 -0.06804665  0.0200626  -0.00676753 -0.01708376
 -0.02846921 -0.01760496  0.25990948  0.00107482 -0.11840963 -0.12648707]


第3类： ['一种通过网络接入', '网络接入', '网络接入就用', '网络接入是', '语音接入的', '通过网络接入']
语义向量：[ 7.34003211e-02  9.17585629e-02  1.94315962e-01 -1.83987769e-01
 -3.54811107e-01  9.02446210e-02 -2.15091621e-01 -3.91388846e-02
  6.06162250e-02 -4.15960389e-03 -2.00882519e-01  4.27725598e-01
 -2.52831757e-01 -1.63467402e-02  5.42359365e-03 -1.62837561e-04
 -3.07593048e-01 -3.77276758e-01 -2.18633600e-02 -1.05739287e-01
  2.58812470e-01  2.58542061e-01 -3.95668479e-01 -2.28469007e-01
 -5.15554627e-01  1.29366600e-01 -3.49611935e-02 -1.71579147e-01
  9.85858077e-03  1.44555030e-01 -2.11180282e-01 -3.75646636e-01
 -6.63123444e-01  3.26877425e-01  2.73800368e-01  3.63524672e-02
 -5.35850724e-04 -8.99552632e-03  3.11725385e-01 -2.49444763e-01
 -2.19421471e-01 -4.52204143e-01 -2.84304840e-01 -1.04066455e-01
 -2.48220394e-01  4.45589359e-01 -2.94658887e-01 -8.51763388e-02
 -1.62751512e-01  5.24702917e-03 -8.14712449e-02  3.29349046e-01
  4.01988809e-01 -7.72717738e-02 -1.19269270e-01 -1.90597838e-02
  1.40178027e-01 -1.86925920e-01 -1.60158053e-01 -2.01251092e-01
  4.68742680e-02  2.28290992e-01 -1.84170651e-01 -3.19987213e-01
 -2.30085587e-01 -2.07398217e-02 -1.39265455e-01 -2.04980735e-01
  1.60136260e-01 -4.19607744e-01  1.56906298e-01 -2.11211671e-01
  3.75821407e-02 -8.66144113e-02 -1.25012795e-02 -9.20227741e-02
 -1.34905912e-01 -1.22055111e-01 -1.21180627e-01 -3.16151410e-01
 -3.65469145e-01  8.87027979e-02  1.82220347e-01 -5.35955715e-02
  4.20424777e-02 -1.88199225e-01 -9.51581324e-02  5.20220650e-02
  4.85177065e-02  1.44795371e-01 -2.89875030e-02 -4.46815560e-01
  1.85174805e-03 -5.05689323e-01 -9.80502913e-02 -8.51663512e-02
  1.28009262e-01 -6.61256303e-01  1.70222171e-01  1.10861678e-01
 -1.19628803e-01 -8.38665292e-02 -1.78192412e-01  6.68630861e-02
  7.71154134e-02  7.73162171e-02  1.19707599e-01  1.77244904e-02
  3.98124272e-02 -2.56741631e-01 -5.14930634e-02  4.88215995e-02
  3.29739218e-01  5.10578143e-02 -4.00815894e-01  1.75855380e-01
 -1.95258657e-01  4.16774775e-01 -2.87088543e-01  5.57015558e-01
 -2.65910186e-01 -3.74950151e-01 -1.14164847e-01  2.21473460e-02
  1.91869587e-01  4.54111338e-01  5.45062808e-02 -1.41476455e-01
  3.60401839e-01  1.48659680e-01 -2.32862716e-01 -2.53045359e-02
  2.82581647e-01  9.41120554e-02 -6.28664204e-02  5.23198088e-01
  2.10917634e-01 -5.98075956e-01 -2.83647023e-01  2.66086563e-01
 -1.60910209e-01  1.59362343e-01  1.81926390e-01 -4.32279588e-02
  4.04534824e-01 -9.29151413e-02  1.77078235e-01  2.80362507e-01
 -6.56325966e-02 -3.88473620e-02 -3.93632938e-02  2.76829839e-01
 -1.39339946e-01  8.75348921e-02 -3.08024923e-01  6.20565706e-02
  3.49306539e-01 -1.75079589e-01  3.56944983e-01  2.28552222e-01
  3.69075889e-01 -2.68436318e-01 -8.46688480e-04  7.93201387e-01
 -5.67599212e-02 -1.39414653e-01 -3.62672895e-01 -1.10431450e-03
  2.46440098e-01 -3.63146181e-01 -9.48056070e-02 -7.47920821e-01
 -4.24148618e-02  3.70450223e-01 -3.27267215e-01 -1.51248239e-01
  3.54012991e-01  8.71951715e-03  1.38495705e-01  2.30149509e-02
  1.71273318e-02 -3.85185642e-02 -1.80719859e-02 -1.54584333e-01
 -2.07681544e-01  1.80557764e-01 -5.69118659e-01 -4.28883607e-01
 -3.46513279e-01 -2.01183926e-01  3.32331747e-02  1.39399353e-01
  1.27211573e-01 -1.43754231e-01 -3.41663236e-01 -2.11633497e-01
 -4.34029202e-02  4.98728101e-01 -1.61649370e-01 -2.07136540e-02
 -1.37822784e-01 -2.65998622e-01 -3.61157700e-01  6.98373603e-02
 -2.86359936e-01 -7.94103357e-02  3.78481398e-01 -9.14365351e-02
 -3.64640905e-02 -2.21392701e-01 -2.01815757e-01  3.80496611e-01
 -1.45715607e-01 -8.92081323e-02  5.04531925e-01  4.30351850e-02
  1.96027006e-02  7.15829083e-02 -5.75754344e-01  2.07956721e-01
 -7.30486574e-02  6.36107506e-03  3.41812149e-01 -1.14682762e-01
  1.89408831e-01  3.58998686e-01 -4.83866458e-02  1.09124601e-01
  1.65440799e-01 -2.25823047e-01  1.53922560e-01 -2.18416952e-02
  1.25350755e-01  2.81796934e-03  2.21534731e-01  9.47598703e-02
 -6.60810635e-02 -6.77773046e-02  4.11441053e-01  5.18385887e-01
 -1.89044132e-02 -2.83792727e-01 -9.50909592e-02 -2.97010218e-01
  8.79833583e-02 -1.36624190e-01  1.08817880e-01 -7.39376607e-02
  2.77655199e-01 -5.76522537e-02  5.80155187e-02  5.39192005e-02
 -8.45820988e-02  1.08319524e-01  3.93093000e-01  2.09847676e-01
 -5.76940691e-02 -5.50685048e-01 -2.38544504e-01  4.88183374e-02
  3.70909487e-01  6.72504616e-04  1.69741722e-02 -1.71112257e-01
 -2.21426024e-01  1.20447850e-01  3.52808918e-01 -1.30041902e-01
  7.27467636e-02 -5.88202799e-02 -1.26656692e-01  2.44890295e-01
  1.14646303e-01 -1.44756541e-01 -3.05567674e-01  3.53793616e-01
 -1.56866954e-01 -1.72791931e-01 -3.22668379e-01 -1.19515102e-01
 -6.08908112e-02 -1.22414498e-02  2.66463498e-01  3.44935892e-01
  1.36977392e-01  1.86246290e-02  2.24182067e-01 -4.04079636e-01
  3.75898118e-01 -1.22119325e-02 -1.29449600e-01  6.17214752e-02
  3.79685468e-02 -1.21671327e-01 -4.95461163e-02 -9.40285924e-02
  4.19230337e-01  8.24586426e-03 -3.22684561e-01 -1.05043881e-01]


第4类： ['一个终端接入就可以吧', '个帐号接入', '主要是会议室接入', '人左右接入', '人左右接入', '什么是国外的接入', '以内的客户端接入', '你所谓的终端接入数', '可以每个办事处接入终端数吗', '同时接入终端数量大概', '同时需要满足移动终端接入', '国外也可接入', '国外接入效果怎么样', '如果接入超过', '对方如何接入', '微信公众号接入', '我们公司只需要一个终端接入', '我要国外接入的', '接入方估计最多', '接入的方法', '方的接入大概多少钱', '是主持方接入', '是否可以接入宝利通硬件终端', '没有国外的接入', '浏览器怎么接入', '的接入号码', '终端接入数不固定', '终端接入数是指参会的人数吗', '终端接入数目前是', '那么接入到的终端包括', '限制接入人数吗']
语义向量：[-1.83339456e-02  5.66460495e-02  1.46741620e-01 -1.36625198e-01
 -2.26265101e-01  1.22880127e-01 -1.62890142e-01  6.97469286e-02
 -4.54773137e-03  2.07893418e-02 -2.10371881e-01  3.37447014e-01
 -2.53325155e-01  4.65727946e-02  5.26609689e-02 -7.93622896e-02
 -9.80262248e-02 -3.33498421e-01  4.65543890e-02 -2.48147776e-02
  3.23170218e-01  2.18599141e-01 -1.34745468e-01 -2.32926192e-01
 -2.81857918e-01  7.87876999e-02 -1.32454313e-02 -2.01094878e-02
 -9.92744200e-05  1.40472008e-01 -7.18598820e-02 -1.37771328e-01
 -2.71009958e-01  2.86412285e-01  1.76534777e-01  9.02247636e-02
 -1.04198706e-01  1.63813807e-01  1.75953181e-01 -3.23244126e-01
 -3.71038621e-02 -2.83594652e-01 -1.18090606e-01 -1.16421094e-01
 -1.51008264e-01  2.77921418e-01 -4.82204669e-02 -7.22588632e-02
 -8.65545123e-02 -5.74239290e-02 -5.82361056e-03  1.31539518e-01
  2.58414940e-01 -5.06804503e-02  1.16179232e-02 -1.46870321e-03
  1.44761268e-01 -8.34725807e-02 -3.98018857e-02 -1.49936917e-01
 -3.01037706e-02  7.72589920e-02 -5.04420784e-02 -1.94081244e-01
 -2.04817912e-01  4.82839000e-02 -1.91987668e-01 -8.30971155e-02
  2.31708936e-01 -1.66716911e-01  1.15033253e-01 -1.98161318e-01
  3.12303170e-03 -2.19040213e-01  4.61856265e-02 -5.75038704e-02
 -5.57939749e-02 -1.64187066e-01 -5.46502798e-02 -1.89197077e-01
 -2.25614918e-01  8.22612701e-02  1.26504981e-01 -1.29164039e-01
  1.47794848e-03 -1.37007610e-01 -1.05936326e-01  1.15721620e-02
  1.16729728e-01  6.33299550e-02  4.28080334e-02 -3.29672418e-01
  1.58164052e-02 -2.84583271e-01 -2.58730469e-02  4.94664518e-02
  1.09097937e-01 -5.38348259e-01  1.25560277e-01  6.20842660e-02
 -7.95604279e-02 -9.70016915e-03 -1.72592160e-01 -3.53160333e-02
  2.79337726e-02  3.99985615e-03  2.61293645e-01 -3.05122520e-02
 -2.66394890e-02 -2.85865952e-02  1.68962434e-02  3.69864542e-02
  2.60158571e-01 -8.98143096e-02 -3.72768171e-01 -9.65104330e-02
 -2.13667865e-01  3.55635809e-01 -6.18137591e-02  4.03109581e-01
 -3.30228859e-01 -2.38439576e-01  4.62827497e-02 -1.87070842e-02
 -3.16053938e-03  4.66554902e-01 -1.17208004e-02 -5.96042438e-02
  1.52787707e-01 -3.69477711e-02 -2.02326580e-01 -3.03518403e-02
  1.02962278e-01  2.50976072e-02 -5.32469601e-02  4.12761076e-01
  2.25268362e-01 -3.38904752e-01 -1.65372029e-01  1.82565056e-01
 -8.25825095e-02  1.99942587e-01 -3.50149926e-02 -6.08817338e-02
  2.09056946e-01 -1.49572719e-01  1.12050382e-01  2.65851940e-01
 -5.64529075e-02 -8.65530099e-02 -2.13341791e-02  1.90117684e-01
  7.30105239e-02  1.03943306e-01 -2.11664701e-01 -4.29653037e-03
  3.58123757e-01 -1.62287944e-01  1.45876861e-01  3.08482268e-01
  1.93320673e-01 -2.65111779e-01 -5.97455745e-02  5.80544179e-01
 -2.93811067e-02 -1.41420161e-01 -1.60326536e-01  7.71375648e-03
  1.07352347e-01 -2.10464658e-01  8.17385950e-03 -5.04907686e-01
 -2.90875632e-02  2.62191547e-01 -3.31120316e-01  8.67170725e-04
  2.35879507e-01 -8.29028895e-02 -8.76908821e-02  2.76510798e-02
 -2.76294036e-02 -2.13447087e-04 -1.09752437e-01 -1.16473164e-01
 -1.75028702e-01  4.14833900e-02 -3.47064025e-01 -2.30749905e-01
 -1.17148273e-01 -1.22126308e-01  8.49998764e-02  1.37142993e-01
  4.00148101e-02 -1.63752034e-01 -1.40043820e-01 -8.44238078e-02
 -1.77267072e-01  2.72996141e-01 -3.53303411e-02 -1.72368046e-03
 -9.37107984e-02 -1.31568155e-01 -2.02998102e-01  5.47161706e-02
 -2.42476320e-01  7.21443758e-03  2.66762775e-01 -1.89808241e-01
 -1.03448911e-01 -1.69639354e-01 -1.60541955e-01  2.72470970e-01
 -1.88679267e-01 -2.39067988e-01  2.10325041e-01  8.14404902e-02
  1.42954438e-01 -1.80324579e-02 -2.16800324e-01  1.02759708e-01
 -2.55297326e-02 -8.23639817e-03  1.63351035e-01 -9.90616224e-02
  1.79711795e-01  1.89144842e-01 -6.64247045e-02  1.15089748e-01
  1.82466070e-01 -1.96432764e-02  1.02734666e-01  2.93757769e-02
  1.58623937e-01 -2.86140895e-02  1.51563310e-01  1.28332815e-01
  1.56815128e-02  4.32190213e-02  2.94915314e-01  3.24886085e-01
 -5.24146113e-02 -9.34577650e-02 -7.16500303e-02 -2.53375207e-01
 -3.83220735e-02 -1.06342350e-01  7.59021170e-02 -8.64610598e-02
  1.87784693e-01 -1.46834511e-01  8.82724530e-02 -8.37603850e-03
 -3.10597440e-02  2.70398588e-02  1.84859755e-01  1.76291738e-01
 -3.26438224e-03 -3.01884609e-01 -1.35509956e-01  1.41826059e-01
  1.76867821e-01  7.62234159e-02  1.19070207e-02 -1.98087174e-02
 -1.37451898e-01  3.86706135e-02  1.48490599e-01 -4.87406422e-02
  1.07497559e-01 -1.64036149e-02  4.22633689e-03  1.42595086e-01
  1.31467861e-01 -3.45381100e-02 -2.12668137e-01  1.69264302e-01
 -1.94372679e-01 -7.87862897e-02 -1.74312773e-01 -5.93148749e-02
  1.40854043e-03  3.00160654e-02  2.09091551e-01  1.74834116e-01
  1.07084551e-01  3.07988486e-02  6.23931204e-02 -1.64367911e-01
  2.22174354e-01 -8.26346052e-02 -7.81922653e-02  4.03734021e-02
 -4.24103290e-02 -1.38879340e-02 -1.40204549e-02 -2.35085592e-02
  4.50360316e-01 -1.47777464e-02 -1.56798797e-01 -1.54098173e-01]


第5类： ['个人接入', '接入的话', '接入终端数在', '接入音频', '方接入一年', '方接入的话', '是能接入语音接入', '有国外接入', '没有国外接入', '没有国外接入', '没有国外接入', '热线电话接入', '终端接入数大概']
语义向量：[-0.0047889   0.07174652  0.19749817 -0.24794299 -0.32747081  0.14420594
 -0.27300996  0.05744891  0.02541306  0.02436082 -0.33125534  0.50845178
 -0.36620281  0.05210123  0.05377936 -0.08575115 -0.16699147 -0.47446468
  0.05371562 -0.00865633  0.45145681  0.30316895 -0.21545329 -0.32521872
 -0.40190096  0.1277904  -0.03620433 -0.06649209 -0.01728032  0.19587361
 -0.10468075 -0.24092997 -0.41242728  0.41953784  0.29144381  0.10037826
 -0.12507582  0.20966991  0.25800725 -0.45803852 -0.0786645  -0.4542452
 -0.1800084  -0.17028755 -0.25358858  0.42006526 -0.0947698  -0.08410004
 -0.15291414 -0.08541901  0.01902705  0.22617373  0.389648   -0.07245597
  0.0422449  -0.0251893   0.20927232 -0.12438964 -0.07920013 -0.19976405
 -0.03482308  0.12404521 -0.0946805  -0.30688825 -0.30741463  0.03169869
 -0.26311909 -0.10281022  0.33046798 -0.25585336  0.15514554 -0.30882998
 -0.03705907 -0.29801986  0.08370994 -0.0460822  -0.122936   -0.23099074
 -0.1104312  -0.30812408 -0.26493513  0.13850624  0.22688543 -0.16880249
  0.01203462 -0.20745388 -0.19597083  0.01653648  0.21330141  0.0984359
  0.01254379 -0.49859259  0.07258294 -0.41959036  0.01819263  0.06892903
  0.15906384 -0.81189639  0.17568278  0.06609277 -0.13725365  0.00600113
 -0.23265906 -0.03221503  0.04925597  0.03902146  0.35167739 -0.03562493
 -0.01890332 -0.07101155  0.03657491  0.04958176  0.42511409 -0.08503703
 -0.57110298 -0.10739304 -0.32659892  0.5101804  -0.10053763  0.59003889
 -0.45258318 -0.32417272  0.09241287 -0.01173101  0.02200154  0.71022825
 -0.00678081 -0.09838142  0.25115554 -0.07353056 -0.32764945 -0.02755068
  0.15463073  0.04819453 -0.06441154  0.61906355  0.32119327 -0.54672395
 -0.23977365  0.31778035 -0.12525861  0.26204918 -0.00817778 -0.03909711
  0.29168904 -0.22446629  0.22551782  0.351338   -0.07603766 -0.15180688
 -0.0267956   0.33253715  0.06464177  0.16214337 -0.30687949 -0.03647819
  0.51251261 -0.23704401  0.24170104  0.40628727  0.27741652 -0.41750176
 -0.10040892  0.84089617 -0.00462353 -0.2200804  -0.25012604  0.01220803
  0.1981797  -0.31711172 -0.00308991 -0.78076416 -0.0492985   0.36219226
 -0.47462565 -0.02743876  0.40985679 -0.09977798 -0.10879346  0.03438736
 -0.05898941 -0.00766637 -0.16993276 -0.22596868 -0.240553    0.06503366
 -0.54472176 -0.39246499 -0.16960807 -0.20698404  0.147643    0.19088481
  0.05672054 -0.23286143 -0.23642104 -0.11722824 -0.24472301  0.42344169
 -0.04922274 -0.02696733 -0.13512399 -0.24683204 -0.30762725  0.07152087
 -0.34559494 -0.02809281  0.44237521 -0.23978817 -0.13771996 -0.2376088
 -0.25243264  0.45354188 -0.28118021 -0.30514057  0.32553349  0.12002417
  0.19166952  0.00152693 -0.38584049  0.20366    -0.05504034 -0.02577034
  0.24942596 -0.10825393  0.26136942  0.32028424 -0.09293557  0.18201756
  0.24782766 -0.07470827  0.17322825  0.02181192  0.24164624 -0.05163637
  0.21083977  0.16194535  0.05072057  0.02633409  0.45497819  0.52043123
 -0.08345495 -0.10694398 -0.1246523  -0.35877081 -0.06795757 -0.11972996
  0.13931407 -0.17217456  0.29202748 -0.22274283  0.0788809  -0.04263274
 -0.0360156   0.01925309  0.32583735  0.27177218 -0.01682443 -0.47459231
 -0.20893068  0.18390933  0.29606284  0.09714897 -0.0259493  -0.05032263
 -0.22084823  0.06435819  0.2647661  -0.11682688  0.14828694 -0.06177577
  0.02287306  0.21769545  0.235317   -0.05995871 -0.2938334   0.26936636
 -0.28771694 -0.12957399 -0.30252323 -0.05846285  0.00091455  0.04443198
  0.33164363  0.25857515  0.15662969  0.10003602  0.11153401 -0.28357736
  0.34261823 -0.10974401 -0.09408063  0.05645085 -0.04876221 -0.00519237
 -0.05477697 -0.05308945  0.60845136 -0.02918524 -0.25816012 -0.24416738]


