第1类： ['不太清楚下一步操作', '不知道该怎么操作', '但我们想了解怎么操作', '你们公司可以操作吗', '你们操作太复杂了', '你们有操作说明没', '你们的操作模式是什么样的', '你们那边有操作指引吗', '你把操作说明发给我一份', '你的操作指南上面有吗', '你能把简单的操作发给我看下吗', '具体是怎么操作呢', '具体是怎么操作的呢', '只收到你发给我的操作指南', '只有打开文件的时候才能操作转化', '可以操作语音群呼吗', '咱们这个是怎么操作的', '国外他需要怎么操作', '在你们平台上面操作半天了还不清楚怎么支付', '如果要操作的有没有方案', '它是怎样操作的', '就是具体的操作流程', '就是我在后台操作吗', '就是机器指示人工操作的时候', '就是说对方可以看到我操作的', '怎么操作能告诉我一声吗', '我不清楚该怎么操作', '我就是远程操作桌面', '我就自己操作了', '我应该怎么操作呢', '我是了解发起方和参与者分别是怎么操作的', '我是想让你同事操作我的键盘和鼠标', '我看了下你发过来的操作说明书', '我要的是我的客户操作简单', '我这边看着再操作一下', '所以你们这是怎么操作', '按照提示操作的话会死机', '按这个操作赶紧不太对', '是你们帮我们连接还是我们自己操作', '是怎么样的一个操作流程呢', '是怎样操作的啊', '是说有网址就能打还是怎么操作', '有点搞不懂你们这个操作', '有远程控制操作吗', '比如录播存到本地硬盘的操作之类的', '能不能教我音频怎么操作', '能帮操作一下吗', '能给我截个图怎么操作吗', 'cF司s後若用粢上操作', '具w是如何操作的', '说按照操作两个步骤', '请按以下流程操作以快速加入所有', '请问你们有没有英文的首次操作指南', '还是说共享等操作必须主持人发起', '还需要操作什么吗', '这个是怎么操作的', '这个是怎么操作的', '这个有什么案例或者操作的说明吗', '这应该怎么操作呢', '这样客户操作较方便', '进去是中文老外不会操作啊', '那你教我操作一下', '那参加者要怎么操作啊', '那可以直接用笔记本操作', '那我应该要怎么操作啊', '那我应该要怎么操作啊', '那我需要怎么操作呢', '那是需要怎么操作呢', '问个简单的操作问题', '需要我做什么操作', '麻烦你告诉我怎么操作', '麻烦你帮我操作一下可以么', '麻烦你给我发一个新版的操作指南吧', '麻烦把如何操作告诉我一下']
语义向量：[ 5.71466697e-02 -3.68208194e-03 -1.14315912e-01 -4.58497028e-02
 -1.38883117e-02  2.65809896e-02 -1.22644091e-01  8.89971114e-02
  5.99184581e-02  2.76257648e-02  5.67353831e-02  5.66750294e-02
 -3.44617271e-02 -2.58962928e-02  5.00624554e-02 -7.79368670e-03
  1.47964788e-02 -6.32582091e-02  5.35038400e-02  5.18056956e-03
 -6.24682562e-02 -1.28419453e-02  7.39661347e-02  4.71963645e-02
 -2.70185298e-02  1.17172687e-01  6.65378876e-03  1.43378471e-02
 -1.42463090e-02 -5.02682787e-02  2.02841803e-02  5.04976726e-02
 -1.07724748e-02  3.22440812e-04  2.78653828e-02 -3.54496362e-02
 -1.26495024e-01 -1.45460282e-01  1.16893189e-01 -7.84428897e-02
  4.02284939e-02 -1.87769472e-02  3.53656466e-02  5.71338656e-02
 -6.12685856e-02  1.01224898e-01 -9.36271940e-02 -5.67480369e-02
  1.04172244e-01  1.17880794e-02  1.24051492e-01  2.51437068e-02
  2.00215560e-01 -1.23055485e-01  9.18819275e-02  6.32119120e-03
  1.46750119e-02  2.09143723e-02 -9.35722266e-02  1.77917590e-02
  2.10346921e-02 -9.90157068e-03 -7.12376465e-02  2.34065738e-02
  7.53480980e-03 -1.92790876e-02 -8.12439688e-02 -1.66309357e-01
 -3.10225403e-02  3.25572129e-02 -8.99907849e-02  1.47884809e-01
  4.15372801e-02  2.17488329e-02 -9.47455240e-02 -1.23587566e-01
  1.06712583e-02 -6.19484577e-03 -5.94038740e-02 -1.40861790e-01
  9.18650498e-03 -4.25333560e-02  2.97975506e-02  6.74333196e-02
 -1.03292835e-01  5.79776593e-02 -9.80925018e-02 -5.45489079e-02
  5.87614804e-02  9.75428170e-02  6.02216161e-02  5.76372693e-02
 -9.60479659e-02  2.15424497e-02  1.19112644e-01  6.40120553e-02
 -6.44320453e-02 -2.31947172e-02 -1.05927235e-01 -2.43040963e-02
  8.63782638e-02  1.41706395e-01 -2.18126100e-02  7.28916804e-02
 -6.26353417e-02 -4.23100287e-02  2.71269323e-02 -4.40318798e-02
  6.62993092e-02 -3.60583555e-02  8.77937429e-02 -3.97567872e-02
 -1.00433988e-02 -2.71527832e-02  1.41295483e-02  2.89707282e-02
 -1.49054966e-02 -9.31449982e-03 -3.37360904e-02  1.89313424e-02
  4.34384031e-02 -8.20516684e-02 -1.26014495e-02 -5.47047433e-02
  3.24718393e-02 -8.81642539e-02 -1.96846776e-02  1.20768703e-01
  8.45764824e-03  5.64698965e-02 -1.99782037e-02 -1.56185547e-02
  1.27524820e-03  8.77252095e-03  4.31636136e-02  2.78444095e-02
 -5.45652117e-02 -3.05415327e-03 -4.77117124e-02  6.06180594e-02
 -3.72747626e-02  7.53103934e-03 -7.12037744e-02 -1.76131292e-02
  1.37513663e-01 -2.99003092e-02 -8.79822777e-02 -2.26081126e-02
  3.21649676e-02  9.68584286e-03 -9.56939923e-02  1.37065586e-01
 -3.91222121e-02  7.77719625e-02  8.08649487e-02 -2.37525338e-02
  7.02004556e-02  2.91419369e-02 -2.30063413e-03  1.12776805e-01
 -5.20260301e-02 -1.29258223e-01  7.22045456e-02  1.74035693e-02
 -4.18741781e-02  9.80480203e-02 -1.43460721e-01 -6.71272008e-02
  4.52056716e-02  9.04893129e-03 -5.06446159e-02 -9.66480613e-02
 -3.76637725e-02  5.75885282e-02 -4.52949794e-02  9.11927154e-02
 -5.77207927e-02  6.43217429e-02  5.40112576e-04  2.20466243e-02
  2.03567033e-02  2.10400573e-02 -7.73966064e-02 -1.20428225e-02
 -1.11532216e-02 -6.32969371e-02  1.45113247e-01 -1.07898847e-01
  1.04658170e-03  2.76792379e-02  3.74892606e-02 -1.11910303e-01
  3.23755740e-02 -1.25216766e-01 -6.43289939e-02  2.32242047e-02
 -2.87718498e-02  1.28004694e-01  3.05832794e-02  2.72020577e-02
 -4.73833579e-02 -8.26887924e-02 -5.54491093e-02 -4.56193129e-02
 -7.99565895e-02  7.19872551e-02 -1.07805178e-01  1.62426981e-01
 -1.24207156e-02 -2.32092848e-03  6.65545737e-02  1.66466915e-03
 -1.06378535e-02 -5.11187193e-02 -5.10761325e-02 -5.55676328e-04
 -7.53722645e-02 -2.06671764e-02 -1.17939745e-01 -7.25788347e-02
  2.35562893e-01  5.91916307e-03  4.09581208e-03  2.80885779e-02
  1.14456036e-01  7.44848258e-02  6.10478829e-04  1.63641277e-02
 -3.49944145e-02  2.27193486e-01  3.39136415e-02 -2.46063827e-02
  8.32263810e-02 -1.06111456e-02  3.24123669e-02  5.03308534e-02
  5.58893720e-02 -1.09661034e-02 -5.62281493e-02  5.77481131e-02
 -2.36625077e-02  4.09970288e-02  3.18205999e-02 -9.57552017e-02
 -6.23826987e-02  1.17851338e-01  2.57390884e-02 -3.12684046e-02
 -7.98093073e-02  5.84651181e-05 -2.51727246e-02 -1.19780269e-01
 -2.18625815e-02  4.38729679e-02 -2.78966877e-02 -1.01327044e-01
  4.33295626e-03  3.31700922e-02  3.28901955e-02  2.70485243e-02
  1.18074585e-01 -5.78949803e-02 -7.83081495e-02 -6.50799891e-02
 -8.90699658e-02 -7.43349881e-03 -7.26709820e-02  5.60645046e-02
  9.91831417e-02  3.02697939e-02  7.98322329e-02  1.94311421e-02
  1.01861864e-01  1.02983186e-01 -1.12824741e-01 -1.00071133e-01
 -7.93575069e-02  1.87561860e-01  4.38873993e-02  2.07432510e-02
 -2.79368116e-02 -5.89218751e-02 -3.39684276e-02  6.57565171e-02
 -2.35749777e-02 -7.20154494e-02 -3.63653753e-02  1.17967955e-02
  9.37688833e-02 -4.21567773e-02 -1.27117932e-01  1.66311690e-03
  8.85972754e-02 -1.28319099e-01  4.38924635e-02  2.82172628e-03
  2.11072532e-02 -1.68467806e-02  3.33567819e-02 -9.66097922e-02]


第2类： ['不是网上操作么', '不然没法操作', '之后该怎么操作', '也没有操作过', '他在操作', '共享文件怎么操作', '具体如何操作', '具体怎么操作', '具体怎么操作', '具体怎么操作', '具体怎么操作', '具体怎么操作的', '及如何操作', '可以操作么', '在哪里操作', '如何操作呢', '如何操作呢', '就是看看操作便利性', '应该怎么操作', '怎么操作呢', '怎么操作呢', '怎么操作呢', '怎么操作呢', '怎么操作呢', '怎么操作呢', '怎么操作的', '怎么操作的呢', '怎么是怎么操作', '怎么设置操作呢', '性能和操作方面', '我们操作的是', '我在操作', '我按照提示操作', '我整个怎么操作', '我要怎么操作', '我该怎么操作呢', '我该怎样操作', '我需要怎么操作', '执行不了任何操作', '接下来怎么操作', '操作复杂吗', '操作对吗', '操作应该没问题', '操作流程是', '操作简单吗', '操作简单吗', '是如何操作呢', '是如何操作的', '是怎么操作的', '有操作教程吗', '有没有操作指引', '没有操作流程啊', '然后如何操作', '然后怎么操作', '然后怎么操作', '然后怎么操作', '然后怎么操作', '然后是如何操作', '认证如何操作', '请问怎么操作', '这个怎么操作', '这个怎么操作', '这个是怎么操作', '这么操作对么', '那具体怎么操作', '那怎么操作', '需要如何操作', '需要怎么操作']
语义向量：[ 0.10814366 -0.01226503 -0.20352784 -0.08871484 -0.01576704  0.04962342
 -0.21903816  0.1570415   0.12374072  0.05890456  0.11312876  0.09561291
 -0.05377891 -0.03952742  0.09343568 -0.01398199  0.03612447 -0.10912479
  0.10968395  0.01661403 -0.11560184 -0.04080519  0.14676988  0.09153093
 -0.0218923   0.20493976  0.01824428  0.03558935 -0.0248354  -0.096649
  0.05565327  0.10128089  0.0019371   0.00748202  0.05704722 -0.07326783
 -0.23407577 -0.27012241  0.21191644 -0.14278007  0.09428845 -0.03865024
  0.07977681  0.0901244  -0.10321067  0.18397538 -0.1671239  -0.0960591
  0.20029859  0.02258773  0.23811722  0.03676556  0.36459817 -0.23287132
  0.17775585  0.0092949   0.01546916  0.04395707 -0.17711973  0.03295676
  0.02536109 -0.02904081 -0.12457497  0.05921429  0.01132001 -0.03877562
 -0.15429113 -0.29619799 -0.06824013  0.07632231 -0.17193299  0.26724992
  0.07492305  0.0390238  -0.19202816 -0.22083185  0.02457949 -0.01816893
 -0.10301166 -0.26078017  0.02992278 -0.08659067  0.05197098  0.11785712
 -0.18673449  0.10766938 -0.18653501 -0.10317976  0.12450284  0.18170301
  0.11878337  0.10964387 -0.17962744  0.05134386  0.22169572  0.13515698
 -0.12554239 -0.04063989 -0.20082334 -0.05579576  0.15488394  0.26396771
 -0.03498166  0.12490671 -0.12211684 -0.08214111  0.05111468 -0.08775809
  0.13151045 -0.05124721  0.16787822 -0.07071545 -0.03288623 -0.05670492
  0.02825847  0.06054967 -0.01653679 -0.03050417 -0.06091949  0.04069071
  0.09004455 -0.14866791 -0.0151102  -0.0907233   0.05524175 -0.17764814
 -0.04248535  0.22239256  0.00615217  0.10228463 -0.03226142 -0.02337099
 -0.0135573   0.01114569  0.07535094  0.03223784 -0.10246165  0.01658146
 -0.07722331  0.09620085 -0.06126831  0.00141293 -0.14015674 -0.02865374
  0.24593424 -0.03795666 -0.16780673 -0.056618    0.04908271  0.01432044
 -0.18079427  0.24827208 -0.06496473  0.15369661  0.15677233 -0.05552369
  0.13358167  0.07627712 -0.00951532  0.19175264 -0.11156057 -0.23942357
  0.12745637  0.00542815 -0.07353094  0.17780716 -0.25349226 -0.12308035
  0.08826767  0.03019047 -0.09299406 -0.1727426  -0.0722323   0.09569284
 -0.08765232  0.17896338 -0.10454939  0.10936856 -0.00290025  0.04089113
  0.03202733  0.03622295 -0.15272801 -0.01345802 -0.01387956 -0.13189251
  0.27962075 -0.2022892   0.01795918  0.05386127  0.07552222 -0.22605572
  0.06375994 -0.23294987 -0.1151908   0.05372541 -0.05623775  0.22956209
  0.06857186  0.05578086 -0.08068139 -0.14655001 -0.09904563 -0.08321931
 -0.14061551  0.13170041 -0.21447668  0.30320283 -0.02516009 -0.00749255
  0.11831228  0.00101428 -0.01521242 -0.09465809 -0.09970093 -0.00368235
 -0.15223936 -0.03349366 -0.20629064 -0.13985584  0.4356849   0.01044544
 -0.0036069   0.06732464  0.21820972  0.13070075  0.001819    0.03357056
 -0.08025201  0.4284277   0.05634373 -0.0451828   0.15816302 -0.03045179
  0.0441088   0.08962626  0.12326247 -0.02012076 -0.10721256  0.09545877
 -0.04543386  0.09050985  0.07334279 -0.17454407 -0.12145605  0.22840828
  0.03902143 -0.05545302 -0.16006744  0.00647607 -0.04458223 -0.21954852
 -0.0375948   0.09246544 -0.06681791 -0.19508465  0.01555003  0.07549214
  0.08195599  0.05344782  0.20212842 -0.10253684 -0.14629326 -0.10880254
 -0.16836222 -0.00732621 -0.14635771  0.10263879  0.19057551  0.06482687
  0.15600413  0.02779819  0.19346902  0.19539907 -0.20344929 -0.18742067
 -0.15427943  0.36110718  0.07592862  0.04426815 -0.05393832 -0.10224032
 -0.06966469  0.11887932 -0.05242879 -0.12646249 -0.07203028  0.0347865
  0.16324554 -0.08713624 -0.24047405 -0.00513964  0.16939662 -0.24193913
  0.07971238  0.02086228  0.02080351 -0.02934863  0.06449443 -0.17915269]


第3类： ['如何操作', '如何操作', '如何操作', '如何操作', '如何操作', '如何操作', '如何操作', '如何操作', '如何操作', '怎么操作', '怎么操作', '怎么操作', '怎么操作', '怎么操作', '怎么操作', '怎么操作', '怎么操作', '怎么操作', '怎么操作', '怎么操作', '怎么操作', '怎么操作', '怎么操作', '怎么操作', '怎么样操作', '怎样操作', '操作方面怎么操作的']
语义向量：[ 1.81599035e-01 -1.66587120e-02 -3.27646568e-01 -1.47225908e-01
 -2.24035119e-02  8.05572534e-02 -3.59007545e-01  2.55382141e-01
  2.02755464e-01  9.41742796e-02  1.82377965e-01  1.56385891e-01
 -8.67375955e-02 -6.40544091e-02  1.48691327e-01 -2.25904812e-02
  5.83836047e-02 -1.81709478e-01  1.76841971e-01  2.94140081e-02
 -1.88671343e-01 -6.66514016e-02  2.40272596e-01  1.51592281e-01
 -3.08231887e-02  3.31653924e-01  3.45751414e-02  6.35711893e-02
 -3.40332061e-02 -1.58289933e-01  9.41484024e-02  1.62071196e-01
  6.87835579e-03  1.17383919e-02  9.37803352e-02 -1.19461944e-01
 -3.88378012e-01 -4.44293362e-01  3.44902568e-01 -2.32739917e-01
  1.58734558e-01 -6.69615142e-02  1.33530429e-01  1.47161537e-01
 -1.66888699e-01  3.03364333e-01 -2.74527415e-01 -1.54444638e-01
  3.32494774e-01  3.71614620e-02  3.86453577e-01  6.06867390e-02
  5.97752817e-01 -3.78954105e-01  2.89000289e-01  1.01738587e-02
  2.27304910e-02  7.76992868e-02 -2.87904840e-01  5.73218877e-02
  3.74913283e-02 -5.10103468e-02 -2.04294069e-01  1.05776594e-01
  1.55885860e-02 -6.40403237e-02 -2.52973724e-01 -4.84991129e-01
 -1.11815432e-01  1.27451917e-01 -2.82873514e-01  4.29145983e-01
  1.22093076e-01  6.32513257e-02 -3.21750963e-01 -3.59182987e-01
  3.84531656e-02 -3.20903490e-02 -1.66641550e-01 -4.31030502e-01
  4.84971706e-02 -1.38750507e-01  7.98218885e-02  1.90729630e-01
 -3.02540182e-01  1.76005330e-01 -3.04685564e-01 -1.72992483e-01
  2.04125836e-01  2.97165147e-01  2.00316299e-01  1.80945937e-01
 -2.92532469e-01  8.46949705e-02  3.59378301e-01  2.23333546e-01
 -2.00793198e-01 -6.64105682e-02 -3.27198374e-01 -9.61584943e-02
  2.56493367e-01  4.35197654e-01 -5.70638787e-02  2.01275128e-01
 -2.01100874e-01 -1.35452090e-01  8.33886906e-02 -1.47138079e-01
  2.14416283e-01 -8.38622223e-02  2.72626857e-01 -1.12894416e-01
 -5.43363028e-02 -9.40952135e-02  4.66378500e-02  1.02274520e-01
 -2.68881273e-02 -5.41163761e-02 -9.66973933e-02  6.95768283e-02
  1.50185537e-01 -2.42031711e-01 -3.21224485e-02 -1.51503924e-01
  9.21003336e-02 -2.95281598e-01 -7.21259779e-02  3.64332669e-01
  1.11078728e-02  1.63632427e-01 -5.62338327e-02 -3.77529895e-02
 -2.99578239e-02  1.55118798e-02  1.22502150e-01  4.87268170e-02
 -1.67729195e-01  2.79417479e-02 -1.26283364e-01  1.63368249e-01
 -9.88817480e-02  4.58911734e-03 -2.31543610e-01 -5.07342501e-02
  4.01239309e-01 -5.65717434e-02 -2.75792479e-01 -8.97512295e-02
  7.63071422e-02  2.53442922e-02 -2.94590757e-01  4.08193162e-01
 -1.04470518e-01  2.54788991e-01  2.53063287e-01 -9.20676677e-02
  2.19361955e-01  1.28845933e-01 -1.27639852e-02  3.11391494e-01
 -1.88727789e-01 -3.88910921e-01  2.08084370e-01  3.29653029e-03
 -1.19486908e-01  2.93848856e-01 -4.08903767e-01 -2.02296324e-01
  1.44779952e-01  5.02480339e-02 -1.57214782e-01 -2.86580154e-01
 -1.18552090e-01  1.60649025e-01 -1.48543511e-01  2.91775872e-01
 -1.68335496e-01  1.78788433e-01 -2.07281078e-03  6.66538118e-02
  4.65016536e-02  5.56713908e-02 -2.49617839e-01 -2.53215373e-02
 -2.46052520e-02 -2.19212629e-01  4.56194527e-01 -3.30829104e-01
  2.83770641e-02  8.29480745e-02  1.25772434e-01 -3.68910108e-01
  1.09794392e-01 -3.84251224e-01 -1.90174819e-01  8.61252145e-02
 -8.81280515e-02  3.75440279e-01  1.11521270e-01  9.13255858e-02
 -1.26965303e-01 -2.44624197e-01 -1.62838774e-01 -1.37724397e-01
 -2.27446202e-01  2.15341650e-01 -3.53207399e-01  4.95649102e-01
 -4.16579987e-02 -1.37028618e-02  1.92560218e-01  5.44869900e-03
 -2.42142801e-02 -1.55155671e-01 -1.62241258e-01 -9.27823835e-04
 -2.51015766e-01 -5.85920874e-02 -3.40783753e-01 -2.26830742e-01
  7.12053540e-01  1.18587742e-02 -8.21977937e-03  1.13156826e-01
  3.61576292e-01  2.15623681e-01 -1.01247699e-05  5.40465552e-02
 -1.31664763e-01  6.99547205e-01  9.68310220e-02 -7.02372811e-02
  2.58544508e-01 -5.27693370e-02  7.28616861e-02  1.44263798e-01
  2.04932376e-01 -2.99275131e-02 -1.72477320e-01  1.61785496e-01
 -7.83845457e-02  1.50151311e-01  1.25057117e-01 -2.87325402e-01
 -1.96419121e-01  3.77248949e-01  6.55299064e-02 -9.40813208e-02
 -2.64865137e-01  1.35174176e-02 -6.89164934e-02 -3.54682592e-01
 -5.85498677e-02  1.50531690e-01 -1.12866160e-01 -3.18735990e-01
  2.15673183e-02  1.23435740e-01  1.42552471e-01  9.16164324e-02
  3.29521516e-01 -1.67493969e-01 -2.42505330e-01 -1.76987016e-01
 -2.75873408e-01 -1.16717761e-02 -2.41028934e-01  1.62318804e-01
  3.08150426e-01  1.07753538e-01  2.53968612e-01  4.94152618e-02
  3.17186384e-01  3.24540009e-01 -3.33123726e-01 -3.04078436e-01
 -2.53358348e-01  5.89200700e-01  1.18749723e-01  6.99056315e-02
 -9.05909720e-02 -1.65368262e-01 -1.14040320e-01  1.94840805e-01
 -8.48303715e-02 -2.02036663e-01 -1.18983690e-01  5.51157297e-02
  2.64348982e-01 -1.39546020e-01 -3.98758082e-01 -7.15344254e-03
  2.81244197e-01 -4.00557282e-01  1.30132484e-01  3.90538642e-02
  3.42384202e-02 -4.87079400e-02  1.05549294e-01 -2.91149829e-01]


第4类： ['我有操作指南', '操作指南有吗', '是操作指南', '有操作指南吗', '没有操作指南啊', '这个浏览器的操作指南']
语义向量：[ 0.07306041 -0.0384449  -0.28519207  0.00941088  0.04858189  0.04171341
 -0.49267383  0.40815247  0.00201237  0.06857583  0.11542815  0.16122317
 -0.12065477 -0.12760496  0.12603106  0.06314913  0.04492178 -0.06698642
 -0.01648795 -0.01338744 -0.12203158  0.09217508  0.19845907  0.18586011
 -0.24203358  0.35671018  0.06876552  0.10533234 -0.08226697 -0.09603276
 -0.06269311  0.18120486 -0.09515954 -0.03375531 -0.01454694  0.12991069
 -0.35254781 -0.14493603  0.13250354 -0.1996086  -0.0175511   0.1396548
 -0.05486226  0.17547297 -0.12831445  0.2609868  -0.11554227 -0.19989834
  0.24376496 -0.08784445  0.25054762  0.08882872  0.28026234 -0.17299468
  0.29301983  0.05349214 -0.03095905  0.06886879 -0.0497753   0.18248368
  0.11949531 -0.06162654 -0.10152305  0.1409796   0.22849346  0.09030054
 -0.19649788 -0.31397012  0.12170978  0.08558901 -0.25256269  0.31503955
  0.10719361  0.17727062 -0.13183732 -0.27338488  0.07442782 -0.09189536
 -0.15100285 -0.23753066 -0.10234004  0.04419559 -0.07814078  0.28966947
 -0.26044826  0.10695872 -0.19176658 -0.30932398  0.03811413  0.1289055
  0.04220825  0.31609364 -0.04492895  0.11230601  0.29092561  0.00263079
 -0.01914735  0.03818425 -0.12880519  0.15033742  0.25422578  0.27126127
 -0.14756974  0.12861683 -0.12639602 -0.16870552  0.12488272 -0.23780076
 -0.03561699 -0.19448948  0.11828408 -0.17113807  0.046454   -0.08939427
  0.08547089 -0.12657699 -0.1771488   0.03677767  0.13265434 -0.09349329
  0.03769182 -0.06172923 -0.09553046 -0.21209249 -0.05173642 -0.19051426
  0.10944222  0.27898711  0.06572629  0.05128714  0.01785162 -0.12583798
 -0.15711887 -0.00800617  0.07500432  0.00789574 -0.19130176  0.05441304
 -0.22017882  0.26748451  0.07494667  0.18828899 -0.13400849 -0.05095332
  0.20139056 -0.11975158  0.00549593 -0.18335619  0.14809877  0.0740191
 -0.21314426  0.32416289 -0.10010174  0.11849692  0.14920213 -0.08139992
  0.05508377  0.04031855 -0.08318     0.41260101 -0.13318569 -0.20979366
  0.22733399  0.02272105 -0.18721709  0.2540336  -0.26528901 -0.12590864
 -0.10761265  0.00145568 -0.06818585 -0.05664797  0.0791451   0.18671559
 -0.12326735  0.11930007 -0.11690431  0.10937398 -0.13001259  0.06678508
 -0.07549518  0.13500297 -0.2408244  -0.07437275 -0.10004687 -0.04647819
  0.44801921 -0.07096459 -0.13938053  0.05729767  0.07518081 -0.12876193
 -0.09314827 -0.1657228  -0.12858011  0.07146941  0.1054069   0.08347972
  0.17071264  0.0698004   0.03128039 -0.16003698 -0.18786225 -0.17787921
 -0.13897532  0.35365881 -0.20679983  0.28197072 -0.09148899  0.02808064
  0.07537307  0.1452511   0.02853006 -0.0174351  -0.22980929  0.01834886
 -0.01397402 -0.13466463 -0.24254145 -0.24978823  0.50718062 -0.06046155
  0.06967718 -0.1544241   0.17118535 -0.03108007 -0.16354194 -0.07676318
  0.08461149  0.54128188  0.13995101  0.15975783  0.0120467  -0.02908468
  0.24106159  0.11454707  0.02715555  0.09385817 -0.13958581  0.03624876
 -0.22351119  0.06627512 -0.11901894 -0.11809342 -0.09819457  0.27907153
  0.19187815  0.0030507  -0.15335816 -0.0660662  -0.02434404 -0.20304039
 -0.01017532  0.00646709  0.0116478  -0.06503276  0.00298436  0.13753613
  0.03380048  0.01619865  0.19875191 -0.10486243 -0.2207302  -0.00386938
 -0.11343226  0.01029158 -0.10665612  0.2142981   0.22320408  0.04983075
  0.2029137   0.14954091  0.01712226  0.16114701 -0.27004587 -0.34691009
 -0.07038348  0.29546047  0.19908736 -0.08881184  0.00678904 -0.30742151
  0.0033636   0.25917895 -0.04664939 -0.13212674 -0.24718842  0.13982209
  0.23933029  0.00554713 -0.11153138  0.09992592  0.08020202 -0.20516796
  0.14534591 -0.08342053  0.04445612  0.02773861  0.14981259 -0.0828969 ]


第5类： ['就是点击操作按钮', '点击了操作了']
语义向量：[-0.07424215 -0.08771861 -0.31028336 -0.19493447 -0.07135908  0.05736282
 -0.2851209   0.436463    0.03916959  0.29445139  0.21446854  0.19701597
  0.04971395 -0.02963004  0.32293388  0.16631112  0.26674345  0.02294634
  0.37350628  0.02627174 -0.0452328  -0.0672875   0.18051788  0.19692115
 -0.17360298  0.29816902 -0.10744696  0.10825087 -0.3425048  -0.29351884
  0.10757089  0.30626154 -0.16843854  0.28144515  0.26382238  0.05369021
 -0.20129794 -0.20950186  0.08857307 -0.13957265  0.03029257  0.09877393
 -0.04808011  0.21759684 -0.17289171  0.16720878 -0.23946041 -0.14968151
  0.08348844 -0.00583833  0.4396348  -0.070771    0.45361811 -0.39073393
  0.27645633  0.18047868 -0.06622288 -0.14494649 -0.16400126  0.11435521
  0.23820296 -0.1907392  -0.16806328 -0.07048522  0.13248079 -0.03284894
 -0.1910243  -0.3425315   0.09848903  0.18089947 -0.03648775  0.64191544
  0.24979402  0.12867564 -0.00137258 -0.04736039  0.08524439 -0.06476919
 -0.32595646 -0.27484122  0.14811929 -0.15321332 -0.03024541  0.45509985
 -0.49458766  0.17820084 -0.29061872 -0.1747444   0.0706853   0.2022144
 -0.10022721  0.25597119 -0.26074082  0.16406851  0.19353589  0.03279242
 -0.25098139  0.04350131 -0.27629736  0.07057667  0.22722249  0.35131815
 -0.05804312  0.11830677 -0.16829017 -0.26326263  0.06434942 -0.11142595
 -0.01661954 -0.09180911  0.27516693  0.1309751  -0.00513052 -0.04027091
 -0.08426648 -0.09653153  0.09728882  0.05430024  0.01799696 -0.14920042
  0.10114791 -0.15558907  0.31808236 -0.09324567 -0.0922166  -0.0990923
  0.17488191  0.14412826  0.00958042 -0.02482239 -0.03693627 -0.07478641
  0.10717028  0.0623935   0.26027742  0.12473862 -0.27876061  0.03338689
 -0.27645975  0.14158452 -0.06929722  0.03192654 -0.14499545  0.066615
  0.2581338  -0.24068825  0.12560718 -0.20320424  0.05553206 -0.03671934
 -0.39325249  0.28996024 -0.1208204   0.25074351  0.22197014  0.01278102
  0.11631472 -0.03301679 -0.02698723  0.27548108 -0.08184637 -0.38538522
  0.09249388 -0.03004149 -0.05525149  0.01111171 -0.38756257 -0.0388835
  0.0771858   0.07723524  0.04739151  0.00937805 -0.09821878 -0.06835847
  0.114788    0.30345172 -0.21977991  0.09590211 -0.13362201  0.17954907
  0.09051856  0.11035277 -0.20004134  0.12895873 -0.09833144 -0.23167096
  0.45014262 -0.16506174 -0.03893738  0.19365457 -0.07620028 -0.2742103
 -0.17385933 -0.15730688  0.06031891  0.09384839 -0.05188258  0.25303623
  0.05923675 -0.07725529 -0.10257898 -0.18953642 -0.22945051 -0.06274814
 -0.24467245  0.24775892 -0.22240821  0.24288318 -0.21182819 -0.02870576
  0.03315482 -0.02264169 -0.00993194  0.07954023 -0.19162315 -0.02915468
 -0.07738516  0.0555678  -0.25372696 -0.28581786  0.57971036  0.19316597
 -0.02903048 -0.06181176  0.23804212 -0.04952677 -0.0258887   0.18732755
  0.19152834  0.68447626  0.1522992  -0.06347586  0.16635752 -0.02569715
  0.07976194  0.15679136  0.00673044  0.10615244 -0.24742664 -0.10516774
 -0.03800389  0.16467527 -0.01176869 -0.10941755 -0.29614478  0.26491171
  0.10322692  0.02154997 -0.22434917 -0.03534321 -0.20276457 -0.31616575
 -0.03709844  0.12547073  0.03706827 -0.27717432  0.0592922   0.21749683
 -0.12238262  0.12597221  0.25283325 -0.16281694 -0.21182984  0.06073859
 -0.10769558  0.04637057 -0.0625882   0.33354712  0.35324651  0.12598652
  0.23335835  0.0171017   0.23675543  0.17749193 -0.23076944 -0.2032119
 -0.2138083   0.45898902  0.05297535 -0.00091795  0.09902653 -0.01550552
 -0.20472473  0.19458692 -0.0454868  -0.2197085  -0.21596441  0.05389703
  0.2788626  -0.21167755 -0.20031115 -0.00618914  0.10328993 -0.20481771
 -0.00307456 -0.02077251  0.08195149  0.14715704  0.16189167 -0.32164094]


