第1类： ['不支持啊', '不支持外网吗', '不支持是吧', '不支持谷歌', '不是本身能支持', '不需要现场支持', '以及是否支持', '以后会支持吗', '你们可以支持吗', '你们支持二次开发吗', '你们支持的摄像头', '你们是否支持', '你们这个支持', '免费版支持几个点', '全球支持是吧', '另外平台支持', '可以同时支持', '可以支持不', '可以支持几个点', '可以支持扫码吗', '在线支持可以的', '如果我们需要支持', '如果能支持国际', '安卓支持吗', '就可以支持的', '总体支持大概两千人', '您好我们是支持', '您这里支持吗', '我们一般支持', '我知道支持', '我需要一个支持', '授权的支持', '操作系统不受支持', '操作系统不受支持', '操作系统不受支持', '操作系统不支持', '支不支持', '支持二次开发吗', '支持使用多长时间', '支持保存白板吗', '支持内网吗', '支持双向录音吗', '支持双流么', '支持发育吗', '支持国际么', '支持国际的', '支持多少人', '支持多少人同时在线', '支持多少用户呢', '支持多少路', '支持多方通话', '支持定制开发吗', '支持局域网吗', '支持座机拨入不', '支持所有平台吗', '支持扩展的吗', '支持文件投放', '支持桌面共享', '支持电话号码统一导入', '支持白班标注', '支持的吧', '支持私有化部署吗', '支持远端推流', '是不是不支持', '是不是不支持', '是不是还支持录像', '是只支持', '是支持的', '是最多支持', '暂时不支持了', '最低是支持哪个', '最多只支持', '最多只能支持', '最多支持', '最多支持', '最多支持', '最多支持', '最多能支持几方呢', '最大支持多少用户', '点了支持', '版本是否支持', '现在是支持', '现场需要什么支持', '画质支持多少', '白板支持多方修改', '的支持么', '确定可以支持同时', '编辑的没有支持', '能否支持同时', '能够支持吗', '能够支持吧', '能支持点对点吗', '能确定支持吧', '苹果电脑支持吗', '说操作系统不支持', '请问支持类似', '请问能支持', '请问这个支持安卓', '还是只支持安卓', '这个可以支持', '这个支持苹果电脑吗', '这个是支持', '那你这个支持', '都支持哪些', '问下支持', '需要什么支持', '需要什么支持']
语义向量：[ 1.23796340e-01  4.70827931e-02  1.00284083e-01 -1.36995285e-01
 -1.31441411e-01  7.16901605e-03 -1.73114541e-01  2.30215155e-02
  3.19389795e-02  1.17457205e-01  6.16765404e-03  1.77240390e-01
 -1.02637990e-01  2.88849069e-02 -3.20006068e-02  8.23122278e-02
 -2.99311920e-02 -6.47604269e-02 -8.87369220e-02 -9.27960365e-02
  7.18301022e-03  1.33493992e-01 -1.52471756e-02 -1.31104650e-02
 -2.39031325e-01 -6.53839776e-02 -9.03731734e-02 -1.64735319e-01
  6.60848714e-02  7.19533216e-02 -2.20863714e-01 -1.02094414e-01
 -1.59772788e-01  4.67951837e-02  2.66995332e-02  7.47301756e-02
 -1.49410118e-02  7.55544912e-02  7.89671793e-02 -8.90442777e-02
 -6.05940758e-02 -5.20016587e-02 -1.34125742e-01  4.74502057e-02
 -1.48601773e-01  2.92062496e-01 -2.10569350e-01 -2.41232722e-01
 -8.15163078e-02 -8.84765880e-02  1.22712835e-02  1.86708855e-01
 -2.20698564e-02  6.01553789e-02 -7.85163977e-02  1.07369940e-01
 -3.67227679e-02 -3.14771717e-02  1.08344493e-01 -7.66930891e-02
  2.21510318e-01  1.04565638e-01  1.73516659e-01 -1.25300869e-01
 -1.02267842e-01  8.48870572e-03 -2.40926704e-01 -2.16515526e-01
  1.14467839e-03 -2.63483509e-01  9.13210394e-02 -2.27381309e-03
 -2.66191672e-02 -4.27275130e-02  3.46834609e-02  9.78500405e-03
  1.53089892e-02  4.72763209e-02  1.42014749e-01 -2.03405641e-01
 -1.37870750e-01  1.40923295e-01  5.66561483e-02  2.50662813e-02
 -7.18723233e-02  2.71907510e-02 -3.13723828e-02  2.76115263e-03
 -7.52491902e-03  5.59199235e-02  9.18992185e-02 -2.26724360e-01
  1.87259179e-01 -2.33638491e-01  1.19243887e-01 -1.45706165e-01
  1.34147287e-02 -1.73138357e-01  3.22992407e-02  9.04333514e-02
  2.08165393e-02 -7.87715507e-02 -4.57405246e-02 -1.29023573e-01
 -1.19503904e-01 -1.43621950e-01  5.41174901e-02  3.84104206e-02
 -1.00005516e-02 -7.14379299e-02 -1.86162094e-01 -1.19320161e-01
  2.00090789e-02  2.15259979e-02 -6.88052646e-02 -2.56883143e-02
 -3.82720295e-02  3.07297101e-01 -1.48549980e-01 -9.21043643e-03
 -7.78721661e-03 -1.26182757e-01 -1.38348201e-01 -1.40916011e-01
 -5.08449115e-02  1.86742854e-01  4.77951195e-02 -4.62003176e-03
  1.39693042e-01  1.61802220e-01  6.66564365e-02  1.26371713e-01
  2.02361805e-03  1.00008188e-01  1.35974357e-01  1.04308958e-01
 -1.27420794e-01 -3.87884138e-01 -9.23288347e-02  9.84871730e-02
  6.22879822e-02 -1.41737591e-02  6.89274855e-02  2.39195183e-02
  1.27163219e-01 -2.09733365e-01  2.79005691e-02  6.65640163e-02
  1.26364731e-02 -3.31455537e-02 -2.15754121e-01  8.14575263e-02
 -1.96809499e-02  1.66906984e-01 -2.62104295e-02 -5.95820127e-02
  1.30732142e-01  4.49451449e-02  2.30595015e-01  4.28218650e-02
  3.56979757e-01 -1.30345910e-01  6.01441905e-02  4.10836650e-01
 -8.57935418e-02 -7.98729811e-02 -1.73899667e-01 -1.55161479e-01
  1.93004475e-02 -2.80419792e-01  5.07385955e-02 -8.90981408e-02
 -1.48852877e-01  8.23231898e-02 -8.44008342e-02 -4.74358866e-02
  5.04554174e-02  1.03820614e-01 -8.98877090e-02  2.55230645e-02
  4.44095521e-02 -1.36961191e-02 -4.57081875e-02 -5.80760797e-02
 -1.51588577e-01  4.05581627e-02 -1.64270590e-01 -2.37582817e-01
 -4.57513870e-02  7.14961947e-02 -4.27454598e-02 -7.20251870e-02
  3.90397283e-02 -2.87603802e-02 -1.32380238e-01  1.62882193e-02
 -2.95015125e-02  3.08828016e-02  3.94024171e-03  1.68277112e-01
 -5.31179058e-02  3.13190573e-02 -2.16978916e-01  1.81576688e-01
 -8.37130402e-02  1.36975323e-01 -1.02285016e-01 -3.04455078e-03
  5.92416844e-02  4.75688406e-02 -8.55500884e-04  2.23251331e-01
  2.76734053e-02 -3.79413244e-02  2.43337630e-01 -9.57636917e-02
  6.34746768e-02 -7.08025087e-02 -1.33084765e-01  3.22750426e-02
  3.18006128e-02  1.49694139e-01  8.07783668e-02 -9.64855175e-02
 -3.59172833e-04 -1.51390194e-03  1.19347698e-01 -2.15054419e-02
 -1.51165204e-02  1.14046628e-03  5.74231960e-02  8.48490578e-02
  8.84280666e-02  1.87410688e-02  1.07722887e-01 -8.98060308e-02
  5.45931259e-02 -1.03437033e-01  1.25680420e-01  1.57422091e-01
 -5.50909987e-03 -4.25920660e-02 -4.82233770e-02  5.17449535e-02
 -5.38774090e-02 -1.13592141e-01  1.30953273e-01  3.02404106e-02
  1.48934371e-01 -3.59429585e-02 -1.24922460e-03 -7.30482265e-02
 -2.25979120e-01 -6.97446280e-02  4.59325773e-03  9.25147233e-02
 -3.73871533e-02 -1.35624222e-02 -2.46117731e-02 -5.58656663e-02
 -5.67815329e-02  2.84853912e-03  6.05512850e-02  4.16265806e-02
 -2.50586542e-02 -3.67700645e-02  2.89543150e-02 -1.85210812e-02
  1.66725331e-01  5.82200071e-02 -9.45505256e-02 -5.80400164e-02
 -1.10451255e-01 -4.13579591e-01 -1.34293775e-01  1.69457513e-01
 -1.75994719e-02  3.44274327e-03  1.04415835e-02 -7.76895913e-02
 -1.44032676e-01 -1.20603869e-01  9.69796736e-02  1.06808339e-01
 -9.46774871e-02 -5.80795817e-02  2.04075024e-02 -7.52876258e-02
 -4.81068594e-02  1.34484744e-01  8.17148588e-03 -6.73724462e-02
 -7.89833669e-02 -1.10602690e-02  7.25752720e-02 -8.00150963e-03
 -1.04579793e-02  8.03480350e-02 -3.20420948e-02 -5.26768578e-03]


第2类： ['你们软件支持移动端吗', '另外你们的平台支持手机端吗', '另外需要支持远程操作', '只支持这一个浏览器', '客户端都支持吧', '我需要你们这个支持移动端', '手机上也支持么', '手机安卓和苹果都支持吗', '支持哪些浏览器', '支持移动端使用吗', '显示不支持', '显示操作系统不支持', '有支持安卓手机的', '浏览器只支持', '浏览器支持不', '浏览器支持版本是什么', '而且浏览器也只支持', '还要支持移动端', '这个软件支持协同操作吗', '都支持什么浏览器']
语义向量：[ 7.33324786e-02 -2.57944037e-03  4.13297383e-02 -1.02259612e-01
 -1.20186688e-01  8.57311769e-02 -2.13349160e-01  9.12243898e-02
  6.31902400e-02  2.03165729e-01  7.55014680e-03  1.99527072e-01
 -1.04645378e-01  6.17097246e-02  1.36935198e-01  8.69527339e-02
 -3.05287683e-02 -1.04526373e-01 -7.99180251e-02 -1.11832083e-01
  2.24679571e-02  1.68227695e-01 -5.26764703e-02  1.86104878e-02
 -4.11543256e-01  1.11258399e-02 -5.72253275e-02 -1.65767599e-01
 -8.27482026e-03  2.62549373e-02 -1.85349895e-01 -9.64414582e-02
 -2.60109621e-01  6.13489231e-02  3.22284329e-02  4.37657791e-02
  1.22082436e-02  2.30706920e-02  6.51095832e-02 -1.87147526e-01
 -6.58400062e-02 -5.24714901e-02 -2.13466072e-01  5.67730835e-02
 -2.26461029e-01  2.49508865e-01 -2.33873382e-01 -2.43688558e-01
 -2.05384782e-02 -1.21879632e-02  3.17436687e-02  2.08871805e-01
  7.17733307e-02 -6.06807254e-03 -5.87279710e-02  1.61495888e-01
  1.14346813e-02 -7.54272709e-02 -2.24072080e-03 -1.63624172e-02
  2.39033568e-01  1.38738527e-02  4.25291964e-02 -1.99830114e-01
 -4.87816658e-02 -4.59650343e-02 -1.80860120e-01 -2.72852374e-01
  8.35021876e-02 -2.49585779e-01  6.97129462e-02  1.56825531e-01
  8.53006450e-02  6.77736013e-02  8.76662462e-02 -1.60671319e-01
 -2.98012628e-02  5.92358023e-02  2.11138500e-02 -2.23495671e-01
 -1.94766231e-01  1.45415556e-01  1.14716689e-01  1.12675216e-01
 -1.84167848e-01  1.99546355e-02 -9.65539476e-02 -3.56030410e-02
  1.81164891e-02  8.44079904e-02  6.41681882e-02 -9.49029872e-02
  1.40692080e-01 -2.22383387e-01  1.57551781e-01 -1.26652470e-01
 -1.37845181e-02 -1.58682878e-01 -3.98516542e-03  6.80185413e-02
  9.37056201e-02 -7.83345394e-02 -4.95899656e-02 -2.64941188e-02
 -8.48955614e-02 -1.52085706e-01  5.02313028e-02  4.74683854e-02
  5.49055015e-03 -1.10688616e-01 -7.96432180e-02 -7.48746767e-02
  9.60596347e-02  7.12237244e-02 -1.03957409e-01 -4.32143716e-02
 -9.31601553e-02  3.17819848e-01 -2.21507373e-01  7.52784479e-03
  7.35277506e-03 -1.76852839e-01 -9.86275521e-02 -7.28571769e-02
 -7.17841750e-03  1.74085413e-01  1.06281351e-01  3.55384398e-02
  1.27560892e-01  2.02276348e-01  5.65712065e-02  3.88927734e-02
  1.06708140e-01  5.34476331e-02  1.62172909e-01  2.01458711e-01
 -1.45709451e-01 -4.09192313e-01 -2.09612674e-01  1.24780587e-01
  2.27228488e-02  6.25679852e-03  1.32867775e-01  6.95520754e-02
  1.92957465e-01 -2.23624031e-01  2.85709497e-02  5.99129828e-02
  3.94077105e-02 -8.09275005e-03 -1.55048893e-01  1.21597193e-01
 -7.08170966e-02  1.44245508e-01  3.43014859e-02 -1.71250856e-02
  9.14962368e-02 -6.94257461e-02  1.81920515e-01  1.52255648e-01
  3.25900318e-01 -2.21401096e-01  1.29705234e-01  4.32903357e-01
 -1.28241570e-01 -1.82995871e-03 -2.98111603e-01 -1.53815611e-01
  6.28926528e-02 -2.81451824e-01  2.00997476e-02 -1.25247654e-01
 -9.47543312e-02  1.25238289e-01 -7.15757196e-02 -6.59633505e-02
  1.65150494e-02  1.82277922e-01 -9.05563956e-02  9.08893861e-02
  1.52785822e-01  5.68962987e-03 -3.44715139e-02 -6.27459012e-02
 -1.82834516e-01  9.34426486e-02 -8.43325987e-02 -2.61427902e-01
 -2.64698144e-02  1.72143534e-01 -7.61969384e-02 -9.06817687e-02
 -1.06914063e-02 -5.64978523e-02 -2.03680712e-01 -3.09451148e-02
 -5.24441277e-02  1.19088774e-01  1.30066935e-02  1.10163875e-01
 -1.70365096e-01 -6.48432262e-02 -2.80728244e-01  1.32807116e-01
 -2.15617068e-01  1.19680091e-01 -7.57374603e-02  9.37336761e-02
  6.85907623e-02  2.90162580e-02  8.24470365e-03  2.34440973e-01
 -5.07130758e-03 -3.74278760e-02  1.73858099e-01 -1.04261804e-01
  5.25573464e-02 -8.60890632e-02 -2.17346100e-01 -4.01068030e-02
  1.54315052e-01  1.47337660e-01  9.62774438e-02 -1.30240450e-01
  8.31615251e-02  1.76689236e-02  9.14348135e-02  1.16435103e-02
  4.82604185e-02  5.97578473e-02  6.29181181e-02  1.07084223e-01
  9.61452089e-02  7.42117972e-02  1.62538041e-01 -4.21384631e-02
 -2.29688318e-02 -4.94554627e-02  7.90249888e-02  2.81266280e-01
  2.14677332e-02 -1.19102752e-01 -7.05214622e-02 -1.64703216e-02
 -9.13306762e-02 -1.36773936e-01  1.42656647e-01  3.98885252e-02
  1.10590381e-01 -4.49674466e-02 -1.76917530e-02 -6.76604682e-02
 -1.91524405e-01  1.58208853e-02  6.27824172e-03  2.81628486e-02
 -6.28041655e-03  4.19057216e-03 -8.56211578e-02 -1.18316294e-02
  6.57294257e-02 -5.95925367e-02  1.18713973e-02 -1.52782443e-02
 -5.04654843e-02  1.46672662e-02  1.70801543e-02  8.64621857e-02
  2.31394327e-01  6.36999730e-02 -4.99823136e-02 -5.51207401e-03
  3.01466389e-03 -2.79357628e-01 -1.64155430e-01  1.48542895e-01
 -1.51790889e-03  1.09887492e-01  1.50574998e-03 -1.10591489e-01
 -7.60353834e-02 -1.71195436e-01  6.13651524e-02  1.37822321e-01
 -3.94006175e-02 -8.05534318e-02 -2.60711291e-02 -1.45582554e-01
  1.13472397e-01  6.03062710e-02 -7.65156347e-02  7.63332255e-02
  1.21183950e-04 -8.88000272e-02  3.35878422e-02 -2.22270340e-02
  8.94224804e-02  7.01688448e-02 -2.25799118e-02 -5.30017754e-02]


第3类： ['可支持电脑', '支持手机端', '支持手机端吗', '支持手机端吗', '支持手机端吗', '支持手机端登录', '支持电脑吗', '端和手机端都支持']
语义向量：[-1.44485267e-02 -1.43352758e-01  7.35142105e-03 -2.12359304e-01
 -2.03162735e-01  2.54058458e-01 -3.98791909e-01  2.37397494e-01
  1.54591221e-01  5.69087032e-01 -8.45782803e-02  3.42662219e-01
 -1.02911258e-01  2.16066632e-01  4.77551606e-01  2.15848956e-01
 -6.69079982e-02 -2.34333340e-01 -1.35747128e-01 -2.24103699e-01
  2.11382877e-01  2.99639551e-01 -1.60733859e-01  4.06642817e-03
 -8.18410590e-01  9.95568614e-02 -1.07720443e-02 -2.60960497e-01
 -1.20359367e-01  2.52177222e-02 -2.09842044e-01 -1.94014490e-01
 -5.25374241e-01  3.19571748e-01  1.54565255e-01  1.06493074e-01
  9.56037790e-02  1.42849636e-01 -5.76077092e-02 -5.69412857e-01
 -6.58855098e-02 -6.77091325e-02 -5.24444550e-01  3.96057020e-02
 -5.41287575e-01  4.26979985e-01 -3.71369414e-01 -3.13536422e-01
 -5.18556621e-02  4.80558253e-02  1.05013877e-01  3.25749774e-01
  2.04765098e-01 -1.39109825e-01 -4.41292687e-02  4.19719987e-01
 -5.28125657e-03 -2.05828466e-01 -1.06730435e-01  1.52983538e-01
  4.20249987e-01 -2.25460950e-01 -9.98062954e-02 -4.11425788e-01
  4.86716628e-04 -1.27223938e-01 -1.84093726e-01 -4.67479803e-01
  3.82647250e-01 -3.65364194e-01  1.47029604e-01  4.49478563e-01
  3.38690009e-01  1.69733204e-01  1.94046488e-01 -4.43735488e-01
 -5.25105256e-02  1.78207060e-02 -1.53071037e-01 -3.60724304e-01
 -4.22470067e-01  2.63300508e-01  1.94484523e-01  3.97109032e-01
 -3.88275210e-01 -4.05305332e-02 -3.18837106e-01 -1.16695106e-01
  1.71192118e-01  2.02679083e-01  1.08857992e-01 -3.24066496e-03
  1.60486860e-01 -4.19624638e-01  1.24134268e-01 -9.47748735e-02
 -9.33159166e-02 -3.95681471e-01 -6.23701722e-02 -4.86564524e-02
  2.50630679e-01 -6.90236762e-02 -6.92637209e-02 -2.13822220e-02
 -1.19809596e-01 -3.13558092e-01  9.98204374e-02  1.21153840e-01
  1.36653226e-01 -2.57173549e-01  4.41183912e-03  9.23820590e-02
  2.85710875e-01  1.03173897e-01 -3.39374825e-01  3.01465651e-02
 -2.35557752e-01  5.15141662e-01 -4.44810454e-01  3.69554600e-02
 -8.20921664e-03 -2.19914736e-01 -1.04656542e-01  6.10332030e-02
  3.86292497e-02  3.08522802e-01  2.81951604e-01  7.44312210e-02
  2.27588102e-01  3.11247591e-01  8.53581964e-02  1.73818705e-02
  2.90792797e-01 -4.70343232e-02  2.88776277e-01  4.55810599e-01
 -2.17063444e-01 -6.63562641e-01 -5.46910521e-01  3.02089818e-01
  4.30590284e-04 -7.71064567e-03  2.18548447e-01  2.29370957e-01
  2.81691536e-01 -4.46392048e-01  2.23210612e-01  1.45337558e-01
  4.70531804e-02 -6.73007430e-02 -1.63535925e-01  1.60726529e-01
 -8.12180438e-02  2.55858505e-01  1.25795075e-01  4.83009084e-02
  1.36934328e-01 -2.64757669e-01  2.23374952e-01  3.29654507e-01
  4.59128071e-01 -4.83980387e-01  3.09096508e-01  7.00996988e-01
 -1.74731901e-01 -4.05158409e-02 -5.67344930e-01 -1.33191991e-01
  2.00936163e-01 -4.10354976e-01  8.93195136e-02 -2.86034906e-01
 -2.66838521e-02  1.45237412e-01 -1.47936159e-01 -2.13422902e-01
  1.08551946e-01  3.03594675e-01 -1.40408309e-01  1.94521911e-01
  3.60698979e-01 -3.95914246e-02 -2.71264941e-03 -1.18573322e-01
 -3.65472592e-01  2.44150665e-01 -9.10747023e-02 -5.00271365e-01
  1.11209190e-01  3.94206375e-01 -1.81999570e-01 -8.83252735e-02
 -1.97277669e-01 -4.00166942e-02 -5.00301942e-01 -6.32787962e-02
  8.42001010e-02  3.06091025e-01  3.60430786e-02 -2.78039090e-03
 -3.61165754e-01 -3.92264917e-01 -6.48870274e-01  2.01646814e-01
 -5.93267284e-01  1.09848057e-01 -7.92279623e-02  2.72563566e-01
  5.37644797e-02 -7.42452560e-03  7.01234685e-02  4.30435844e-01
 -1.02584931e-01 -3.16670209e-02  2.78718742e-01 -1.46649534e-01
  1.02995298e-01 -1.80097824e-01 -4.97555140e-01 -1.10606479e-01
  3.52547474e-01  2.40940813e-01  1.45896765e-03 -2.72966750e-01
  3.67734790e-01  5.82947829e-02  1.06922976e-01  1.06187784e-01
  1.76674699e-01  8.45748307e-02  2.36726498e-01  2.41263250e-01
  2.39884777e-01  1.25169660e-01  2.29541266e-01  5.20233884e-02
 -1.81252778e-01  5.66102874e-02  1.19547168e-01  5.82845800e-01
  1.23458872e-01 -2.61492500e-01 -5.46648558e-02 -1.46322955e-01
 -3.40205107e-01 -2.48330144e-01  2.98440982e-01  1.73199640e-02
  7.61925606e-02 -6.90293321e-02 -9.73247928e-02 -1.73610403e-02
 -2.59261504e-01  6.81685978e-02  4.67086295e-02 -8.16435243e-02
  4.91203608e-02  6.39710431e-02 -2.11632298e-01  7.86839612e-02
  1.79882957e-01 -1.90950783e-01 -7.93690630e-02  7.26582133e-03
 -1.53425748e-01  1.65943360e-01  1.37402313e-02  2.55739633e-01
  4.34162520e-01  1.52206726e-01  2.50931730e-02  1.03983854e-01
  1.61608998e-01 -3.06212332e-01 -3.43684740e-01  3.48464809e-01
 -5.65134147e-02  2.58650525e-01 -2.00120961e-01 -2.36616632e-01
  3.02421506e-02 -3.12211208e-01  1.26497083e-01  2.28870822e-01
 -3.95180332e-02 -1.35179886e-01 -1.37006460e-01 -3.64602081e-01
  4.16906733e-01  6.46960801e-02 -3.15979972e-01  4.59153093e-01
  1.27407018e-01 -2.63715485e-01 -7.24681416e-02 -1.10196339e-01
  2.64153795e-01  1.04141959e-01 -9.48615856e-02 -1.66778199e-01]


第4类： ['可支持多少手机接入', '支不支持手机接入', '支持国外接入最好', '支持多少接入', '支持多少接入端', '支持多少方同时接入', '支持手机视频直接接入吧']
语义向量：[ 0.06387142  0.03778308  0.17423732 -0.27710562 -0.29554254  0.14047415
 -0.34615368  0.09461559  0.07492612  0.21000688 -0.2090471   0.43010058
 -0.27168936  0.06298895  0.11438786  0.05513181 -0.13131962 -0.34144802
 -0.0515553  -0.1075765   0.2941829   0.29144437 -0.14635342 -0.17290709
 -0.53728067  0.05570748 -0.078358   -0.19121164  0.01071977  0.16305617
 -0.22792751 -0.25245544 -0.42704277  0.31143668  0.2147497   0.12275191
 -0.0459904   0.17627147  0.16877946 -0.42521152 -0.0821365  -0.27049219
 -0.29365312 -0.05316576 -0.36187782  0.51074587 -0.26753396 -0.25165232
 -0.14486122 -0.09563027  0.06118947  0.30713827  0.24230232 -0.02934811
 -0.01967092  0.13664642  0.07396419 -0.13012172 -0.02393775 -0.10284341
  0.20788505  0.06892597  0.00970875 -0.30261306 -0.22177971 -0.01717751
 -0.3097997  -0.2709617   0.26111887 -0.37386571  0.15531654 -0.07665588
  0.03354601 -0.14556351  0.081239   -0.1213144  -0.0696327  -0.10838772
 -0.00500428 -0.36092348 -0.30553908  0.20383462  0.19358679  0.02281788
 -0.105231   -0.11305408 -0.22393021 -0.02846104  0.1621317   0.14046158
  0.07170054 -0.38784684  0.20495558 -0.44461133  0.12553161 -0.06871644
  0.07342057 -0.64133971  0.0892947   0.04242334 -0.00442365 -0.06493889
 -0.16716404 -0.10411436 -0.07396357 -0.11977734  0.23103233  0.03240945
  0.02445735 -0.16254024 -0.10232867 -0.02643711  0.31429775 -0.00882171
 -0.41725365 -0.03221421 -0.25662578  0.55625503 -0.23279632  0.31836124
 -0.22676203 -0.27688528 -0.06428712 -0.0765145  -0.00371011  0.55399088
  0.10341757 -0.02677751  0.28093174  0.1211383  -0.11718444  0.06830572
  0.14662293  0.09188991  0.10656544  0.47347073  0.03315969 -0.66949723
 -0.30039483  0.31732226 -0.00930255  0.1187343   0.09017799  0.05569565
  0.27206117 -0.34037706  0.19897346  0.23365089 -0.03112476 -0.11876031
 -0.16849424  0.26948858 -0.0063387   0.24385782 -0.1369059  -0.04925696
  0.39698169 -0.13269148  0.31090273  0.28991098  0.44430117 -0.41387792
  0.05727424  0.82188469 -0.07277541 -0.1618791  -0.34884003 -0.12014809
  0.16028436 -0.40734241  0.05460069 -0.55560749 -0.09857239  0.2654359
 -0.33483009 -0.09185656  0.29036559  0.08602643 -0.12555249  0.06453226
  0.06262141 -0.04275724 -0.12714003 -0.20042323 -0.27809068  0.09710321
 -0.39542533 -0.48414595 -0.09251231  0.03229679  0.01902384  0.03293402
  0.01345804 -0.14399246 -0.31164339 -0.05633538 -0.09717966  0.30823329
 -0.01450565  0.06879041 -0.17807877 -0.21856379 -0.44748722  0.1984095
 -0.36764076  0.07609297  0.16177047 -0.04991395 -0.02609841 -0.1010345
 -0.13550632  0.47999013 -0.16799703 -0.16388229  0.39636835 -0.00525138
  0.12709425 -0.09214558 -0.41452896  0.11194746  0.05987622  0.13554686
  0.19497123 -0.16354461  0.21657368  0.20255669  0.0595795   0.10154751
  0.14924176 -0.03310108  0.18894966  0.10451332  0.22160801 -0.00833881
  0.20207414  0.04642622  0.03164296 -0.05101319  0.35080564  0.52463229
 -0.0163647  -0.14550115 -0.08718398 -0.20644113 -0.14172037 -0.17088989
  0.20205071 -0.07018117  0.25703372 -0.15596505  0.00932744 -0.08919038
 -0.20589007 -0.01955424  0.18317314  0.1813593  -0.01800543 -0.2598593
 -0.15668625  0.08885104  0.17685137  0.00232007 -0.01772912  0.00401562
 -0.18418314  0.07139428  0.17781561 -0.0221328   0.2695445   0.05525046
 -0.0336606   0.11752772  0.09771078 -0.34272068 -0.30814173  0.31902336
 -0.17891982 -0.01740954 -0.21688911 -0.10901036 -0.0894877  -0.11622532
  0.26542394  0.26936625  0.01234528  0.00619749  0.04631348 -0.28143345
  0.25943002  0.04629326 -0.11346006  0.10785009 -0.02791059 -0.06321153
 -0.00510955 -0.06186267  0.33719151  0.0480292  -0.18631784 -0.19364396]


第5类： ['一个账号可以支持几十人参会吗', '一个账号支持', '你们支持智能电视参会吗', '你们是支持全球接入吧', '你们最大支持多少方', '你们的支持国外吗', '免费版本支持多少人参会', '可以支持和国外开会吗', '国外支持么', '您这系统做多支持多少终端接入', '支持一个主持人账号', '支持人数上限人数是多少啊', '支持其他厂家设备的接入吗', '支持国外的座机', '支持多会议室吗', '支持多少人进入会议室', '支持多少方在线', '支持移动端外出人员的接入', '方的可以支持', '方的账号支持多少个点接入', '最多支持多少参会方', '最多支持多少方', '最多支持多少方', '最多支持多少终端开会', '最小支持几方开会', '最小的支持多少人参会', '目前最低价格的账号支持几方', '这种支持多少人参会']
语义向量：[ 4.82967040e-02  4.50849119e-02  6.54282334e-02 -1.69019594e-01
 -1.41725472e-01  3.38818998e-02 -1.42238516e-01  7.11566144e-02
 -1.85911587e-03  9.93422661e-02 -6.90494605e-02  3.04718300e-01
 -1.59719888e-01  6.41897456e-02  4.32991611e-02  4.63496136e-02
 -6.79141423e-03 -1.47081444e-01 -2.26862544e-02 -6.15262334e-02
  1.07158941e-01  2.00589006e-01  5.44955695e-03 -1.23650286e-01
 -2.99696564e-01  4.98904810e-02 -1.12098288e-01 -1.20500096e-01
  3.10603332e-02  1.76687459e-02 -1.94246580e-01 -6.92555079e-02
 -2.18747565e-01  1.40759783e-01  3.80500759e-02  6.09393646e-02
 -7.34411627e-02  6.06735740e-02  8.83357480e-02 -1.94156101e-01
 -1.00538194e-01 -8.77476800e-02 -1.18136407e-01  7.09221848e-02
 -2.01226401e-01  2.44932738e-01 -1.39994264e-01 -1.95602409e-01
 -8.13492963e-02 -6.52359240e-02  3.66633011e-02  1.32792893e-01
  1.20695081e-01  6.43176650e-04 -6.39476722e-02  1.08486189e-01
  2.15496518e-02 -6.36829841e-02  4.30498193e-02 -1.25034305e-01
  2.11278691e-01  1.17390348e-01  9.81058942e-02 -2.19577775e-01
 -1.38951634e-01  3.86284238e-02 -2.84990044e-01 -2.51137341e-01
  1.00100360e-01 -2.63075995e-01  1.09596014e-01  4.18895933e-02
  4.92773748e-02 -1.24250590e-01  1.27258637e-01 -3.08432550e-04
 -4.81201870e-03  3.30371751e-02  2.22435218e-02 -1.97170325e-01
 -1.78048072e-01  1.21651044e-01  1.27912402e-01  2.06211926e-02
 -1.72678408e-01  1.01792295e-02 -6.92327927e-02  2.73571884e-02
 -1.82850491e-02  4.02323853e-02  6.25634219e-02 -3.04452339e-01
  9.05110196e-02 -2.42979124e-01  6.66368554e-02 -7.45646212e-02
  1.72919729e-02 -2.94378570e-01  4.13357598e-02  1.13898693e-01
  2.16933649e-02 -4.75169754e-02 -1.09539955e-01 -8.23793631e-02
 -6.70410365e-02 -1.45778683e-01  1.44455635e-01  6.56411211e-02
 -1.71532185e-02 -4.03223092e-02 -1.06054392e-01 -8.06528229e-02
  1.19266314e-01  1.53420036e-03 -1.94982534e-01 -1.24733793e-01
 -8.23482838e-02  3.99803326e-01 -1.79710097e-01  7.05520026e-02
 -1.33531037e-01 -2.31097139e-01 -1.27605516e-03 -1.26367449e-01
 -6.30181578e-02  2.93962816e-01  2.35247071e-02 -6.02822385e-04
  1.51985439e-01  9.82985566e-02 -1.68070112e-02  5.04015842e-02
  1.23602168e-01  1.02702647e-01  1.43457681e-01  2.74175406e-01
 -3.73912452e-02 -4.25858923e-01 -1.19234364e-01  9.08573618e-02
 -1.62678009e-02  6.37795028e-02  1.87384988e-02 -1.67993927e-02
  2.03149819e-01 -2.81459256e-01  3.79109321e-02  1.59933079e-01
  2.18847126e-02 -7.69838995e-02 -2.07206531e-01  1.34417097e-01
  2.70269759e-02  1.79696872e-01 -7.79681747e-02 -4.14589065e-02
  2.21650375e-01 -1.45268140e-01  2.00711562e-01  2.24367866e-01
  3.74773055e-01 -2.14366475e-01  8.42865992e-03  5.48122269e-01
 -1.16871450e-01 -9.54939770e-02 -2.16628938e-01 -1.18716691e-01
  5.60780791e-02 -2.97610794e-01  6.07875090e-02 -1.61445592e-01
 -1.40872390e-01  1.32532366e-01 -9.87125318e-02  2.36491955e-02
  5.38486737e-02  8.82156498e-02 -1.28836480e-01  5.67696276e-02
  6.83662657e-02  3.05785408e-02 -7.00988073e-02 -5.78959165e-02
 -1.74603483e-01  4.09749360e-02 -1.99736950e-01 -2.21295861e-01
 -4.42592829e-02  1.32650498e-02 -2.79509919e-02 -9.56369982e-03
  9.94759903e-04 -7.65133052e-02 -1.22047810e-01 -2.79517729e-02
 -1.67398889e-01  1.84148765e-01 -3.39709813e-02  1.17358492e-01
 -8.43534956e-02 -1.96514514e-02 -1.92924869e-01  1.57005194e-01
 -1.54244761e-01  1.34087858e-01  9.00883746e-03 -9.89603957e-02
  1.26068084e-02 -1.62757088e-02 -4.12597932e-02  2.14089580e-01
 -6.19000800e-02 -1.63831959e-01  2.15676145e-01 -6.57318355e-02
  1.57075049e-01 -1.57941556e-02 -1.45308412e-01  4.78744111e-02
  6.13536966e-02  1.41553228e-01  9.72556339e-02 -1.33615852e-01
  5.57801816e-02  4.36380841e-02  5.34987364e-02  7.65434151e-02
  1.10246080e-01  5.63624853e-02  6.24888163e-02  4.84349541e-02
  1.52126324e-01  3.80851591e-02  1.35249089e-01 -2.45911027e-02
 -2.34676841e-02 -4.76816396e-02  1.24969091e-01  2.04560137e-01
 -1.10335955e-02 -2.20849656e-02 -1.29833752e-01 -7.05239326e-02
 -9.96865967e-02 -1.08668561e-01  1.42195621e-01 -4.40149996e-02
  1.88111761e-01 -1.23288967e-01 -2.34631645e-02 -1.50645818e-01
 -1.93514185e-01 -7.10396576e-02  8.17517999e-02  8.70678120e-02
 -6.65055165e-03 -6.37981113e-02 -1.10277779e-01  5.94026573e-02
  3.65506177e-02  2.14365511e-02  7.95472502e-02 -1.43544027e-02
 -3.42518182e-02 -1.00284578e-01  3.19433092e-02  7.64219667e-03
  2.12467067e-01 -1.58762240e-02 -3.67240219e-02 -3.10669571e-02
  1.14855940e-02 -3.13689050e-01 -1.54205744e-01  1.47220275e-01
 -7.95255120e-02 -9.93419804e-04  3.42384986e-02 -6.74060546e-02
 -5.84505571e-02 -7.90322870e-02  9.57841596e-02  9.42343729e-02
 -2.13400948e-02 -1.21229905e-01  5.66518206e-02 -1.06108483e-01
  5.65165368e-02  4.07082459e-02 -5.26537790e-04 -1.50924759e-02
 -1.08528280e-01  1.39619580e-02  5.39480869e-02 -6.25744264e-02
  2.56626885e-01  8.04952752e-02  7.72735244e-03 -1.06842412e-01]


第6类： ['不知道咱们的产品是否支持', '不知道编辑软件有没有支持', '不需要任何设备支持的对吧', '云模式应该是不支持本地部署了', '你们不是可以支持节硬件吗', '你们可以提供一个平台来支持远程培训吗', '你们平台电话会议支持多少人一同参加', '你们支持多少人在线', '你们支持私有云部署吗', '你们最支持的是哪个牌子的视频终端', '你们有产品可以同时支持', '你们的呼叫中心支持批量外呼不', '你们的电话会议系统支持不支持根据提供的号码', '你们的电话会议系统支持海外用户拨打我们设置在海外的虚拟号连入国内电话会议系统吗', '你们的电话会议需要些什么硬件支持', '你们的直播配置可以支持', '你们的系统支持私有部署吗', '你们软件可以支持投影或大屏幕分配显示吗', '你们这个只需要软件还是还需要什么硬件支持啊', '你们这个系统支持跟我们公司内部系统整合吗', '你们这个软件最大支持多少人在线', '功能上需要支持多个主持人的切换', '只要硬件支持就可以是吧', '可以支持外国客户吗', '同时支持多少人在线', '同时支持多少人在线呢', '在线培训的支持多少用户加入进来', '我仅适用电话会议支持己方入会', '我们要给客户做远程支持', '我想问一下你们这个产品需要硬件支持嘛', '我想问下这个系统可以支持多少人同时在线', '我有几个问题想咨询下看你们的软件能否支持', '我需要支持电话会议的国家至少有乌兹别克斯坦', '我需要支持电话会议的国家至少有乌兹别克斯坦', '手机和平板的各系统也都支持的是吧', '支持五个设备数对吧', '是否需要特殊设备支持', '显示文件共享功能不支持该文件类型', '最多可以支持多少方同时视频', '最多支持多少人在线', '最多支持多少人在线开会', '有技术在线支持么', '电话会议可以同时支持多少人参与', '看着这些功能是否支持', '纯硬件的话是不是只支持', '能同时支持多少人在线直播', '能问一下系统不支持是什么原因吗', '请问你们工单系统这款产品支持本地部署吗', '请问你们支持电话会议的在线直播吗', '请问你们的网络直播平台能同事在线支持多少并发量', '请问你们这个产品支持局域网视频通话吗', '请问咱们的系统可以支持国外拨打么', '请问最多支持多少路视频', '还需要什么设备之类的支持', '这个软件是不是所有能上网的硬件都支持', '这个软件端能支持蓝牙耳机使用吗', '这些功能是否都支持呢', '远程支持是什么意思', '远程支持是什么意思', '那呼叫中心都支持哪些部署方式呢', '都支持什么功能呢', '需要什么特定的硬件支持吗', '需要设么硬件支持吗', '项目这边需要一个可以支持远程培训的软件或平台支持']
语义向量：[ 6.12426522e-02  6.52807051e-02  5.06759642e-02 -8.70404921e-02
 -1.00077607e-01  1.35411826e-02 -4.09608194e-02 -1.75652703e-02
  2.67139843e-03  5.41852834e-02 -2.45737846e-03  1.09137814e-01
 -7.10177112e-02  1.66360451e-02  6.38706610e-04  1.21660125e-02
 -5.75375018e-02 -7.19025359e-02 -7.46201431e-02 -9.85487277e-02
 -3.20930717e-02  1.14022095e-01 -8.46765598e-03 -5.28192604e-02
 -2.62415414e-01 -4.65850460e-03 -4.20574723e-02 -1.31333025e-01
  4.36803328e-02  2.13927330e-02 -1.81202285e-01 -1.49371669e-01
 -1.73804154e-01 -1.36825630e-02 -4.18915487e-02 -1.68831566e-02
 -7.51310348e-03 -5.58048796e-02  6.21717274e-02 -2.72677659e-02
 -9.35759416e-02 -3.59045449e-02 -9.30515901e-02  1.15849744e-01
 -1.12687781e-01  1.54641812e-01 -1.57378684e-01 -1.35102811e-01
 -7.53984570e-03  1.48538831e-02 -6.52780078e-02  1.43383929e-01
  5.41249048e-02  3.30507335e-02 -1.34117140e-01  5.61818168e-02
  2.62912945e-02 -3.60413095e-02  3.11625795e-02 -7.10635790e-02
  1.63192951e-01  9.92789506e-02  2.85883588e-02 -1.51674504e-01
 -1.10679889e-01 -2.37027131e-02 -1.06105002e-01 -1.90054588e-01
 -3.16753921e-02 -2.67062560e-01  6.18182559e-02  1.92228046e-02
  2.58260361e-02 -4.77857338e-04  3.75620592e-02 -7.33008360e-02
 -5.62000053e-02  1.25091763e-01  4.12134594e-02 -1.45501091e-01
 -1.45587949e-01  9.26136329e-02  1.11629469e-01 -1.42609826e-02
 -8.45122466e-02  1.86842605e-02  1.15163503e-02  1.49036864e-02
 -5.25760371e-02  7.29835465e-02  6.71505183e-02 -1.75034172e-01
  6.99212712e-02 -1.98491341e-01  6.76793757e-02 -1.40228118e-01
  3.80932240e-02 -1.01498847e-01  3.80080816e-02  3.76855322e-02
  3.02447876e-02 -9.45090210e-02 -8.34612610e-03 -3.04177398e-03
 -4.52021408e-02 -8.22838848e-02 -1.87688576e-02  1.00112409e-01
 -2.82132453e-02 -8.48519599e-02 -1.28360576e-01 -6.39340792e-02
  2.78563845e-02  6.40689503e-02 -2.00847655e-02  1.84116026e-03
 -1.37716610e-02  2.00198438e-01 -1.98405760e-01 -4.74392682e-03
  3.61749723e-03 -1.80911970e-01 -1.30088751e-01 -8.80507219e-02
  3.89723110e-02  1.12964471e-01  2.45421193e-02 -5.80539483e-03
  1.19852980e-01  1.66537931e-01 -1.54913423e-02  3.92062306e-02
  1.28540083e-01  7.10565140e-02  1.23802492e-01  1.60998014e-01
 -5.18136273e-02 -3.66741865e-01 -5.25570282e-02  6.66537959e-02
 -3.73875034e-02  1.64658478e-02  1.01378465e-01  1.08289723e-02
  1.43932789e-01 -1.17452628e-01 -4.91259865e-02  1.18397105e-01
  1.63005041e-02  1.16396982e-02 -1.19284587e-01  4.92812582e-02
 -5.76960663e-02  8.13124195e-02 -1.34174823e-02  2.58915575e-02
  6.57203890e-02 -1.02559908e-01  1.72124182e-01  5.54942906e-02
  2.80773023e-01 -8.07717472e-02  5.68847956e-02  3.11874061e-01
 -9.71264486e-02 -7.08401934e-04 -1.55619207e-01 -1.33206230e-01
  3.66759187e-02 -1.95204580e-01 -1.18033927e-02 -1.02286203e-01
 -9.22443775e-02  7.89981736e-02 -1.95373718e-02 -4.80434921e-02
 -1.64997921e-02  1.47895992e-01  3.16146277e-02  3.93979055e-02
  1.04031417e-01  2.03612418e-02  3.67639316e-02 -8.45766298e-02
 -1.15461737e-01  4.44926289e-02 -1.62135772e-01 -1.55461352e-01
 -9.59260525e-02  7.49176421e-02 -4.53313091e-02 -1.98594629e-02
  7.73291150e-02 -3.10528909e-02 -1.02026309e-01 -5.54119446e-02
 -3.49207972e-02  1.50742367e-01 -7.75814647e-02  7.02845082e-02
 -1.10356417e-01 -1.39538151e-02 -1.55303414e-01  1.08958472e-01
 -7.81780812e-02  4.24950915e-02  7.85497612e-03  5.62743754e-03
  8.60159192e-02  2.57716853e-02  1.71032732e-02  1.04295410e-01
 -1.69769620e-02 -7.36307123e-02  2.10018271e-01 -3.51863035e-02
  2.55208379e-02 -6.84045200e-03 -1.30980270e-01  6.36138299e-02
  1.04516179e-02  9.55344034e-02  1.15185312e-01 -5.25722667e-02
 -2.04046803e-02  6.13934255e-02  7.88765131e-02  1.86385686e-02
  1.95754353e-02 -3.31782470e-02  2.37946765e-02  2.47179296e-03
  3.77206215e-02  7.67650509e-02  9.47396523e-02 -7.00878685e-02
 -7.26671634e-02 -1.01112367e-01  7.42505224e-02  2.09987699e-01
  2.44080135e-02 -7.01232977e-02 -4.90138114e-02 -1.49016088e-02
 -3.25792701e-04 -1.27172362e-01  8.29414002e-02  4.06828149e-02
  1.39908522e-01 -1.54852053e-02 -2.01276381e-02 -6.15384401e-02
 -1.57585960e-01 -3.11525339e-02 -1.79796609e-03  3.17741078e-02
 -2.25698447e-02 -7.26491812e-02 -4.15119379e-02 -5.23093421e-03
  4.98695699e-02 -3.36185521e-02  7.16254515e-02 -9.59239969e-02
  2.72469475e-02 -5.80382257e-02  5.49990933e-02 -2.23142711e-02
  1.08019064e-01  4.81785426e-03 -1.02098450e-01 -4.42020872e-02
 -2.22634730e-02 -2.11628322e-01 -9.11821724e-02  1.29153830e-01
  8.61365960e-02 -2.28925197e-02  2.58917453e-02 -4.86569223e-02
 -9.52901157e-02 -5.98449256e-02  4.05401658e-02  4.04121445e-02
  1.64877841e-02 -7.68776615e-02  6.54704221e-02 -1.38914052e-01
  1.35295990e-02  8.33200979e-02 -1.84400120e-02  2.04334999e-03
 -4.59367593e-02 -2.63956442e-02  4.95542781e-02 -3.70686592e-03
  7.38285558e-02  4.49310962e-02 -2.70316313e-02 -2.95223989e-02]


第7类： ['一方能支持几个用户', '不支持管理员已更改您的主持人设置', '不是很懂现场支持', '不知道你们能不能支持', '不知道咱们这块最多能支持多少人', '买的话能支持到多少人', '你们支持嵌套在我们的', '你们支持接口调用吗', '你们是光支持网络平台', '你们是线上支持', '你们的官网支持英文版吗', '你们这个也支持二次开发', '你们这个可以支持第二次开发', '你们这个支持几方的', '你们这个支持私有部署吗', '你们这边是否支持还是只是做狐疑', '你最多支持多少', '你的意思就是最多支持', '你看你这边是否支持', '你看看你们可以支持吗', '你这个支持显示几个会场的画面', '别的浏览器支持的最低版本是什么', '参会人员最多支持多少人', '参会者和支持人都是通过', '另外你们支持的摄像头', '可以支持几方同时开会呢', '可以支持在沈阳的用户出差到外省', '可以支持多少人同时在线', '可以支持多少人同时在线', '可以支持多少人呢', '可以支持每个参会者都有视频对外吗', '可以稳定顺畅的支持', '可是我这边需要做写定制化的改动你们那边支持么', '可能同时支持多个地点同时连接进来吗', '同时最多支持几方', '和以上版本都支持的', '咱们这个为什么不支持', '咱们这个支持多方互动吗', '咱支持电脑桌面和摄像头双屏幕显示吗', '哪有浏览器支持的比较好', '四个模块除了远程支持其他三个有什么区别', '国外你们都可以支持哪些位置呢', '如果是支持直接配置', '希望得到技术人员的支持', '希望能够获得你们的支持', '希望能支持五方吧', '很多厂家现在这块都会支持', '怎么商城写着只支持', '您的操作系统不受支持', '您的操作系统不受支持', '您的操作系统不受支持', '您的操作系统不受支持', '您的操作系统不受支持', '您的操作系统不受支持', '想问下你们支持录音吗', '想问问你们的产品是可以支持通过', '成都这边有支持吗', '我以为最多支持', '我们每次支持的对象不一定', '我们的不支持的', '我怎么看我的会议室可以支持接入几个人', '我怎么看我的会议室可以支持接入几个人', '我想问一下你们这个软件是支持分享屏幕的是吧', '我想问下咱们的软视频可以支持对摄像头的左右移动吗', '我想问下这个最多支持', '我现在点击那个实时支持的按钮', '我看你们是说支持', '我看你们这个最多只支持', '我看到你给的操作手册上不支持', '我这边计划采购一套支持', '所以你要提供一个支持列表给我', '技术上最多支持多少并发', '支持与其他应用系统集成吗', '支持人和与会者的访问码', '支持什么播放格式呢', '支持几个地方一起开会呢', '支持双向录音对吧', '支持多人开会的那种情况', '支持安卓和苹果还有', '支持屏幕共享对吧', '支持屏幕录制是吧', '支持平台类型都是哪些', '支持接入到自己开发的网站中吗', '支持无线摄像头和小米盒子一类的无线设备接入方式吗', '支持海康等主流的枪机摄像头吗', '支持苹果电脑系统部浏览器是吗', '是不包含支持人和主讲者吧', '是否可以支持单账号多点同时在线使用', '最多同时支持多少人在线视频', '最多同时能支持多少个', '最多支持八方同时在线', '最多支持几人同时在线啊', '最多支持多少人', '最多支持多少人开会呢', '最多支持多少人的啊', '最多支持多少种语言', '最高支持多大分辨率呢', '最高支持摄像头的分辨率是多少', '有线和无线的都支持吗', '正式的支持呼出吗', '每个参会节点需要多大带宽支持呢', '比如我接了专线能支持', '没有找到你说的这个支持', '然后想了解一下该套系统的话是否支持分布式部署', '然后这个最多支持多少人同时在线', '的就无法支持了', '目前支持多少个国家呢', '目前支持多少用户同时开会', '看你们提供的支持程度', '能不能有办法支持下', '能支持几个地方的人员同事开会', '能支持国际语言不', '能支持多少个点同时在线', '能支持多少人同时在线', '能支持多少人同时在线', '视频过程是会有加密技术支持的吧', '_J相P的技g莺Ｍ庵С侄认嚓PM用', '试用版的支持几个人开会', '请问你们支持在线文档转换吗', '请问可以支持多少人同时在线开会', '请问可以支持好多人啊', '这个可以支持几个人', '这个支持多少人同时在线啊', '这个是全平台支持的对吗', '这个是无论什么操作系统都支持', '这个最多支持几方啊', '这些都支持的吗', '这边有现场人员可以支持吗', '那哪些操作系统是支持的', '都支持什么方式了', '需要什么硬件来支持来达到好的效果', '麻烦你帮我问问你们的这个支持']
语义向量：[ 6.27759163e-02  2.40592547e-02  5.02634086e-02 -7.93111786e-02
 -7.87043630e-02  4.83059359e-03 -9.45473286e-02  1.84222910e-02
  1.80702883e-02  6.91324110e-02 -3.15359227e-04  1.09701898e-01
 -5.97566662e-02  2.18630609e-02 -8.81738350e-03  4.52152424e-02
 -1.46828909e-02 -4.02378570e-02 -4.24902495e-02 -5.41927903e-02
  6.57392027e-03  7.88103704e-02 -8.15333546e-03 -1.39854410e-02
 -1.48094001e-01 -2.85599916e-02 -5.73408092e-02 -9.42675103e-02
  2.84433126e-02  3.06932697e-02 -1.23388716e-01 -5.97413169e-02
 -1.00857481e-01  3.30389387e-02  1.93280635e-02  3.82266521e-02
 -7.07589890e-03  3.48407299e-02  4.59611998e-02 -5.54054347e-02
 -4.11209526e-02 -3.49982079e-02 -7.88642917e-02  3.27232040e-02
 -9.34655812e-02  1.60936539e-01 -1.19440874e-01 -1.33376692e-01
 -4.64267024e-02 -4.40694492e-02  9.68175597e-03  1.06188488e-01
  3.34085732e-03  2.53953497e-02 -4.05019709e-02  6.42605460e-02
 -1.18789652e-02 -2.72489618e-02  4.64928900e-02 -4.50071288e-02
  1.29974952e-01  5.74228712e-02  8.55397982e-02 -8.61651645e-02
 -6.20642282e-02  3.74498360e-03 -1.35527489e-01 -1.30089439e-01
  5.05620541e-03 -1.53387452e-01  5.47976784e-02  1.10044597e-02
 -9.04104234e-03 -2.43939502e-02  2.73510443e-02  4.12471579e-03
  4.10068703e-04  2.89716742e-02  6.69846496e-02 -1.16936640e-01
 -7.90290089e-02  7.63730067e-02  4.21701668e-02  2.16213965e-02
 -5.30326982e-02  1.49326888e-02 -2.40211093e-02  3.23393602e-03
 -6.22018233e-03  3.55483077e-02  4.87639543e-02 -1.32321772e-01
  9.83534328e-02 -1.34067663e-01  6.71860638e-02 -8.14365500e-02
  4.76961253e-03 -1.06855339e-01  1.45314075e-02  5.04302017e-02
  1.19539258e-02 -4.46844479e-02 -2.64990525e-02 -6.17194190e-02
 -6.43141045e-02 -8.26142804e-02  3.29584428e-02  3.25190174e-02
 -4.39774151e-03 -4.17505018e-02 -9.57140042e-02 -6.22052438e-02
  2.26970587e-02  1.60473064e-02 -5.02415250e-02 -1.81548202e-02
 -2.47729926e-02  1.80495186e-01 -8.91071685e-02 -1.98983888e-03
 -8.44929993e-03 -8.45128500e-02 -6.85175675e-02 -7.22868137e-02
 -2.40345296e-02  1.14064029e-01  3.01559406e-02 -1.07744481e-03
  8.33485836e-02  9.02520090e-02  2.75795421e-02  6.38812151e-02
  1.60441556e-02  5.89803110e-02  8.26516334e-02  8.05399580e-02
 -6.70805312e-02 -2.26135829e-01 -5.79580347e-02  5.80917044e-02
  2.42371345e-02 -5.27854817e-03  4.40130930e-02  1.57631259e-02
  8.03405894e-02 -1.26361667e-01  1.85043930e-02  4.45221064e-02
  8.76435212e-03 -2.11911701e-02 -1.18396879e-01  5.28303352e-02
 -1.53802761e-02  9.64510441e-02 -1.44147273e-02 -2.96656086e-02
  7.88419544e-02  6.51458299e-03  1.29409676e-01  3.64819038e-02
  2.01560998e-01 -8.55627413e-02  3.20785990e-02  2.44567706e-01
 -4.84886025e-02 -4.59325476e-02 -1.07384461e-01 -8.72021439e-02
  1.82368551e-02 -1.59047312e-01  3.07285789e-02 -5.98544075e-02
 -8.23821830e-02  4.65365752e-02 -4.47539709e-02 -2.43486224e-02
  2.85748208e-02  6.30973959e-02 -5.01837598e-02  2.11880068e-02
  3.14152229e-02 -6.33710985e-03 -2.77025298e-02 -3.43947605e-02
 -9.03396330e-02  2.09255443e-02 -9.50149271e-02 -1.38044372e-01
 -2.59257677e-02  4.52433753e-02 -2.40248829e-02 -4.02705435e-02
  1.80034579e-02 -1.65900234e-02 -7.74662932e-02  3.99708169e-03
 -2.79928716e-02  3.43403795e-02 -4.41300486e-03  8.97664872e-02
 -3.90397724e-02  8.88422045e-03 -1.26003236e-01  1.00947043e-01
 -5.54567191e-02  7.35008569e-02 -4.51511220e-02 -1.74367935e-04
  3.18794006e-02  2.32715966e-02 -3.28359618e-03  1.23863797e-01
  7.12426044e-03 -2.57038738e-02  1.40847107e-01 -5.36670077e-02
  3.73655960e-02 -3.17758965e-02 -8.21894446e-02  2.23425429e-02
  2.57816066e-02  8.79716911e-02  4.99332671e-02 -5.71817030e-02
  4.90445244e-03  7.80024327e-03  6.66836211e-02 -3.41091150e-03
 -1.13392903e-04  4.16851595e-03  3.36069200e-02  3.93836876e-02
  5.44238557e-02  1.22042971e-02  6.19960689e-02 -4.43634189e-02
  2.42243914e-02 -5.89877588e-02  6.92906097e-02  9.93085126e-02
  3.73579896e-03 -2.26414322e-02 -3.51751727e-02  2.11587868e-02
 -3.63086059e-02 -6.63905325e-02  7.51989172e-02  1.19801872e-02
  8.64883083e-02 -2.83441674e-02 -7.58382657e-03 -4.96179405e-02
 -1.25589457e-01 -3.76062843e-02  1.26233860e-02  4.68164315e-02
 -1.53069211e-02 -1.54924101e-02 -2.58686095e-02 -2.24023615e-02
 -2.00224770e-02 -5.01926723e-03  3.27659316e-02  1.44524265e-02
 -1.72758859e-02 -2.38669944e-02  1.78567147e-02 -5.41522059e-03
  1.01300790e-01  2.89013292e-02 -4.88580778e-02 -3.12172472e-02
 -4.63789593e-02 -2.24698796e-01 -7.83088864e-02  9.70680201e-02
 -1.00779029e-02  6.89817378e-03  3.67232970e-03 -4.03110600e-02
 -7.43298626e-02 -6.65962742e-02  5.27097122e-02  5.86678388e-02
 -4.60097428e-02 -3.85953487e-02  1.60891501e-02 -5.16929384e-02
 -1.36004856e-02  6.49319884e-02  2.37506931e-03 -3.36264964e-02
 -4.32117658e-02 -2.87783402e-03  3.63945440e-02 -1.22125352e-02
  1.19844430e-02  4.80266842e-02 -1.64068465e-02 -1.63498529e-02]


第8类： ['你们支持手机吗', '你们有支持手机', '可以支持手机', '怎么支持手机端呢', '手机上支持不', '手机支持不', '手机版支持吗', '手机端也支持吗', '手机端可支持多少人同时视频', '支持手机吗', '支持手机在线视频吗', '支持手机端上线吗', '支持手机端的', '支持江西县级手机', '支持移动端', '支持网页的', '电脑和手机都支持的吧', '请问你们支持手机端吗', '貌似电脑端不支持', '还支持手机客户端是吧', '还要支持手机平板', '这个支持手机移动端吗', '这个支持手机端吗', '这个支持手机端吗']
语义向量：[ 0.01108134 -0.04871187  0.00214693 -0.1602237  -0.18182949  0.15075639
 -0.31243367  0.16863008  0.09155787  0.36636592 -0.06965675  0.23383224
 -0.08807362  0.10860126  0.30051889  0.12683567 -0.06880897 -0.18127963
 -0.15842526 -0.13522112  0.18878971  0.25603914 -0.11053229 -0.03545187
 -0.6022815   0.06542407 -0.03060358 -0.22063078 -0.06593486  0.045253
 -0.21951424 -0.16014626 -0.38394399  0.17421001  0.09089542  0.09847323
  0.07292254  0.13174406 -0.01507734 -0.40758117 -0.04971437 -0.02613102
 -0.376322    0.0608106  -0.39641613  0.32583085 -0.26870985 -0.27304677
 -0.03978854 -0.00908931  0.05876615  0.24121077  0.11539232 -0.06421989
 -0.05398735  0.31406415  0.01302149 -0.14048831 -0.0247905   0.04738849
  0.33600606 -0.11400757 -0.03097045 -0.30997107 -0.00907787 -0.09037897
 -0.14275558 -0.34495174  0.27466855 -0.30605625  0.12175895  0.27684261
  0.21444752  0.07417198  0.15345743 -0.31278461 -0.01206969  0.03187832
 -0.06464091 -0.23932594 -0.33485716  0.22283272  0.13269591  0.24989975
 -0.25342032 -0.01617906 -0.17916591 -0.07342302  0.06956883  0.12019895
  0.079506   -0.02767798  0.13980954 -0.34914965  0.10686303 -0.09165256
 -0.05866052 -0.26554228 -0.02621976 -0.02760252  0.21187393 -0.0561639
 -0.06396941 -0.05718359 -0.08597418 -0.20654817  0.07924659  0.08044157
  0.05928347 -0.19677251 -0.04008209  0.03603757  0.20168799  0.09882019
 -0.18941595 -0.00965792 -0.16294379  0.39821975 -0.33166874  0.00920545
 -0.03382177 -0.11177843 -0.09543071 -0.02193393  0.016325    0.23880264
  0.1974792   0.05133899  0.1748071   0.21749797  0.06715713  0.03310876
  0.21398132 -0.01143775  0.19412445  0.30393175 -0.15695964 -0.52511816
 -0.40111428  0.25093676  0.01876813 -0.01598763  0.14391155  0.13676182
  0.20534481 -0.33650992  0.12423836  0.13244088  0.06375958 -0.04598268
 -0.11880285  0.08449624 -0.05633583  0.15098663  0.08427956  0.04714766
  0.12779383 -0.18181534  0.17714249  0.22232605  0.38808962 -0.33014064
  0.21240556  0.55310944 -0.14081524 -0.02950614 -0.39873994 -0.12690544
  0.11771602 -0.30828573  0.07656553 -0.20640771 -0.04349507  0.14372607
 -0.11972503 -0.15860999  0.04629292  0.23700065 -0.10621761  0.09193095
  0.25678005 -0.02525317  0.02466049 -0.10341334 -0.25257415  0.20112304
 -0.09339445 -0.35331065  0.04923933  0.27152477 -0.13788338 -0.05285546
 -0.11431577 -0.06390271 -0.32277369 -0.05563878  0.07112976  0.19183182
 -0.0013826   0.0191413  -0.26493004 -0.2425856  -0.45075793  0.18312731
 -0.4328905   0.08511259 -0.05776213  0.15201888  0.05957692  0.01726462
  0.05759868  0.29347109 -0.07464077 -0.05615394  0.21262561 -0.09531337
  0.07830317 -0.16251663 -0.32217618 -0.077652    0.22392167  0.19433127
  0.01054981 -0.20794869  0.2377764   0.04681856  0.13665417  0.04766925
  0.13692584  0.05421685  0.160368    0.18162059  0.15314425  0.10142041
  0.17358948  0.04507731 -0.14480894  0.01304757  0.08653371  0.41300151
  0.09079328 -0.2405937  -0.02533033 -0.11641934 -0.20265492 -0.20792772
  0.19612247  0.03378811  0.07629704 -0.05510652 -0.05104988 -0.0283054
 -0.22995519  0.02387866  0.0251459  -0.0265985  -0.00253965  0.01890148
 -0.15866719  0.02414448  0.13145683 -0.12565488 -0.0515444  -0.00678135
 -0.10287691  0.1182397   0.02668304  0.15535774  0.28355341  0.09930071
  0.00136453  0.04678054  0.03743646 -0.30646996 -0.25497732  0.26268311
 -0.05085549  0.12117835 -0.11932206 -0.19190471 -0.0293381  -0.23224031
  0.12454086  0.16000248 -0.04148112 -0.11352986 -0.0743949  -0.29295246
  0.25296708  0.07801845 -0.19148243  0.33112044  0.07896964 -0.19021959
 -0.02270275 -0.08536279  0.17208068  0.06613945 -0.07194151 -0.08297065]


第9类： ['远程支持', '远程支持', '远程支持']
语义向量：[ 2.96641916e-01  1.16352722e-01  1.09975092e-01 -3.16808760e-01
 -3.02675873e-01 -7.47570172e-02 -1.79953218e-01 -8.15449059e-02
 -1.14801511e-01  9.16911140e-02 -8.84346738e-02  3.80479902e-01
 -1.69004247e-01 -1.08322501e-03 -7.27131665e-02  2.08428055e-01
 -9.28738415e-02 -3.24366331e-01 -2.10350126e-01 -2.12834910e-01
 -2.27924325e-02  3.00271302e-01 -1.73157439e-01 -5.20055071e-02
 -6.82445467e-01  1.25781372e-02 -1.96503207e-01 -3.63332570e-01
  1.83853298e-01  1.33011863e-02 -5.43168664e-01 -2.66236424e-01
 -7.19434440e-01 -1.12585574e-02 -5.82643077e-02  5.46770468e-02
 -1.72025681e-01 -1.79180324e-01  2.88845718e-01 -5.08788079e-02
 -4.52552140e-01 -1.37049407e-01 -3.18020523e-01  3.84166479e-01
 -3.46468329e-01  4.89408284e-01 -6.49242282e-01 -4.09347564e-01
 -3.73403132e-01  2.81483084e-02 -5.75342104e-02  3.67867589e-01
  1.62057087e-01  1.45378917e-01 -4.27341521e-01  4.00389582e-02
  7.60912895e-03 -6.23523667e-02  1.92843199e-01 -2.11033061e-01
  4.74060655e-01  3.48185599e-01  1.23780072e-01 -2.74076641e-01
 -2.44797647e-01 -1.14336973e-02 -3.27977449e-01 -6.85924888e-01
 -3.52945700e-02 -8.43356192e-01  2.45657355e-01  3.15286964e-02
  1.46579027e-01  2.03594863e-02  1.03713602e-01  4.07173205e-03
 -1.39341891e-01  2.48694062e-01  2.63514072e-02 -3.72395158e-01
 -4.14544910e-01  2.15319559e-01  1.86417550e-01  1.55234560e-01
 -3.15214336e-01  1.15961194e-01 -1.58290118e-02  1.50688410e-01
 -2.66222656e-01  1.28056869e-01  4.11112756e-02 -4.88537252e-01
  1.24951303e-01 -5.60682297e-01 -3.99299413e-02 -4.53659654e-01
  3.38582546e-02 -3.26764494e-01  6.38100728e-02  2.33842850e-01
  1.76747479e-02 -6.59428090e-02 -1.20063543e-01 -1.67915866e-01
 -1.26148894e-01 -1.57678559e-01 -6.23501167e-02  2.40282431e-01
 -2.54962053e-02 -3.51968020e-01 -4.33651060e-01 -7.66808391e-02
  5.66493422e-02  7.84452781e-02 -9.98301879e-02  1.77249387e-01
  6.41530752e-02  6.94614708e-01 -3.83625507e-01 -2.12596115e-02
 -8.23298693e-02 -4.82663900e-01 -3.25179279e-01 -4.01949525e-01
  8.14673230e-02  2.85633981e-01  1.39885619e-02 -1.76069364e-01
  4.87739921e-01  4.58531559e-01  1.68301910e-02  2.20752195e-01
  3.53079230e-01  2.99551189e-01  3.30469579e-01  3.91060472e-01
 -3.14741403e-01 -1.12926078e+00 -1.59441829e-01  1.99534088e-01
 -1.28713652e-01  5.89413196e-02  1.61825076e-01 -8.36895406e-02
  5.25043845e-01 -5.10623574e-01  1.83988735e-03  2.64417887e-01
  5.64744249e-02 -6.28219843e-02 -5.45491576e-01  2.44297653e-01
 -2.17708901e-01  2.88331687e-01 -2.05084458e-01  1.36240289e-01
  1.07509665e-01 -2.60563612e-01  5.95315456e-01  1.05866760e-01
  8.73366296e-01 -9.07948911e-02  1.14383787e-01  9.27036345e-01
 -1.40331671e-01 -1.45899191e-01 -4.37126547e-01 -2.83220530e-01
  9.64064151e-03 -7.13761568e-01 -1.25044137e-01 -2.42991835e-01
 -3.55194896e-01  3.39755535e-01  1.15222648e-01 -1.77976772e-01
  4.32510972e-02  3.23038012e-01  1.59176797e-01  7.29118586e-02
  1.73222736e-01 -7.81653225e-02  1.32353172e-01 -1.66999862e-01
 -2.08272889e-01  9.46658254e-02 -5.73044121e-01 -4.98185039e-01
 -3.68679196e-01 -1.50631249e-01 -1.99009731e-01  6.02189973e-02
  1.96751505e-01 -6.48610890e-02 -3.85913074e-01 -1.50896788e-01
  1.24482810e-03  4.52884614e-01 -3.12901378e-01  2.17613578e-02
 -7.59877488e-02 -1.02903247e-01 -3.83221090e-01  3.61812443e-01
 -1.08015426e-01  2.55380303e-01 -1.51355907e-01  1.21971099e-02
  8.49427357e-02 -8.85058194e-03  6.28203377e-02  3.68435055e-01
  1.06010631e-01 -5.35755903e-02  6.41120017e-01 -1.83881551e-01
  2.16494977e-01 -2.29393020e-02 -5.53089976e-01  2.04597205e-01
  2.01606676e-02  3.73105109e-01  3.51537287e-01 -2.31726825e-01
 -1.03779532e-01  2.18216747e-01  1.54856771e-01  8.52630958e-02
 -3.02489493e-02 -1.87948167e-01  2.00848237e-01 -3.47552449e-02
  1.91087633e-01  1.30109191e-01  3.46687198e-01 -2.31988132e-01
 -2.02725828e-01 -2.47161746e-01  2.18090355e-01  4.37111259e-01
 -3.27097774e-02 -2.13561714e-01 -2.24937230e-01 -1.91920996e-03
  6.50915354e-02 -2.19692722e-01  3.77770603e-01 -5.53421676e-04
  4.97916311e-01 -7.03165159e-02 -9.67585444e-02 -2.12853104e-01
 -4.30482805e-01 -1.96110204e-01  1.84523627e-01  1.05148382e-01
 -2.31261313e-01 -2.54604846e-01 -1.40808374e-01 -5.68850972e-02
  1.90929294e-01  4.13014088e-04  2.37517878e-01 -1.67984396e-01
  8.71942639e-02 -1.75170377e-01  3.35756868e-01 -1.54040501e-01
  1.09451115e-02 -1.35859132e-01 -3.53947699e-01 -2.68272981e-02
 -1.56881005e-01 -6.74182475e-01 -3.44066948e-01  3.92700136e-01
  8.63907784e-02 -1.87296644e-01  4.26581278e-02 -1.51867062e-01
 -3.04181904e-01 -9.19281021e-02  1.65581584e-01  2.02370673e-01
  1.05322897e-03 -3.10758084e-01  3.22446257e-01 -3.84464145e-01
 -8.84809345e-03  3.77844989e-01 -6.43893406e-02 -9.64050367e-02
 -1.99284658e-01 -9.64546055e-02  1.15119599e-01 -1.14151493e-01
  2.74314314e-01  8.42365474e-02 -4.87987921e-02 -7.41644427e-02]


第10类： ['不需要硬件支持吗', '会议室需要什么硬件支持呢', '参会设备支持那些', '工作台支持什么设备', '我需要硬件支持吗', '支持哪些硬件终端', '支持哪些硬件终端', '有没有硬件支持的', '有硬件支持么', '测试支持同时', '硬件支持什么硬件', '硬件部署支持吗', '贵公司是软件支持还是硬件支持', '这个系统支持视频硬件吗', '这套系统支持软终端还是硬件终端', '需不需要硬件支持', '需要什么样的硬件支持', '需要什么样的硬件支持', '需要什么硬件支持吗', '需要什么硬件支持的', '需要哪些硬件支持', '需要硬件支持吗', '需要软件硬件支持么']
语义向量：[ 0.14412699  0.14876205  0.07737242 -0.088662   -0.17641992  0.15625863
 -0.07218435 -0.08717891  0.07528624  0.15736283 -0.03674301  0.16339483
 -0.10025688  0.10885154  0.00738542 -0.10937418 -0.06906224 -0.24356034
 -0.05914387 -0.22456252 -0.0181259   0.2251497  -0.00865742 -0.1501395
 -0.41858825 -0.01907045 -0.02080546 -0.14518425  0.11322324  0.06353399
 -0.2769707  -0.35782518 -0.27278355  0.04719224 -0.03513513  0.01358869
 -0.06142355 -0.06101636  0.12257979 -0.15966213 -0.16171213 -0.15911783
 -0.16353079  0.17119805 -0.20274877  0.27650506 -0.18492974 -0.16181833
  0.06258709 -0.00838107 -0.16137868  0.19012906  0.14241979  0.03718625
 -0.2213226   0.0726368   0.10493532 -0.09915111  0.04697563 -0.1391236
  0.29678153  0.14327861  0.04848395 -0.313062   -0.26106694 -0.01119435
 -0.30173346 -0.34998374  0.02992918 -0.43504967  0.08322211 -0.03627957
 -0.00309882 -0.07778908  0.06606406 -0.21292152 -0.06303059  0.16115539
  0.1268227  -0.29750865 -0.29982156  0.17354107  0.24849572 -0.12445348
 -0.12286262  0.0366342   0.00299875  0.04526179 -0.01344968  0.19382428
  0.20110872 -0.37192538  0.14799469 -0.38615984  0.12334605 -0.1613282
  0.12725553 -0.26506339  0.12560665  0.04911711  0.02523208 -0.15626822
  0.01340319 -0.03916451 -0.09925742 -0.16361896  0.03961681  0.19184325
 -0.01715159 -0.06463993 -0.21528219 -0.04401279  0.09218342  0.00123215
 -0.12225588 -0.0356056  -0.06283525  0.38296697 -0.3391242   0.07499515
 -0.0475649  -0.41798381 -0.21783297 -0.101604    0.06577061  0.35771867
  0.03330614  0.05959751  0.15656242  0.24886911 -0.10703627  0.0147382
  0.19155629  0.06960793  0.1640469   0.39022231  0.04249624 -0.55825864
 -0.07102388  0.07789664 -0.10885809  0.09287225  0.16935365 -0.00470658
  0.22991325 -0.20166153 -0.19327805  0.32618277  0.0038367  -0.02367404
 -0.13041321  0.04398909 -0.03379995  0.15272525 -0.03770416  0.04019236
  0.15454195 -0.31898951  0.32254856  0.19231832  0.43227039 -0.21135303
  0.10042643  0.61997017 -0.21619541 -0.0784189  -0.19521338 -0.23863771
  0.0670288  -0.34699415  0.01344779 -0.33725205 -0.14460526  0.12364942
 -0.11517556 -0.00777947 -0.02174696  0.19907732  0.00689032  0.11085499
  0.18644343  0.0025784   0.06105897 -0.20902491 -0.30965979  0.09223633
 -0.39035611 -0.25351835 -0.10333098  0.16568255 -0.02613829  0.02356069
  0.10587665 -0.12780071 -0.21216777 -0.1044191  -0.13660521  0.33351181
 -0.09758985  0.12708505 -0.28691053 -0.02563039 -0.25461068  0.17267946
 -0.20622516  0.06806214  0.06412633 -0.04663026  0.16039284  0.01776034
  0.10507326  0.19012438 -0.10765774 -0.1580243   0.35182354 -0.02375908
  0.08477042 -0.02390572 -0.16159374  0.13294117  0.04321906  0.11962718
  0.1281645  -0.08427198 -0.04006562  0.1387511   0.07947751 -0.0120647
  0.02756025 -0.02894877  0.02245917  0.01110061  0.10933881  0.03377641
  0.16889191 -0.03257413 -0.08836955 -0.24121928  0.16998564  0.41671628
  0.03088666 -0.04902258 -0.11272686 -0.08424297 -0.05319159 -0.25330532
  0.15352092  0.06927787  0.23727245 -0.07342214  0.03005485 -0.06082342
 -0.26337896 -0.04477131 -0.07958192  0.08951281 -0.01889666 -0.14995966
 -0.06404845 -0.00788597  0.04813021 -0.04192212  0.14765154 -0.1585084
  0.06158161 -0.04659102  0.02510477 -0.01954983  0.24603431 -0.02792498
 -0.13227334 -0.02914925  0.0568623  -0.25139958 -0.17111464  0.22317979
  0.0862061   0.07362466  0.05992275 -0.05612835 -0.16683969 -0.19513719
  0.12539144  0.06964849  0.03939471 -0.06760331  0.11069766 -0.25709588
  0.03319695  0.06507215 -0.09161865  0.01279257 -0.03935325 -0.02418056
  0.0596044  -0.0126301   0.24979388  0.05014416 -0.0405429  -0.10213474]


第11类： ['下面支持下载', '下面有个支持下载', '下面的支持下载有快捷工具您可以下载下', '下面的支持下载有快捷工具您可以下载下', '下面的支持下载有快捷工具您可以下载下', '下面的支持下载有快捷工具您可以下载下', '不支持下载啊', '支持下载这个在哪里呀']
语义向量：[-0.00051309 -0.19131962 -0.08160026 -0.11552262 -0.00709944  0.13770581
 -0.21039986  0.27339131 -0.0280181   0.32794169  0.07237161  0.24141231
 -0.16679001  0.18872677  0.33035466  0.20638051  0.09247294 -0.18027237
  0.0970537  -0.2058653  -0.06244172  0.02275658 -0.00591391  0.14205393
 -0.20976459  0.04615121 -0.07328724 -0.08678947 -0.10230984 -0.01728673
 -0.15003678  0.04482819 -0.13915409  0.21421456  0.04186598 -0.0587827
 -0.17481435 -0.07415873  0.02295966 -0.14555293  0.03574067 -0.1018134
 -0.21627595  0.07162222 -0.1679285   0.28980071 -0.15952712 -0.21362215
 -0.03496197  0.12327765  0.09690886  0.19035629  0.15268304 -0.06318615
 -0.01720011  0.20212626 -0.06622102 -0.04122032 -0.10102207  0.00354606
  0.16494328  0.08781216 -0.04016316 -0.1441605  -0.04588877 -0.03346437
 -0.2397566  -0.32933354  0.05929849 -0.16887445  0.01559064  0.32886658
 -0.03579644  0.17124322  0.07233857 -0.11058821  0.01682861  0.05316469
 -0.02046804 -0.36543845 -0.0547698   0.10037735  0.13001104  0.15413918
 -0.26072433  0.09280189 -0.09789974  0.04188243  0.13172584  0.14048734
  0.18243895 -0.09663022  0.0019624  -0.07292605  0.13556453 -0.13792811
 -0.1246572  -0.11807269 -0.1726991   0.09621368  0.15218103 -0.02801992
 -0.05838127  0.12728539 -0.10548388 -0.30395357  0.02461402  0.10784417
  0.20295552  0.08344292  0.02321913 -0.1343579  -0.1170547  -0.077155
 -0.29003585  0.08939559 -0.05499706  0.24012055 -0.08881833 -0.07406886
  0.05797744 -0.19404284 -0.10070463  0.05269229 -0.02810527  0.10578908
  0.09733877  0.03063834  0.07058081  0.25035291  0.08446324  0.02801484
  0.046306    0.07382939  0.19865352  0.17688832 -0.04425882 -0.19093428
 -0.13926298 -0.07456748 -0.03820345  0.01288204  0.16912073  0.05894447
  0.21829722 -0.24904576  0.01430947 -0.01783748 -0.0410464  -0.01125898
 -0.23593281  0.15819068 -0.08298883  0.27216216  0.20855184  0.07418363
  0.0204933  -0.0141536   0.18751628  0.21524417  0.25031558 -0.27996406
  0.23325243  0.2873077  -0.13347908  0.02307099 -0.38623998 -0.1179933
 -0.00930626 -0.27163887  0.03457427 -0.15955931 -0.00273313 -0.02919739
  0.00662344 -0.15605662 -0.01141769  0.05032202  0.02814729  0.18675122
  0.13429602  0.04221836 -0.08535969  0.0828922  -0.17050638  0.07741829
  0.02934043 -0.17941058  0.05825755  0.15075481 -0.07485048 -0.07878668
 -0.0931708  -0.07444044 -0.37556238  0.10783017  0.06139214  0.04540125
  0.14476792  0.09509874 -0.18182002 -0.1774658  -0.24038401 -0.01698838
 -0.21150665  0.12145627 -0.17525191  0.23035379  0.09221695 -0.09414802
  0.10011639  0.21928474  0.09527573  0.05817032  0.15671399 -0.07773093
  0.05384925 -0.08865989 -0.15925792 -0.04837446  0.23841697  0.15665491
  0.0676449  -0.11691641  0.1313661   0.03618301 -0.09634746  0.01825191
 -0.01313053  0.18955286  0.12990702  0.06069119  0.19997132  0.1050806
  0.16421988 -0.06310785 -0.05617415 -0.00674313 -0.01613084  0.21699503
  0.0309724   0.04371531 -0.01139462  0.01195229 -0.16991302 -0.08925578
  0.11815613 -0.07005627  0.02261436 -0.00395801 -0.07781189  0.01637112
 -0.20588762  0.03482986  0.01045053 -0.05799902  0.02740493  0.14002714
  0.05678956 -0.02283547  0.06045668 -0.20483175 -0.04577414  0.03952719
  0.03478578  0.06037071 -0.1629573   0.18852301  0.28313803  0.15380557
  0.08801199  0.09199981  0.12819938 -0.05658558 -0.22556241  0.02201657
  0.04704961  0.29411069  0.04564261  0.02283591 -0.09773337 -0.18179617
 -0.10387418  0.16130124 -0.02907264 -0.20173279 -0.03167593 -0.01516815
  0.20227197  0.05536564 -0.17268808  0.06932761 -0.07637681 -0.08055179
 -0.01489516  0.04292024  0.03416634  0.12718758 -0.07845513 -0.20251073]


第12类： ['你们的电话会议系统支持', '支持电话会议么', '是否支持国际的电话会议', '是否支持电话会议', '电话会议可以支持多少人', '电话会议最大支持多少方', '电话会议最大支持多少方', '视频电话会议有支持']
语义向量：[-2.96460218e-02  2.29427258e-01  1.01868409e-01 -3.73261973e-01
 -1.07152000e-01  3.02083613e-02  4.80176953e-02 -8.81358925e-02
  1.14949485e-01  1.17229297e-01 -5.17895349e-02  2.73524486e-01
 -1.42870750e-02 -4.20315876e-02 -2.36798922e-02 -4.43118285e-02
 -6.68969918e-02 -5.51719572e-02 -1.45589309e-01 -1.39048290e-01
  3.96001036e-03  1.93990419e-01  1.81202143e-01 -1.68256355e-01
 -6.25031568e-01  7.88339165e-02 -3.58935562e-03 -2.21990898e-01
  4.88946661e-02  3.20627615e-02 -3.55067838e-01 -4.28374361e-01
 -2.35272884e-01  1.18438846e-02 -3.66942098e-02 -7.99238486e-02
  3.15238209e-02 -6.82208883e-02  1.48451612e-02 -1.56105138e-02
 -4.06513667e-02  4.65424571e-02 -6.67426698e-02  3.41970671e-01
 -2.71452783e-01  2.00926598e-01 -2.02525254e-01 -5.97468060e-02
  2.17610866e-01 -8.31508980e-03 -3.39448904e-02  1.36302941e-01
  2.09078174e-01  5.72984298e-02 -2.54873734e-01  8.72099511e-02
  4.34033519e-02 -1.75316615e-02 -1.41909072e-02 -2.51439436e-02
  3.31102330e-01  6.77427556e-03 -5.30743974e-02 -1.96460314e-01
 -2.07361523e-01 -5.06934375e-02 -3.92267445e-01 -2.34556269e-01
 -6.50973036e-03 -5.95793091e-01 -2.54335743e-02 -8.50680223e-02
  2.47306393e-01 -1.56278849e-01  1.40522810e-01 -2.12586241e-01
 -1.88453067e-01  3.60247180e-01  4.39122615e-02 -2.67399151e-01
 -3.20714362e-01  1.95506398e-01  2.63626104e-01  1.03318053e-02
 -2.42221612e-01 -3.63379251e-02  4.94362351e-02 -1.66555855e-01
 -1.36251200e-01  2.57941881e-01  1.96425605e-02 -3.69252257e-01
  1.88448808e-01 -3.19130894e-01  1.27032685e-01 -1.23615274e-01
  1.11871458e-01 -2.62086021e-01  1.23250867e-01 -4.31078009e-02
  5.49997324e-02 -3.03018253e-01 -6.93737366e-02  5.23971582e-02
 -3.29748401e-02 -1.92668999e-01 -7.83650180e-02  3.22443750e-01
 -3.84376856e-02 -2.11768009e-01 -2.07284519e-01 -1.62748534e-01
  2.33233544e-01  1.56081863e-01  6.35812166e-02  4.13554348e-02
 -8.45393282e-02  3.71494088e-01 -4.94023882e-01  1.81670461e-02
 -3.31532815e-03 -3.16064328e-01 -1.80571835e-01 -2.28171771e-01
  7.95170250e-02  8.19810858e-02  1.77074796e-01  8.92703012e-02
  2.46991772e-01  2.37752395e-01 -1.35798948e-01  1.36091008e-02
  3.48174345e-01  9.16043445e-02  2.15506606e-01  1.96723718e-01
 -2.00869536e-01 -8.70719425e-01  2.50066885e-02  2.19652176e-01
  7.86667394e-02  8.48210761e-02  7.02830004e-02  1.01808859e-01
  6.47241178e-02 -1.84655297e-01 -1.22538817e-01  2.34368976e-01
 -6.80583064e-04 -2.92501005e-02 -1.55217640e-01  1.67864210e-01
 -8.28857478e-02  1.83578346e-01 -1.33783824e-01 -2.48584873e-02
  2.69349653e-01 -3.47718481e-01  2.97966171e-01  1.06420916e-01
  5.60264215e-01 -8.08839123e-02 -5.68581368e-02  4.54902537e-01
 -1.88082401e-01  7.31773905e-02 -1.78169608e-01 -3.11006222e-01
  6.84842812e-02 -2.54016839e-01 -4.96974380e-02 -9.70698074e-02
 -2.08081738e-01  3.29824028e-02  4.67203732e-04  1.12358588e-01
 -1.44938924e-02  4.35242131e-01 -2.72581503e-02 -5.66788742e-02
  1.05966539e-01  1.24734114e-01 -5.65682100e-02 -3.02177593e-01
 -1.82774248e-01  1.44058662e-02 -1.51351383e-01 -4.51610509e-01
 -1.93933848e-01  3.21837399e-01 -1.10325714e-01 -1.68776893e-01
  2.25837816e-01 -2.60635796e-02  2.76833242e-02 -1.73634654e-01
 -8.38506675e-02  4.04449105e-01 -2.61354573e-01  2.43567329e-01
 -1.11335948e-01  3.70130022e-02 -3.97902876e-01  9.85281272e-02
 -2.09685067e-01  9.72565431e-02 -2.09815511e-02 -2.00921467e-01
  1.51037754e-01  1.19661325e-01 -3.42593889e-02  1.89080344e-01
 -1.67879181e-01 -2.92787017e-01  3.99534181e-01  1.06221313e-01
 -7.55305476e-02 -7.92595320e-02 -3.33913609e-01  1.52128320e-01
 -8.62316955e-02  2.22940879e-01  2.61104599e-01 -6.06864304e-02
 -9.60691299e-02  1.42736703e-01  1.60450840e-01  1.52107596e-01
  1.53684203e-01 -9.37973652e-02  1.66392538e-02  7.39701120e-02
  7.34866004e-02  3.56301945e-03  4.00988271e-02 -1.75528381e-01
 -1.47596166e-01 -1.86810434e-01  8.41531223e-02  4.31306046e-01
 -7.86772669e-03 -5.70269059e-02 -1.33041840e-01 -2.22737603e-01
 -3.15290405e-02 -2.56709095e-01  7.56443013e-02  3.28642388e-02
  2.81094912e-01 -1.74423915e-01 -3.63541578e-02 -2.61661392e-01
 -3.31765056e-01 -1.08644780e-01 -1.38338513e-02 -2.16936269e-02
 -1.74663482e-02 -1.47650673e-02 -6.39158837e-03  1.85326794e-01
  1.39409535e-01  7.22719650e-02  1.80435518e-01 -2.92841129e-01
  1.01533423e-01 -1.81839395e-01  2.13903319e-01 -4.37741654e-02
  4.10418423e-01  1.37853781e-01 -2.11490834e-01 -7.97241083e-02
  5.65074079e-02 -3.63082185e-01 -1.51279297e-01  2.33519532e-01
  1.82587313e-01 -1.60193788e-01  5.49609310e-02  1.79612886e-02
 -1.67410990e-01 -1.23704376e-01  1.04655885e-01 -2.68973777e-02
  4.00043298e-02 -1.12676783e-01  1.25854144e-01 -3.40010617e-01
  1.00927075e-02  9.31000644e-02 -2.76442115e-02  5.51519459e-03
 -5.86363305e-02 -1.06855540e-02  2.73819339e-01 -3.94071040e-02
  2.05159785e-01  1.88335557e-01 -2.76169959e-02 -2.06581514e-01]


第13类： ['产品支持多人在线视频', '产品最多只支持', '以上系统都支持的', '你们产品支持吗', '你们只是提供软件支持', '你们的系统支持', '你们的系统支持', '你们的系统支持录像吗', '你们的系统支持私有化吗', '你们软件支持', '你们这个支持哪些系统连接', '你们这个系统支持集成吗', '你们这个系统需要什么硬件支持吗', '你这系统还需要硬件支持吗', '咱们软件最高支持多少人在线', '在线培训支持录像功能吧', '培训系统是否支持', '提示我系统不支持', '支持安卓系统吗', '支持录制的功能', '支持案桌系统吗', '最低需要什么系统才能支持', '有没有技术服务支持', '电话会议系统支持本地部署吗', '系统不支持上不去', '贵公司产品是否支持自动呼叫', '这个是软件支持吗', '这套系统有没有软件支持的', '远程支持也行嘛', '都需要网络支持吗']
语义向量：[ 0.13570651  0.06551916  0.07853066 -0.10236929 -0.16508709 -0.02712515
 -0.10496375 -0.00857092 -0.04962167  0.06839362  0.02353774  0.17522169
 -0.1444081   0.01233037  0.01385658  0.04948454 -0.15043815 -0.10040677
 -0.14099175 -0.16017542 -0.05113813  0.16842555 -0.02535957 -0.06391369
 -0.38087893 -0.03617906 -0.03186589 -0.20309656  0.04599283  0.03093094
 -0.29838702 -0.16888661 -0.29559227 -0.07515699 -0.07493154 -0.01381139
 -0.06204101 -0.08918035  0.05545778 -0.00406751 -0.1726532  -0.03309758
 -0.15465458  0.17371841 -0.11810395  0.24630669 -0.25199474 -0.22953973
 -0.03968681  0.03246263 -0.12511272  0.23641909  0.03884012  0.03913773
 -0.24501313  0.07812104  0.01351725 -0.03468206  0.06715934 -0.13068165
  0.2277268   0.19303294  0.04381552 -0.24736023 -0.13131979 -0.03693711
 -0.09395415 -0.27619804 -0.10904247 -0.40139257  0.09432026  0.07120432
  0.04588375  0.04529379 -0.00212748 -0.09092971 -0.0502065   0.16664682
  0.03783752 -0.20375889 -0.27960702  0.15523536  0.11484412 -0.00146382
 -0.11833809  0.02310687  0.05947157  0.04307175 -0.08387579  0.05656579
  0.09476377 -0.18487166  0.05340951 -0.33579733  0.12047343 -0.25032269
  0.04874883 -0.07420083  0.0297126   0.10000604  0.07694539 -0.12386587
  0.0047759  -0.05498026 -0.06960576 -0.1619147  -0.04277114  0.10358964
 -0.07115954 -0.19672296 -0.18020395 -0.08450653 -0.04473497  0.12013852
 -0.01185874  0.01888109 -0.0125495   0.24364497 -0.2935419  -0.03286373
  0.02277876 -0.29271633 -0.24087519 -0.13976217  0.05603861  0.11242338
  0.03274047 -0.05834355  0.17784011  0.30188393  0.01829794  0.06587136
  0.1897257   0.09245761  0.14360598  0.14971716 -0.09777754 -0.52846395
 -0.12255093  0.10790895 -0.06860198  0.04164345  0.18813122 -0.015226
  0.25755908 -0.10068024 -0.06441326  0.17138723 -0.02410228  0.06885347
 -0.24718243  0.03137995 -0.09536379  0.08823388 -0.00606935  0.07389144
  0.03083789 -0.12941781  0.24033341  0.07875516  0.43111196 -0.09962129
  0.12071796  0.45562869 -0.17345751  0.02862186 -0.3052033  -0.21971626
  0.01300141 -0.29620466 -0.0823439  -0.16967461 -0.11205719  0.16404989
 -0.03695989 -0.13972376 -0.07130775  0.21898037  0.06925997  0.04498616
  0.19600967  0.04088294  0.09069744 -0.11529285 -0.17882     0.08844181
 -0.25419166 -0.18706517 -0.20599305  0.07257428 -0.06628538 -0.01096989
  0.14631337 -0.07759324 -0.17815298 -0.06175571 -0.02258107  0.22240759
 -0.08191238  0.08009862 -0.17180612 -0.05029015 -0.2051223   0.18798386
 -0.08162555  0.08865545  0.00122146  0.07212043  0.13196896  0.01964246
 -0.00282777  0.12751571  0.0553407  -0.11918808  0.3128018  -0.07174267
  0.01570227 -0.00220059 -0.13513341  0.08462316  0.01530792  0.14378341
  0.19841633 -0.09949933  0.01184877  0.09377808  0.10618647  0.02662673
 -0.00569004  0.03678779  0.01916336  0.01554303  0.02897577  0.23320575
  0.18688735 -0.12090148 -0.15192128 -0.12079936  0.08110393  0.30538594
 -0.02519317 -0.13089957 -0.01158927  0.02825872  0.0346951  -0.18833018
  0.14137702  0.08113548  0.19739565  0.05160912 -0.04250016 -0.0379181
 -0.24706411 -0.01430965 -0.00382448  0.06850867 -0.05770535 -0.12487825
 -0.05513695 -0.06528965  0.08314595 -0.09794285  0.1325063  -0.12083718
  0.10212494 -0.09247398  0.08734763 -0.04121806  0.09096614 -0.00267202
 -0.14587252 -0.08880894 -0.08688009 -0.32262872 -0.18104807  0.13992932
  0.13228104 -0.09586574  0.04301506 -0.13028299 -0.18583362 -0.03379193
  0.07593896  0.07428544  0.02949881 -0.15717904  0.08455994 -0.17332598
  0.00477959  0.12761546  0.00677619  0.04401163 -0.06127193 -0.08537684
  0.08156781  0.02815882  0.04962923  0.09021299 -0.06143541  0.0348165 ]


第14类： ['你们支持', '你们支持', '你们支持', '使用支持', '可以支持', '可以支持', '可以支持', '可以支持', '可以支持', '咱们支持', '售前支持', '在线支持时', '就是支持', '我们支持', '支持三方', '支持多方', '支持多达', '支持多达', '支持多达', '支持录制', '文件共享支持', '是否支持', '是否支持', '最低支持', '最大支持', '最大支持', '没有支持', '浏览器支持', '请问支持', '请问支持', '需要支持', '需要支持']
语义向量：[ 2.07868814e-01  7.89346894e-02  1.68295681e-01 -2.27366720e-01
 -2.23292556e-01  1.59076113e-02 -2.94976540e-01  4.12892310e-02
  5.52289997e-02  2.02801491e-01  1.22439289e-02  2.97425177e-01
 -1.74284006e-01  5.06808629e-02 -4.54286204e-02  1.38722855e-01
 -4.89492223e-02 -1.11113312e-01 -1.50892338e-01 -1.57588041e-01
  1.07523674e-02  2.29508744e-01 -2.75026603e-02 -1.80441607e-02
 -4.20004032e-01 -1.06231095e-01 -1.53963825e-01 -2.82903267e-01
  1.07076488e-01  1.18031882e-01 -3.76940084e-01 -1.73751039e-01
 -2.79797247e-01  7.56512990e-02  4.09435428e-02  1.22901096e-01
 -2.08887927e-02  1.21266929e-01  1.37751945e-01 -1.55364083e-01
 -1.04049742e-01 -8.81130398e-02 -2.31511824e-01  8.41165585e-02
 -2.56491256e-01  4.90157327e-01 -3.58982424e-01 -4.11729596e-01
 -1.33743785e-01 -1.44383334e-01  1.90266419e-02  3.20986820e-01
 -3.28897308e-02  9.98385379e-02 -1.31974917e-01  1.85936710e-01
 -5.77416380e-02 -5.63370839e-02  1.79507707e-01 -1.29404970e-01
  3.76876490e-01  1.76163886e-01  2.87911692e-01 -2.17649868e-01
 -1.71081844e-01  6.48565375e-03 -4.03696962e-01 -3.72582678e-01
  5.50961983e-03 -4.49279840e-01  1.56599811e-01  2.70257134e-03
 -3.93693815e-02 -6.23264195e-02  6.25367742e-02  5.58688235e-03
  2.10811270e-02  8.86833440e-02  2.34800046e-01 -3.45600711e-01
 -2.36280634e-01  2.41460174e-01  1.01996394e-01  4.39650625e-02
 -1.29137458e-01  4.82489094e-02 -5.32960247e-02  2.04192894e-03
 -1.58521147e-02  9.46162716e-02  1.54780758e-01 -3.78249802e-01
  3.17710542e-01 -3.94864175e-01  2.08004473e-01 -2.50786722e-01
  2.36248615e-02 -2.88849725e-01  5.49705541e-02  1.55102498e-01
  4.19197802e-02 -1.37108970e-01 -7.70878231e-02 -2.10057099e-01
 -1.99558910e-01 -2.42651461e-01  9.06633745e-02  6.49452377e-02
 -2.23855521e-02 -1.20474430e-01 -3.13434677e-01 -2.03102532e-01
  3.70102883e-02  4.25374203e-02 -1.12855670e-01 -5.04448563e-02
 -6.53613263e-02  5.24395267e-01 -2.59447814e-01 -1.60610440e-02
 -1.04977693e-02 -2.17623109e-01 -2.31049038e-01 -2.38205565e-01
 -8.35829527e-02  3.15140948e-01  8.39484815e-02 -7.26162791e-03
  2.37107360e-01  2.79440911e-01  1.12978824e-01  2.08273027e-01
  1.05668331e-02  1.69758719e-01  2.34902876e-01  1.85601563e-01
 -2.17175537e-01 -6.65602788e-01 -1.65368963e-01  1.65922921e-01
  1.03896226e-01 -2.23951421e-02  1.24143932e-01  4.39203106e-02
  2.22395310e-01 -3.56451956e-01  4.54656280e-02  1.12348434e-01
  2.64313859e-02 -5.34735679e-02 -3.60698566e-01  1.39345002e-01
 -4.04258631e-02  2.79876536e-01 -3.94302321e-02 -9.75042358e-02
  2.18276463e-01  6.83387631e-02  3.90309901e-01  7.98386625e-02
  6.06432648e-01 -2.25360734e-01  1.05379536e-01  7.00373454e-01
 -1.49450727e-01 -1.30553081e-01 -3.02641429e-01 -2.63383082e-01
  3.26851210e-02 -4.77489086e-01  8.40602254e-02 -1.51300854e-01
 -2.51301774e-01  1.44939273e-01 -1.39028774e-01 -8.16949899e-02
  8.12414916e-02  1.81894655e-01 -1.51219280e-01  5.05007731e-02
  8.34385720e-02 -1.95820192e-02 -7.47879327e-02 -9.65631159e-02
 -2.57637816e-01  6.98299959e-02 -2.73147797e-01 -4.04741272e-01
 -7.91478804e-02  1.27991381e-01 -7.54152236e-02 -1.25902244e-01
  6.52998914e-02 -5.08008706e-02 -2.27586382e-01  2.26094942e-02
 -5.46037069e-02  5.50169442e-02  4.54009546e-03  2.82032090e-01
 -9.93086006e-02  5.02689818e-02 -3.72205435e-01  3.06354841e-01
 -1.47200512e-01  2.30266580e-01 -1.72140424e-01  9.79807519e-04
  1.03005287e-01  8.23094461e-02 -3.11244218e-03  3.78421139e-01
  4.48175273e-02 -6.34167419e-02  4.08762527e-01 -1.63297820e-01
  1.08463630e-01 -1.20239406e-01 -2.30065669e-01  4.85793012e-02
  6.00218972e-02  2.53248096e-01  1.40865168e-01 -1.63439903e-01
  4.98725276e-05 -2.46645534e-03  2.03209084e-01 -3.48376997e-02
 -1.96707648e-02  2.42453633e-03  9.38434396e-02  1.45026004e-01
  1.46873956e-01  3.58568791e-02  1.89248701e-01 -1.51665771e-01
  8.47957430e-02 -1.76185267e-01  2.10711586e-01  2.75484405e-01
 -6.15487079e-03 -8.08702707e-02 -8.50853280e-02  8.51228766e-02
 -8.90507529e-02 -1.95689362e-01  2.20742262e-01  5.68306716e-02
  2.53518676e-01 -6.24407089e-02 -2.66127999e-03 -1.24208589e-01
 -3.83447962e-01 -1.12505589e-01  5.52453368e-03  1.53804432e-01
 -6.24439159e-02 -2.19065849e-02 -4.60657284e-02 -9.21221698e-02
 -9.02805917e-02  2.13726732e-03  1.01762111e-01  6.51534367e-02
 -4.30192515e-02 -5.88318381e-02  4.88386843e-02 -2.51677157e-02
  2.86937919e-01  9.69840199e-02 -1.60796587e-01 -9.82798934e-02
 -1.83616350e-01 -6.96316371e-01 -2.26419173e-01  2.87430464e-01
 -2.23889893e-02  1.09899775e-02  1.85275801e-02 -1.35898011e-01
 -2.42943774e-01 -2.08936938e-01  1.58965387e-01  1.86008918e-01
 -1.57084762e-01 -1.00226304e-01  3.14538208e-02 -1.33628433e-01
 -7.53936865e-02  2.22573273e-01  1.20945156e-02 -1.08670141e-01
 -1.31541017e-01 -2.32832294e-02  1.22019067e-01 -1.27681827e-02
 -1.25234807e-02  1.33650956e-01 -5.30654835e-02 -9.99545728e-03]


第15类： ['你们视频聊天支持', '你们这个视频软件是不是只支持', '只支持公有云吗', '同时可以支持多少路视频', '支持几路视频呀', '支持多人视频吗', '支持视频吗', '这个是支持跨国视频的', '这个视频会议室支持我们播放']
语义向量：[ 4.66759232e-02  9.95313095e-02  1.20401145e-01 -2.11217524e-01
 -1.67964120e-01  1.10507049e-02 -2.75870279e-02  4.21968589e-02
  3.64572911e-02  1.12436893e-01 -1.63308442e-02  1.48098702e-01
 -2.63805842e-02 -3.38795889e-02 -2.52138945e-02  1.27089051e-02
 -1.02397481e-01 -1.07395966e-02 -4.74601663e-02 -1.72757877e-01
 -6.56528692e-02  9.30106971e-02 -1.20088190e-02 -9.89818714e-02
 -4.45963356e-01  7.65976301e-02 -1.25324955e-01 -1.71409314e-01
  4.09848185e-02  2.80128581e-02 -2.47479202e-01 -3.44541018e-01
 -3.19273740e-01  8.20685186e-02  4.73869435e-02 -2.56977187e-02
  7.11936595e-02 -1.18524667e-01  1.16390874e-01  2.48360757e-02
 -1.16721215e-01 -4.56021332e-02 -1.37610280e-01  1.92870199e-01
 -2.53338308e-01  3.52070141e-01 -3.42574100e-01 -2.85419323e-01
 -4.54727862e-02 -3.54790393e-02 -2.44844082e-02  2.60603660e-01
  1.84320200e-01  7.55700502e-02 -1.05477533e-01  4.53797827e-02
 -4.67491566e-02 -4.88126611e-02 -5.43241315e-02 -5.31890351e-02
  2.86681087e-01  1.80532176e-01  2.75801867e-05 -2.10008015e-01
 -1.79046194e-01 -1.07109587e-02 -2.64601780e-01 -2.76180502e-01
 -8.06918081e-02 -4.02776192e-01  1.04672811e-01 -2.03639867e-02
  2.96212286e-02  6.29448560e-03  8.09233997e-02 -2.29983285e-02
 -1.44950809e-01  1.77669444e-01  7.00924537e-02 -2.73882344e-01
 -9.72632700e-02  1.00668859e-01  1.72406613e-01  2.23229714e-02
 -3.81853142e-02 -1.24926327e-02 -1.03238564e-02 -2.64621791e-02
 -9.90602242e-02  2.42805228e-01  2.08594165e-02 -3.19873205e-01
  2.28550341e-01 -2.33383654e-01  9.52563294e-02 -2.18007089e-01
  1.85591734e-02 -2.66971447e-01  7.28409659e-02  3.73735920e-03
 -7.97160636e-02 -2.00484933e-01 -4.41599157e-02  4.76459492e-02
 -5.78386775e-02 -1.13326441e-01 -5.70291439e-02  2.33139291e-01
 -1.48752727e-02 -1.50975689e-01 -1.98960899e-01 -1.00856177e-01
  9.82284229e-02  9.57792923e-02 -4.84464693e-02  7.98611330e-02
 -4.28525151e-02  2.65589131e-01 -2.65712678e-01 -1.96977737e-02
  7.38203879e-02 -1.94257410e-01 -2.44560925e-01 -1.13400345e-01
  3.78909945e-02  2.26249510e-01  6.07011782e-02  8.17906848e-02
  2.55184160e-01  1.37502354e-01 -2.67330505e-02  5.07756658e-02
  2.37231655e-01  1.94470364e-01  2.13247180e-01  3.13823508e-01
 -1.95579703e-01 -5.81360526e-01 -1.87900000e-02  2.20058584e-01
 -2.02011365e-02 -4.87845098e-02  1.26650268e-01  1.18968364e-01
  1.03185066e-01 -3.17941329e-01  1.97077505e-02  9.74164249e-02
  5.78919583e-02  3.17828891e-02 -1.63376501e-01  2.43229695e-01
 -1.14741164e-01  1.38210120e-01  5.06649129e-02 -4.28325217e-02
  1.51895389e-01 -3.18782917e-02  2.57203933e-01  4.47475455e-02
  3.38149006e-01 -1.65603941e-01  3.46828262e-02  4.06538655e-01
 -7.57224167e-02  2.14885821e-02 -1.90799803e-01 -2.00353894e-01
  1.02963712e-01 -2.93760051e-01  1.77278258e-02 -1.59995442e-01
 -5.33148216e-02  2.79945073e-03 -5.22917200e-02 -5.00149170e-03
  3.95055009e-02  2.23988407e-01  3.93799920e-02  4.94441423e-02
  1.22029835e-01 -1.10241876e-02  4.72312793e-04 -1.60100560e-01
 -1.20562640e-01  1.18033693e-02 -1.30147108e-01 -3.71651280e-01
 -1.96692213e-01  2.09761229e-01 -1.34068617e-01 -7.66896837e-02
  9.40986588e-02  9.72299381e-02 -7.85975075e-02 -4.49657812e-02
  2.42546383e-02  1.91479135e-01 -5.06553987e-02  1.20171283e-01
 -1.11390147e-01  6.04784701e-02 -2.92480679e-01  1.43343507e-01
 -1.30095108e-01  4.34089404e-02 -1.08034155e-02 -2.88989594e-02
  1.15472592e-01  6.35312957e-02 -3.72704839e-02  2.02568192e-01
 -1.19571602e-01 -1.28648368e-02  4.25303890e-01 -4.24992416e-02
 -3.74806619e-02  4.04813070e-02 -3.93641498e-01  1.58650486e-01
 -4.77592268e-02  1.90908628e-01  2.18859287e-01 -1.12072891e-01
 -1.20248812e-01  6.39765688e-02  1.64653571e-01  5.17254199e-03
  3.21807450e-02 -1.38503013e-01  4.89739558e-02 -5.90685320e-02
  4.09193399e-02 -4.34006898e-02  6.84820707e-02 -1.32630232e-01
 -3.49734914e-02 -2.22773578e-01  2.04728457e-01  2.98091481e-01
  1.06087314e-01 -2.48642180e-02 -1.18246814e-01 -6.26526988e-02
 -7.22460337e-02 -1.93025450e-01  3.17207122e-02  2.30690691e-02
  2.80168417e-01 -4.78776920e-02 -5.17211784e-02 -2.37046878e-01
 -2.57585999e-01 -6.68136010e-02  1.13755523e-01  8.70679236e-03
 -1.22965119e-02 -1.55047551e-01 -4.53881418e-02 -2.58837549e-02
  1.42188188e-01 -2.77830617e-02  9.42963140e-02 -1.33235112e-01
 -3.52030206e-02 -4.60265196e-02  1.49689982e-01  4.44856054e-02
  2.73301613e-01  7.38803555e-02 -1.68532300e-01 -1.14885756e-02
  3.97926625e-02 -4.32120472e-01 -1.57353297e-01  2.71286847e-01
  1.75287065e-01  2.56231513e-02 -1.96174775e-02 -1.37936303e-02
 -1.03900197e-01 -1.08608584e-01  2.64274434e-02  1.80505787e-01
 -1.17671407e-03 -9.12012583e-02  1.63144671e-01 -2.39787401e-01
  8.96611909e-02  1.93514293e-01 -1.49190905e-02 -1.00116759e-01
 -6.44964510e-02  5.43837535e-02  7.72254554e-02 -6.13737425e-02
 -2.10800494e-02  8.12415936e-02 -7.73311713e-02 -1.65535642e-01]


第16类： ['支持电脑', '支持电脑']
语义向量：[ 6.80629909e-02 -1.53331533e-01  8.21510032e-02 -2.66376376e-01
 -2.95309663e-01  2.45728448e-01 -4.79601681e-01  4.36868995e-01
  2.53464431e-01  8.04067910e-01 -6.06748164e-02  3.93134922e-01
 -3.21305841e-02  4.56151098e-01  5.25102973e-01  2.16316208e-01
 -9.72660631e-02 -3.23892206e-01 -3.22282374e-01 -2.84278661e-01
  3.74265462e-01  4.09193993e-01 -2.98205137e-01 -1.11621134e-01
 -1.13253045e+00  7.99869001e-02 -1.59578234e-01 -4.21210349e-01
 -2.18967438e-01 -3.56161818e-02 -4.03580368e-01 -3.43990475e-01
 -7.74736285e-01  5.01900077e-01  2.71597415e-01  1.21923409e-01
  2.23766416e-01  2.04711646e-01  2.21933201e-02 -7.52082407e-01
 -8.12004283e-02 -2.97549963e-01 -7.26426125e-01  1.40413418e-02
 -6.30969167e-01  7.01765597e-01 -6.01972580e-01 -5.50571382e-01
  3.31412256e-03  3.47454548e-02 -1.17063560e-02  5.21549821e-01
  2.27334484e-01 -2.53406286e-01 -4.01821733e-02  7.25154936e-01
 -2.87165679e-02 -3.04843813e-01 -1.13304615e-01  4.61870432e-02
  5.10187984e-01 -2.02614367e-01 -7.62629509e-03 -6.69954181e-01
 -1.72390938e-01 -1.62128016e-01 -4.56208944e-01 -7.50443280e-01
  4.11680341e-01 -6.34749174e-01  3.21811229e-01  4.45125043e-01
  4.01910603e-01  2.02146024e-01  2.29032412e-01 -3.83570611e-01
 -1.55402139e-01  6.77783936e-02 -1.05241761e-01 -5.72415054e-01
 -5.65927625e-01  4.43559915e-01  2.68153489e-01  4.63257760e-01
 -4.76394713e-01  1.02293491e-03 -2.67026037e-01 -1.53780818e-01
  2.36331932e-02  3.89366776e-01  3.31054538e-01 -1.76043913e-01
  2.32083455e-01 -6.92572892e-01  7.98769146e-02 -2.31476828e-01
 -2.02169046e-01 -5.70118904e-01 -4.72542085e-02  6.10795841e-02
  2.73166597e-01 -1.12903908e-01 -1.03371516e-01 -7.58942962e-03
 -2.10570544e-01 -4.98460174e-01  2.06451431e-01  2.67213762e-01
  2.56273389e-01 -1.89911842e-01 -6.40131235e-02  4.00780737e-02
  2.40255535e-01  1.88795000e-01 -4.60353911e-01  3.04257534e-02
 -3.46349537e-01  7.34891057e-01 -5.90285599e-01  1.09824210e-01
 -1.70688313e-02 -2.29218170e-01 -2.15790600e-01  1.87273324e-02
 -2.81513892e-02  3.33031446e-01  3.93109739e-01  1.58284530e-01
  3.87087435e-01  4.04741108e-01  1.11640841e-01  7.25557655e-02
  2.75050581e-01 -3.17358673e-02  4.17442560e-01  7.23257005e-01
 -2.49825075e-01 -9.76362109e-01 -7.67526507e-01  4.29137260e-01
 -1.32644922e-03 -1.03734210e-01  2.45703459e-01  3.53763193e-01
  3.65663528e-01 -6.37441635e-01  2.03836277e-01  3.08921337e-01
  2.04236791e-01 -1.06320187e-01 -1.96695149e-01  2.25648195e-01
 -1.15312859e-01  3.92872691e-01  8.27871263e-02  7.61407614e-02
  2.54068792e-01 -2.22408801e-01  4.15597409e-01  3.51096272e-01
  6.26587033e-01 -5.80287814e-01  3.10229778e-01  1.00858843e+00
 -2.27534622e-01 -3.63712385e-02 -7.55542815e-01 -1.67574689e-01
  2.73384690e-01 -6.29726768e-01  1.14823595e-01 -4.13885474e-01
 -6.07093424e-02  1.86987415e-01 -3.53949487e-01 -2.37788498e-01
  1.35145247e-01  2.91813165e-01 -2.82320678e-01  2.33672693e-01
  5.09425998e-01 -9.14176404e-02  1.55327320e-02 -1.11035943e-01
 -6.01823032e-01  3.25401425e-01 -1.24106720e-01 -7.87570000e-01
  2.54170597e-02  5.65897882e-01 -3.32916498e-01 -2.93510705e-01
 -2.33254135e-01  4.59032878e-03 -6.77812517e-01 -5.53927571e-02
  1.37860537e-01  3.57071519e-01 -3.36802527e-02  1.87968940e-01
 -4.97668058e-01 -3.95511806e-01 -9.23187256e-01  3.12112868e-01
 -7.49846101e-01  1.21497490e-01 -2.17001349e-01  3.22499782e-01
  1.25401631e-01  2.17049792e-02  1.30357951e-01  5.15990794e-01
 -1.35514081e-01 -1.80132985e-01  5.42028308e-01 -3.22978497e-01
  1.39329046e-01 -1.81934416e-01 -7.16301978e-01 -7.52114356e-02
  4.47188377e-01  3.45328629e-01 -5.47319651e-05 -4.14820790e-01
  4.54733789e-01  9.95217562e-02  3.10781360e-01  1.27184957e-01
  1.40711159e-01  5.82099520e-02  2.65582502e-01  2.47570947e-01
  2.98341811e-01  5.28246015e-02  3.91999274e-01  3.66146117e-02
 -2.55222470e-01 -1.62732005e-02  2.33832687e-01  6.05216205e-01
  2.90868282e-01 -3.49094540e-01 -1.20498694e-01 -2.20250636e-01
 -4.30718154e-01 -4.36487615e-01  2.82959431e-01  6.31163195e-02
  1.65390849e-01 -7.21322224e-02  2.62947585e-02 -4.64868471e-02
 -5.60134292e-01  1.46320686e-01  6.34736121e-02 -2.51197010e-01
  1.62086934e-02  7.37555251e-02 -1.79519564e-01  1.27112255e-01
  2.17562199e-01 -2.52987415e-01 -2.62572318e-02  2.86866650e-02
 -2.40767822e-01  2.16217220e-01 -8.82826522e-02  4.11108911e-01
  6.51669800e-01  1.98571220e-01 -1.54778361e-04  3.17988396e-02
  1.56939864e-01 -6.26266003e-01 -4.80180442e-01  6.47479534e-01
  7.67135248e-03  2.84202933e-01 -2.91139185e-01 -3.52172136e-01
 -8.06145966e-02 -4.36222553e-01  2.21985951e-01  3.40790719e-01
 -1.06165737e-01 -2.48999655e-01 -1.03902847e-01 -5.69771945e-01
  4.60250080e-01  7.23437965e-02 -4.69232798e-01  3.92265499e-01
  1.19663119e-01 -3.31504703e-01  3.87389138e-02 -1.66445345e-01
  3.11241060e-01  1.48388892e-01 -2.04428002e-01 -1.52824283e-01]


