第1类： ['国内方呢', '多少方吗', '就是与会方', '我们是加入方', '方一年一百是吗', '方一年是', '方一年是多少', '方一年的价格是多少', '方一起开会的话', '方什么意思', '方什么意思', '方以上就', '方以上就行', '方以上的', '方价格怎样呢', '方多少价位', '方多少X', '方就可以', '方就是一个', '方就是指的', '方左右吧', '方左右吧', '方应该够用', '方怎么样', '方怎么理解', '方最低多少', '方的一个月多少钱', '方的价格呢', '方的价格多少', '方的价格是', '方的价格是多少', '方的价格是多少一年', '方的价格贵啊', '方的基本', '方的是多少费用', '方的最低价格是多少', '方的费用与链接', '方费用是多少', '方这么贵']
语义向量：[-1.77259010e-02  2.06864745e-02  1.02849179e-02 -1.82145837e-01
  9.20104395e-03  6.44285263e-02  1.13184400e-02 -5.02198027e-05
 -5.65250662e-02 -7.63178810e-02 -5.90132655e-02  3.12080161e-01
 -1.01245400e-01  9.21204786e-02  1.17802956e-01 -1.22941279e-02
  1.29893467e-01 -1.59831848e-01  5.19370716e-02  4.23380688e-02
  1.18378112e-01  1.57569794e-01 -3.25780610e-02 -2.15924781e-02
 -1.07929622e-01  2.08987992e-01 -1.00452606e-01 -2.81897971e-02
  6.44579815e-02 -6.77526485e-03 -1.10627651e-01  1.30745321e-01
 -1.25661615e-01  1.06536752e-01 -3.12290728e-02 -3.52453576e-02
 -1.46052412e-01 -5.23396572e-02  1.97964911e-01 -2.35125695e-01
 -7.36182883e-02 -1.10513571e-01  3.07319990e-02  7.77581030e-02
 -1.04302882e-01  4.51244995e-02  1.22560545e-03 -3.04617878e-02
 -2.33391866e-03  4.02212830e-02  9.50208337e-02  4.67811828e-02
  1.89377894e-01 -5.10987057e-02 -8.88523743e-02  7.56956512e-02
  1.18368863e-01  9.78623836e-02  1.37965532e-01 -1.26970624e-01
 -7.54156441e-03  1.14085167e-01  3.09740004e-03 -1.13465070e-01
 -1.22655548e-01 -9.51910134e-02 -2.47977170e-01 -1.34806061e-01
  1.30166860e-01 -1.51897887e-01  5.23981701e-02  1.51604519e-02
  7.97846393e-02 -1.72267156e-01  2.22911796e-01 -2.03050802e-03
 -5.92418359e-02  1.15400623e-01 -1.33994039e-01 -9.28668161e-02
 -1.14866037e-01  1.36033232e-01  1.70601580e-01 -5.39829079e-02
 -2.58811170e-01  1.69599869e-02  1.48295877e-02  9.80562300e-02
 -2.34175357e-02 -8.42908952e-02 -5.40357753e-02 -2.23437208e-01
 -7.13139113e-02 -8.52493837e-02  2.79896690e-03  2.96373612e-02
  4.57061689e-02 -1.97175906e-01  1.47939090e-02  1.59915856e-01
  4.59533136e-02  8.38716035e-02 -2.26755279e-01  1.33695582e-03
  5.44088000e-02  1.40902520e-02  1.31670113e-01  5.34193161e-03
 -1.70602819e-02  1.04295822e-01 -1.93134571e-02 -6.52489131e-02
  9.16426342e-02 -4.69150045e-02 -1.38155805e-01 -1.65988166e-01
  3.06029315e-02  2.88171581e-01 -1.09085673e-01  1.09012572e-01
 -2.05867831e-01 -1.83569527e-01  1.94634264e-01 -1.61968432e-01
 -6.36386746e-02  1.00802143e-01 -1.21768275e-01  9.77820712e-03
  3.29420040e-02 -3.08882665e-03 -2.89937679e-02 -9.00787376e-02
  1.96920833e-01  5.57365792e-02  1.11028332e-01  2.63418423e-01
 -3.34900936e-02 -3.81512929e-01 -5.06549923e-02 -8.86238296e-02
  2.00436077e-02  6.34552273e-02 -1.51349829e-01 -5.98994882e-02
  1.95734304e-01 -2.13258968e-01 -9.97101788e-03  1.38803296e-01
  1.09459777e-01 -1.11716321e-01 -1.67977936e-01  2.63409772e-01
 -2.43823110e-03  1.07823601e-01 -1.46989678e-01  5.46761024e-04
  9.65029580e-02 -1.90168098e-01  1.42525934e-01  2.96042217e-01
  2.82071407e-01 -9.73651562e-02 -1.03385940e-01  3.99599941e-01
 -1.22766710e-01 -4.41670712e-02 -1.79351780e-01  6.20655964e-02
 -7.76389543e-03 -1.70446464e-01 -1.12454520e-01 -5.71534617e-02
 -1.99808388e-01  1.67949602e-01  7.00548460e-03  8.41081758e-02
  2.67469366e-02  1.10543403e-02 -9.35724116e-02  5.13759250e-02
 -5.03980521e-02  1.67951693e-01 -1.32123296e-01  1.06822952e-02
  2.04758063e-02 -3.65837116e-03 -1.30417880e-01 -1.67558123e-01
  2.02572510e-02 -2.08583264e-01 -4.46189504e-02  2.21301011e-02
 -8.70629608e-03 -1.13622952e-01 -9.41856703e-02 -9.33728235e-02
 -2.73670887e-01  1.36563502e-01 -1.08650258e-01 -3.05330400e-02
 -3.75897383e-02 -4.51375454e-02  8.37257528e-02 -3.40130937e-02
 -3.68609990e-02  9.85878613e-02 -2.74478080e-02 -2.39809846e-01
 -6.79426764e-02 -5.23913630e-02 -5.90157990e-02  1.59668918e-01
 -1.68007328e-02 -1.85296177e-01 -1.38636487e-02 -4.75724843e-02
  2.42330719e-01  5.37603335e-02 -1.50143421e-01 -1.10868803e-02
  4.73342258e-02  7.88705071e-02  6.76020103e-02 -2.04159565e-02
  7.97806809e-03  3.56507876e-02 -1.21475086e-01  1.59451356e-01
  1.68706552e-01 -5.15256974e-03 -3.53929901e-02  3.67968451e-02
  1.73734714e-01 -7.60337720e-04  1.50543175e-01 -5.73217730e-02
 -9.74797365e-02  4.12590245e-02  1.02670876e-02  1.09852224e-01
 -6.61711163e-02  8.01960422e-03 -1.19636129e-01 -1.39490965e-01
 -1.82752355e-03  3.91015825e-02  2.04362828e-01 -1.43165634e-01
  2.41471532e-01 -1.71192191e-01 -1.76075478e-02 -2.29482386e-01
 -1.14020378e-01 -2.98726216e-02  2.86316255e-02  9.15500148e-02
 -8.34182462e-02  5.98566499e-02 -6.61741557e-02  1.38588352e-01
  5.22548383e-02  1.91051394e-01  6.99136576e-02 -7.68174748e-02
  1.02600477e-02 -1.01564177e-01  2.75278459e-02  4.18846638e-02
  1.41452830e-01 -1.34477330e-01  1.62545274e-02  3.45152427e-02
  7.79660619e-02 -1.58117256e-01 -6.90344439e-02  7.65618550e-02
 -1.33260378e-01 -3.18195666e-02  1.34293467e-01 -4.13651608e-02
  5.34806186e-02 -1.90152202e-02 -4.49438731e-02  8.19462625e-02
  1.72953786e-02 -1.25138538e-01  3.74222724e-02 -1.11638394e-01
 -3.92962016e-02  7.81686227e-02 -1.88850885e-02 -2.20911616e-02
 -1.65799342e-01 -8.29422084e-02  1.00099312e-01  3.03118897e-02
  3.31250807e-01 -4.64267066e-02  7.99664754e-02 -1.67716884e-01]


第2类： ['方一年多少钱', '方一年多少钱', '方一年多少钱', '方一年多少钱', '方一年多少钱', '方一年多少钱', '方一年总计费用', '方价格多少', '方价格多少', '方多少钱', '方多少钱', '方多少钱', '方多少钱', '方多少钱啊', '方的一年多少钱', '方的一年多少钱', '方的价格', '方的价格', '方的多少钱', '方的多少钱', '方的多少钱', '方的直播价格大概多少钱']
语义向量：[-2.85196834e-02 -7.37345247e-02  6.19008561e-02 -2.53421582e-01
  5.16681457e-02  6.25289261e-02  3.15097243e-02 -5.97877572e-03
 -1.42813244e-01 -1.27770541e-01 -9.29990604e-02  5.23837698e-01
 -2.09425325e-01  2.27356429e-01  1.73267562e-01 -1.98562327e-02
  1.03521362e-02 -1.79542463e-01  2.54587852e-02  7.00177925e-02
  9.00183141e-02  2.74709321e-01 -2.15780840e-02 -2.40920871e-03
 -1.33036882e-01  2.90804753e-01 -1.09617660e-01 -9.48540667e-02
  2.48058999e-01  1.37909580e-02 -1.81507793e-01  2.35990448e-01
 -6.55092401e-02  1.53624144e-01 -2.29092881e-01 -1.01155530e-01
 -2.41267821e-01 -1.21543829e-01  2.37135852e-01 -3.71364695e-01
 -7.47701593e-02 -2.04430843e-01  8.79388995e-02  7.78276670e-02
 -1.34472495e-01  5.95525097e-02  5.84232115e-02 -8.49610462e-02
  3.30244582e-02  9.25667208e-02  4.97323280e-02  2.30536885e-01
  1.94657131e-01 -6.22693786e-02 -1.76279953e-01  1.41746250e-01
  1.73205910e-01  2.90131820e-01  2.43403787e-01 -2.42260695e-01
 -1.18910164e-01  2.32988659e-01  5.26767344e-02 -2.21223684e-01
 -2.77920642e-01 -1.68773875e-01 -3.10125165e-01 -1.72548148e-01
  8.72744186e-02 -2.47351709e-01  1.32325806e-01 -9.55832284e-03
  7.88302483e-02 -2.33793023e-01  3.07459104e-01  6.42993606e-03
 -1.34301454e-01  2.43625792e-01 -1.59120013e-01 -1.21059107e-01
 -2.15538417e-01  3.05444482e-01  3.34956463e-01 -1.96563351e-01
 -3.32048835e-01  4.47976098e-03  6.11056592e-02  1.83476159e-01
  6.00780143e-02 -1.39705363e-01  4.67577131e-02 -4.42084371e-01
 -5.12547338e-02 -1.25364758e-01 -3.55003420e-02  8.22881178e-02
  1.20118084e-01 -2.74516090e-01  1.98869378e-02  2.50495037e-01
  4.48610363e-02  2.41357867e-02 -3.53533170e-01  5.35436913e-02
  1.21700139e-01  3.33835689e-02  2.37743750e-01  2.94785784e-02
  3.96856794e-02  2.38143508e-01 -8.92928827e-02 -2.36787356e-01
  1.82081464e-02 -4.92367075e-02 -2.15431135e-01 -2.94851398e-01
  1.82871486e-02  3.87533601e-01 -2.26005183e-01  1.41615025e-01
 -2.33646481e-01 -3.27660299e-01  1.49658083e-01 -1.44231572e-01
 -1.00421996e-01  7.69073438e-02 -3.10724853e-01 -3.56916395e-02
  6.15834834e-02  7.33555296e-02  7.81405477e-02 -1.29583151e-01
  3.13668648e-01  5.27899174e-02  2.27553556e-01  3.34530409e-01
 -6.31066560e-02 -6.83181757e-01 -6.09144415e-02 -1.69073057e-01
  7.81029398e-02  6.45115755e-02 -2.11205424e-01 -2.10380822e-02
  2.70489236e-01 -3.04779410e-01 -6.08189237e-02  2.20106718e-01
  1.80283452e-01 -1.49295056e-01 -2.68212912e-01  4.48743686e-01
  8.47403620e-02  2.04526910e-01 -2.11230473e-01  2.53412805e-03
  8.40474117e-02 -2.31168622e-01  1.69006918e-01  4.67865791e-01
  4.74264829e-01 -1.42196691e-01 -1.07118414e-01  6.48595997e-01
 -2.41432782e-01  3.16212718e-02 -3.77406150e-01  8.17495323e-02
  2.56780968e-02 -2.64143711e-01 -1.87031470e-01 -7.48749060e-02
 -2.56100913e-01  2.49720165e-01 -3.51666376e-02  2.93163493e-02
  7.34224428e-02  4.28881268e-03 -8.81350995e-02  1.64215166e-01
 -8.25973941e-02  3.20512006e-01 -2.38695451e-01  6.81999408e-02
 -1.66150035e-02  1.52655982e-02 -1.82646015e-01 -2.56631165e-01
  1.14678010e-01 -3.53842862e-01  7.13026549e-03  2.57891185e-02
 -4.24832106e-04 -1.18625076e-01 -2.74223351e-01 -9.54117138e-02
 -4.80789621e-01  1.33699115e-01 -1.18036048e-01  1.72533241e-02
 -1.45120213e-02 -3.41347723e-02  1.68377252e-01 -7.12784407e-02
 -6.39557500e-04  8.90304652e-02 -5.14121288e-02 -3.01111727e-01
 -5.09488826e-02 -3.13861236e-02 -8.72205462e-02  3.05709918e-01
 -1.35016817e-02 -3.72132075e-01  1.28069726e-02 -2.12356100e-01
  3.81066326e-01  7.50709484e-02 -2.20209026e-01  3.13812035e-02
 -2.49113757e-02  9.04840971e-02  1.49370628e-01 -2.06755936e-02
  3.02036449e-02 -1.12654282e-02 -1.06049066e-01  2.11890822e-01
  1.12306407e-01 -8.05298481e-02 -1.06618575e-01  6.32289211e-02
  2.58530149e-01  1.21642172e-01  2.34535719e-01 -2.82305756e-01
 -1.55969906e-01  1.00756652e-01  1.66750548e-02  2.34144123e-01
 -9.13129684e-02  1.82756096e-02 -1.72862563e-01 -1.35212964e-01
 -1.71834005e-02  6.75697300e-02  3.38778406e-01 -2.77597469e-01
  4.41560329e-01 -2.08221497e-01  9.44842024e-03 -3.62851240e-01
 -1.78836739e-01 -3.74390481e-02  2.83477099e-02  1.30692635e-01
 -1.15362385e-01  1.17597012e-01 -1.97124286e-02  2.59010201e-01
 -2.61126426e-02  2.89508802e-01  1.92413586e-01 -1.62318402e-01
  5.52359783e-02 -2.69892896e-01 -6.25884186e-02  2.28382119e-02
  2.04538766e-01 -1.84316720e-01  4.06575031e-02 -5.45976284e-02
  9.19271809e-02 -3.90857547e-01 -7.79802047e-02  1.36333215e-01
 -4.13725745e-02 -8.07197878e-02  2.17205117e-01 -5.63820710e-02
  6.48301304e-02 -3.48363822e-02 -1.22539943e-01  3.91135869e-02
  7.04424942e-02 -2.48685868e-01  1.25141113e-01 -1.67798634e-01
 -9.85410005e-02  2.31013161e-01 -5.26164103e-02  5.59748808e-02
 -3.58173130e-01 -1.50529835e-01  2.10391744e-01  1.02556753e-01
  4.96246406e-01 -1.24442634e-01  7.86924047e-02 -1.57763376e-01]


第3类： ['主办方发邮件给与会方链接和用户名和密码就好了吧', '五六方的吧', '你们有哪些方的可以选择的', '你们有多少方', '十方到二十方', '可以满足多少方通话', '后期具体多少方使用需要和领导们商量', '咱们最多可以多少方同时参与呢', '多少方画面同时在线呢', '我们是想看看很多方一同开会', '我们还要确认大概要买多少方', '我是主持人方', '我的意思是沙特方也需要每人都点击进入中文界面', '所以我也不知道是多少方', '方不是更贵吗', '方不管在世界哪里都行吗', '方也是这样', '方也有点高', '方以上还有几个档位', '方会谈是吧', '方估计也行', '方值得是我们公司', '方就够用了', '方就是同时间八个人么', '方应该可以了', '方应该够用了', '方总共的吗', '方没有什么意思', '方用户年费多少', '方的也行', '方的价位呢', '方的企业用户', '方的具体是', '方的可以么', '方的同时最多两', '方的少了点', '方的就可以了', '方的意思是', '方的是指', '方的是最少的了', '方的有没有便宜一点的方案', '方的概念是什么', '方的没优惠', '方的话我们怎么知道多很多人的话', '方的话是一定要有', '方的话需要用到一些什么器材呢', '方的足够了', '方的这一种', '方请问有试用版吗', '方还包括主会场', '是不是邀请方也必须用科天云', '是收主持方的通话时间', '最多七八方', '最多可以多少方加入', '最多多少方呢', '最大多少方会场', '目前最多十几方', '还要和深圳方', '这个多方通话是多少方', '通话方还是要承担运营商收取的费用是吧', '那我们与会方不止', '那观看方也需要进入平台才可以']
语义向量：[-2.46061387e-02  7.02273793e-03 -4.97227412e-03 -1.22483805e-01
  2.65513445e-03  4.75816896e-02  9.94420016e-03  1.33484106e-02
 -3.49764678e-02 -2.37178023e-02 -3.98614230e-02  1.82636116e-01
 -4.26871845e-02  5.22000292e-02  8.35226375e-02 -2.82589739e-03
  1.03418296e-01 -9.77209780e-02  4.28758144e-02  2.71527259e-02
  9.63960231e-02  8.55451937e-02 -2.24858860e-02 -1.39166303e-02
 -7.11811003e-02  1.28525818e-01 -5.61425720e-02 -6.71581603e-03
  7.82642390e-03 -4.40538779e-03 -5.33129777e-02  8.26321157e-02
 -7.80650369e-02  8.67541301e-02  2.93390341e-03 -2.67674275e-03
 -8.50961059e-02 -3.04274323e-03  1.08493718e-01 -1.36278079e-01
 -4.13242087e-02 -5.41498913e-02  5.64123571e-03  4.53338226e-02
 -5.98528470e-02  2.63941758e-02  6.64337185e-03  7.08265658e-04
 -1.51137907e-02  1.94727287e-02  8.03170697e-02  7.00117089e-05
  1.19069822e-01 -3.29406576e-02 -5.40215572e-02  4.26000133e-02
  6.43093889e-02  4.11785008e-02  9.52742965e-02 -5.59238329e-02
 -4.26734762e-03  4.42332985e-02 -7.45379193e-04 -5.73755989e-02
 -5.54405045e-02 -4.74877134e-02 -1.50364696e-01 -6.79356882e-02
  1.10359195e-01 -8.10326632e-02  3.45563473e-02  8.39921617e-03
  5.93901225e-02 -1.00174802e-01  1.46888376e-01  9.63235975e-03
 -3.11936972e-02  4.80240308e-02 -9.59805868e-02 -4.45345541e-02
 -6.74506450e-02  6.79954739e-02  8.54028953e-02 -1.04642538e-02
 -1.61341890e-01  5.25473517e-03  1.67195905e-03  4.82585784e-02
 -1.42282917e-02 -4.94201931e-02 -5.36031691e-02 -1.15895886e-01
 -4.74885185e-02 -5.06858255e-02 -1.01565888e-02  1.08028740e-02
  1.75200865e-02 -1.29721331e-01  8.40728389e-03  9.83449045e-02
  2.00684962e-02  5.69080960e-02 -1.42672511e-01 -1.93770032e-02
  2.60803424e-02  9.57531430e-03  7.24769757e-02  1.18717194e-03
 -2.53467584e-02  4.86062991e-02 -3.57964421e-03 -4.28153312e-03
  6.80409920e-02 -4.28336847e-02 -9.08866262e-02 -9.05303575e-02
  3.12843780e-02  1.75984531e-01 -4.59302073e-02  6.30916272e-02
 -1.39137671e-01 -9.31613664e-02  1.44070014e-01 -9.64517120e-02
 -4.68305366e-02  6.56228208e-02 -5.02205335e-02 -4.14928399e-03
  2.12741528e-02 -2.07810818e-02 -3.09481793e-02 -5.19367281e-02
  1.15478578e-01  2.46758585e-02  5.78174209e-02  1.54378738e-01
 -2.32664822e-02 -2.16067930e-01 -3.32926259e-02 -4.23601496e-02
  2.44974139e-02  4.43663934e-02 -1.01528751e-01 -3.23523335e-02
  9.54818834e-02 -1.30508215e-01  1.99990531e-02  7.16103123e-02
  5.91826433e-02 -7.65143656e-02 -1.06061095e-01  1.52679826e-01
 -4.17761522e-03  6.16554449e-02 -9.52705094e-02  1.97807779e-03
  5.57468222e-02 -1.24140128e-01  8.47240099e-02  1.70776636e-01
  1.55465266e-01 -5.94406361e-02 -7.30158711e-02  2.10973110e-01
 -6.15876654e-02 -5.18217775e-02 -8.21133682e-02  5.64493563e-02
 -1.34572291e-02 -9.15781818e-02 -5.71263746e-02 -2.70041472e-02
 -1.15800192e-01  8.16023296e-02  1.41500107e-02  5.77938715e-02
  2.42208849e-02 -4.22341628e-03 -6.88098664e-02  1.91030676e-02
 -4.01187826e-02  9.88577884e-02 -8.54038459e-02  6.43704106e-03
  2.03154356e-02 -8.22857222e-03 -7.77914728e-02 -9.05872293e-02
  5.19216497e-03 -1.20220572e-01 -2.88606886e-02  2.56360371e-02
 -2.54986515e-02 -6.62361111e-02 -3.84635896e-02 -5.94109180e-02
 -1.38736526e-01  7.82902842e-02 -6.76748590e-02 -4.37289009e-02
 -1.45283977e-02 -2.33149892e-02  3.88119550e-02 -2.13421029e-02
 -2.99531788e-02  6.47728420e-02 -1.44838894e-02 -1.68182192e-01
 -6.38420884e-02 -3.88621183e-02 -4.19704666e-02  9.43812373e-02
 -9.14107410e-03 -9.48041305e-02 -1.90583454e-02 -6.36362993e-03
  1.55199672e-01  3.55933370e-02 -9.14790030e-02 -1.71466541e-02
  2.55023549e-02  5.36843004e-02  2.91967369e-02 -2.04833397e-02
 -2.71971845e-03  1.45730378e-02 -9.20004461e-02  1.01663054e-01
  1.15697621e-01  2.45487411e-03 -5.54040026e-03  3.30709587e-02
  1.03819583e-01 -1.70371396e-02  8.36101896e-02 -1.39190684e-02
 -6.22111266e-02  3.83625025e-02  6.94869109e-03  3.76119624e-02
 -5.07747408e-02  8.37309446e-04 -7.06802860e-02 -9.20803084e-02
 -5.05718582e-03  2.53815480e-02  1.30455890e-01 -7.51708503e-02
  1.33188213e-01 -1.12520551e-01 -1.63225797e-02 -1.26150011e-01
 -6.06302033e-02 -1.92282447e-02  2.50803578e-02  5.96804020e-02
 -4.87784165e-02  4.36087971e-02 -4.24513412e-02  7.81115245e-02
  3.38840365e-02  1.25390384e-01  3.42412767e-02 -2.64962429e-02
  1.48543275e-02 -4.03270940e-02  4.33310373e-02  3.99903962e-02
  7.74076239e-02 -8.16402471e-02  1.07233319e-02  3.90714549e-02
  4.50687396e-02 -8.70179257e-02 -5.17957197e-02  4.83245989e-02
 -1.05011387e-01 -2.33005049e-02  6.99300192e-02 -2.81644646e-02
  4.16947714e-02 -6.39834176e-04 -2.03152108e-02  5.06632398e-02
  7.80092691e-03 -6.37564339e-02  1.40461707e-02 -6.67080307e-02
 -2.31540635e-02  4.36794887e-02 -1.04714886e-02 -1.44510210e-02
 -9.84557793e-02 -4.64245065e-02  5.12942340e-02  1.20304415e-02
  1.96066630e-01 -1.73850734e-02  4.63888994e-02 -1.14384294e-01]


