第1类： ['主要我想测试俄罗斯与中国的连接', '主要是另一个客户测试着急', '主要是现在要对比测试一下', '之前一直回复我就是说测试', '之前开通的基本没有怎么测试', '你不如给我个体验帐号我测试下就完事了', '你们呼叫中心的测试地址是多少的', '你们方便来测试一下吗', '你们的业务能测试下吗', '你们这个有测试的公共频道吗', '你们这边能帮忙做测试不', '你先让技术员跟我测试', '你帮我开通一下高级测试可以吗', '你是说测试只能五方是吗', '你是说现在测试一下', '你看怎么给我测试一下', '你说的协助测试是什么意思', '你这个有个人用来测试的吗', '先用几个人测试下', '免费测试账户发给我一下吧', '到时候我可以和公司的同事做测试吗', '可以今天就测试知道效果吗', '可以有其他方式我现在测试一下吗', '可以测试和国外通话吗', '在哪我能先测试下', '应该是要先看测试情况', '想问测试我可以做多久', '我下午回到公司了跟同事一起测试', '我下班之后回家测试把', '我不记得之前是否测试过', '我们十点二十之前能测试使用吗', '我们能不能提前测试一下啊', '我们要测试的是国内三方', '我们那个测试账户的人不在', '我刚才和同时做测试了', '我只需要测试能不能接入', '我培训的测试一般是', '我就是想先测试一下音频', '我就是想测试一下是否能正常工作', '我希望尽快你们能给我个报价和测试', '我想测试下宝利通连接效果', '我想现在先测试一下', '我昨天在一个朋友那里测试了下', '我测试只有主讲人可以说话呢', '我测试的时候再找你', '我现在就一个怎么测试', '我看上面写的是音频测试', '我这边准备先测试一下', '我这边是在同一个局域网测试的', '所以我自己想今天先测试下', '所以我需要先测试一下', '昨天在测试的时候还遇到一个问题', '是想测试并使用的', '有没有测试登录的账户可以测试实际使用时需要那些插件安装', '有测试的可以用吗', '测试五方是什么意思呢', '测试的可以用一个月对吧', '测试试用期是一个月对吗', '测试过你们产品几次了', '现在可以给我个会议室用于测试使用吗', '现在就是测试一下客户的网络环境是否可行了', '现在就是要测试一下各厂是否都能通过', '现在是测试一下都不行', '现在着急着想测试下多方的效果', '等领导感兴趣了就会测试啊', '要不你们给我一个正式的测试账户', '请问免费测试本能用多长时间啊', '这个我需要怎么测试或者使用呢', '这个是会上门进行测试', '那个高级测试怎么开通呢', '那也测试不也效果呀', '那些功能是不是可以全部在测试账户里使用', '那我跟国外测试的话', '音频测试了没问题的啊']
语义向量：[ 0.09725862  0.07479977 -0.10023278 -0.05845899  0.02771081  0.01759841
  0.04687551 -0.09460115  0.05886092  0.09450756 -0.05414891 -0.06890108
  0.04436866 -0.00254991 -0.04807038 -0.01507209  0.09438083 -0.02520561
  0.11545804 -0.01032668 -0.07390243 -0.02511583  0.20713548 -0.06985406
  0.01866581  0.00928823  0.02570611  0.0496553   0.03462303 -0.1447799
 -0.02348347 -0.0967402  -0.00888384 -0.04238783 -0.03220705 -0.04319564
 -0.13656921 -0.18569311 -0.00723849  0.0575339  -0.1348698  -0.04031261
  0.09688347  0.16306317 -0.05451139 -0.111442   -0.03388539  0.08694891
 -0.00666204  0.01678816  0.03118751 -0.13124771  0.07125497 -0.07413161
  0.0724887  -0.06833713 -0.09670572 -0.01154736 -0.01019515 -0.0444276
  0.19291677  0.15513206  0.00275121 -0.08427336 -0.00905658 -0.0357606
 -0.1341     -0.19207246 -0.04856763  0.00939244  0.04835428  0.07955923
  0.08900645  0.00162705 -0.03956396  0.09292356 -0.03103547  0.16980854
 -0.00561492 -0.15598419  0.07465459 -0.02988135  0.06289187  0.01390013
 -0.09300208  0.17307813  0.01417949  0.03535721 -0.02742903  0.11393173
  0.01207699 -0.06186254 -0.06542777  0.03344155 -0.00303157  0.13194396
  0.02838652  0.08156668  0.06403946 -0.00319699  0.03858591  0.01035668
  0.13721787 -0.02145131 -0.0456095  -0.10576472  0.06907221  0.09019697
 -0.0067557   0.11391448 -0.05899964  0.01308286 -0.04761531 -0.04176384
  0.08051803  0.0002761   0.02696645  0.05100574 -0.10601594 -0.08331926
  0.04295359 -0.1307606   0.04427606 -0.03175599 -0.00955885  0.04660705
 -0.06195674  0.02229296 -0.00320186 -0.02943892 -0.11874646  0.00359385
  0.01698836  0.06911505  0.0609383   0.039737   -0.091282   -0.0377608
  0.04866007 -0.04371132 -0.16556202  0.05236536 -0.02539634 -0.01524696
  0.11178755 -0.10456921 -0.20096441  0.09781116 -0.07466281 -0.08305976
 -0.05316057 -0.03877356  0.05783326  0.16538918  0.08595372  0.01452893
 -0.00191031 -0.26940604  0.11673692  0.08601131  0.01975631 -0.00964862
 -0.03793916  0.02791954  0.00187918 -0.08262779  0.02590512 -0.15865397
 -0.02696371 -0.08203371  0.00680292 -0.02885316 -0.10324833 -0.07871092
  0.11577117  0.20727033 -0.21418143  0.03602647 -0.01334966  0.14770342
  0.12053305 -0.03338901  0.14320709 -0.02059811 -0.09811521 -0.05894402
  0.0358336   0.0052494   0.06419668 -0.01351543 -0.09559941 -0.05403015
 -0.00308785 -0.17167791  0.0115779   0.02578898 -0.16189388  0.22007853
 -0.01439779  0.03976179 -0.01212158 -0.05081209 -0.01798691  0.08602764
  0.00115221 -0.00602972 -0.12952972  0.11382156  0.066238    0.0015064
  0.11623211 -0.16328727 -0.11398578 -0.05158915 -0.0781955   0.03556518
  0.09107761  0.06353     0.09503339  0.05303813  0.12007265  0.04492002
 -0.03787042  0.00036754 -0.0711649   0.09457211  0.09370001  0.03280032
 -0.01810371  0.04881717  0.00114959 -0.04634897  0.11503824 -0.03828001
  0.00952351 -0.02525771  0.00280304 -0.1313039  -0.06722262 -0.02122119
  0.03435801  0.17248667 -0.16383778 -0.02736639 -0.14507964  0.14079873
 -0.00870104 -0.02048845  0.04018125 -0.00990635 -0.07877225 -0.09705272
 -0.02644414 -0.06512505 -0.01156786 -0.11460855 -0.00613811  0.089854
 -0.07869675  0.16300429 -0.07914102 -0.01399586  0.08325914 -0.04277331
  0.05951264 -0.13911373 -0.11611348 -0.07592393  0.03393175 -0.09597584
 -0.03401044 -0.03454374  0.18489637  0.17907196  0.09501189 -0.04396176
  0.05295044  0.1344319   0.10415871 -0.01750899 -0.06464999  0.00251294
 -0.05517294 -0.09402696 -0.01961104 -0.09061083  0.16226769  0.04211945
  0.03885517 -0.12023847  0.06153753 -0.06530639  0.00670673  0.0702704
 -0.03474116 -0.09038484  0.16540053  0.00062183  0.09708705 -0.04636454]


第2类： ['不是测试', '不用测试', '做个测试', '可以测试', '怎么测试', '怎么测试', '怎么测试', '怎么测试', '怎么测试', '怎么测试', '怎么测试', '怎么测试', '怎么测试', '怎么测试', '怎么测试', '怎么测试', '怎么测试', '怎么测试', '怎么测试', '怎样测试', '我先测试', '我测试测试先', '我要测试', '正在测试', '正在测试', '测试一下', '测试一下', '测试一下', '测试什么', '测试估计', '测试期间', '测试用户', '测试的话', '测试的话', '演示测试']
语义向量：[ 3.67821276e-01  2.60656208e-01 -3.45508188e-01 -2.04877153e-01
  1.27272964e-01  5.71517423e-02  1.77023217e-01 -3.51455450e-01
  2.23365322e-01  3.35189730e-01 -1.82800606e-01 -2.86361754e-01
  1.87724993e-01 -1.30525129e-02 -2.03395247e-01 -5.66961616e-02
  3.53977948e-01 -7.18424395e-02  4.18899566e-01 -1.17029222e-02
 -2.63938785e-01 -1.23245947e-01  7.51881719e-01 -2.20808282e-01
  1.37161270e-01 -4.79621254e-03  1.13540880e-01  2.18352422e-01
  1.44017324e-01 -5.12209952e-01 -3.45002487e-02 -3.33802640e-01
  1.95446908e-02 -1.62569091e-01 -1.08641744e-01 -1.37871191e-01
 -5.00749469e-01 -6.40811980e-01 -3.42211686e-02  2.30608076e-01
 -4.40596998e-01 -1.34031951e-01  3.78713340e-01  5.40606380e-01
 -1.55455545e-01 -4.11108047e-01 -1.05656013e-01  3.28765839e-01
 -2.32484303e-02  4.08339389e-02  1.32766441e-01 -4.98909801e-01
  2.19491839e-01 -2.45758876e-01  2.85754591e-01 -2.82274961e-01
 -3.71420354e-01  7.34926783e-04 -9.24916938e-03 -1.29204363e-01
  6.51165187e-01  5.22373676e-01  3.95605825e-02 -2.15957090e-01
 -6.09360076e-03 -1.20556153e-01 -4.79832143e-01 -6.38769507e-01
 -1.73650622e-01  9.17761996e-02  1.60552695e-01  2.36802325e-01
  3.09839934e-01  2.00363807e-03 -1.82916135e-01  3.60434651e-01
 -9.74355265e-02  5.72282553e-01 -1.03014614e-03 -5.33803225e-01
  2.94078708e-01 -1.17469177e-01  1.71904251e-01  4.87775020e-02
 -2.99784094e-01  6.13223910e-01  5.13199270e-02  1.16336733e-01
 -8.40231255e-02  3.88826907e-01  3.95196117e-02 -1.79534301e-01
 -2.25508943e-01  1.59760594e-01 -3.12988982e-02  5.01721025e-01
  1.01564065e-01  3.10463995e-01  2.34741181e-01 -2.41613109e-02
  1.27976790e-01  5.43549508e-02  4.98071700e-01 -1.22788332e-01
 -1.71481475e-01 -3.65226746e-01  2.48134241e-01  2.79859424e-01
 -2.82114893e-02  4.16475415e-01 -2.13419840e-01  6.17328845e-02
 -1.86025620e-01 -1.85185075e-01  3.16977501e-01  2.65291352e-02
  1.21394143e-01  1.34585470e-01 -3.31079692e-01 -2.97519922e-01
  1.67069793e-01 -4.16363358e-01  1.43942773e-01 -1.14858329e-01
 -4.71543074e-02  1.10200264e-01 -2.37082869e-01  7.96853453e-02
 -3.30790579e-02 -1.36975676e-01 -4.12851721e-01  3.09214238e-02
 -9.92560852e-03  2.24855468e-01  1.81433603e-01  6.34667650e-02
 -3.50028694e-01 -6.99670091e-02  2.01036766e-01 -1.65162385e-01
 -5.56547701e-01  1.78314328e-01 -1.36995882e-01 -5.95279410e-02
  3.54902089e-01 -3.24130952e-01 -7.24082470e-01  3.09773892e-01
 -3.01971406e-01 -3.07214737e-01 -1.81601346e-01 -1.41178221e-01
  2.23886833e-01  5.95094204e-01  3.06320488e-01  2.75347121e-02
 -2.11105254e-02 -8.95024538e-01  3.98071319e-01  2.57588863e-01
 -1.04936305e-03  1.98689941e-03 -1.58236638e-01  5.11785783e-03
  3.27850543e-02 -3.04414809e-01  1.60882622e-01 -5.55848062e-01
 -1.19229965e-01 -2.55771309e-01  1.05946977e-02 -7.38952085e-02
 -3.75918061e-01 -2.94794917e-01  4.04277921e-01  7.50312805e-01
 -7.48895288e-01  9.04519185e-02 -5.71650602e-02  5.12107909e-01
  3.75840157e-01 -1.44325778e-01  4.95145470e-01 -6.35819435e-02
 -3.18327993e-01 -2.44779676e-01  1.67215481e-01  3.07970829e-02
  2.69384950e-01 -7.22774863e-02 -3.27566653e-01 -2.08166271e-01
 -2.55937129e-03 -6.10461652e-01  6.18569069e-02  1.17279261e-01
 -5.52719593e-01  7.32969701e-01 -3.30369920e-02  1.42795429e-01
  1.51166329e-02 -1.65617153e-01 -4.51895632e-02  3.02246451e-01
  4.23578061e-02 -8.75669718e-03 -5.11944354e-01  4.09047574e-01
  2.05734238e-01  4.57744487e-03  4.02443320e-01 -5.92842996e-01
 -3.82542312e-01 -1.53071493e-01 -3.20446670e-01  1.39477462e-01
  3.12458724e-01  2.18566313e-01  3.55582654e-01  1.68439299e-01
  4.12601620e-01  1.46818101e-01 -1.65505350e-01  1.92337874e-02
 -2.49073267e-01  3.09419662e-01  3.21855813e-01  1.04391970e-01
 -1.01606794e-01  1.66317359e-01  4.21341229e-03 -1.39059052e-01
  4.11894262e-01 -1.74801260e-01  1.29642282e-02 -9.58373398e-02
  6.77421540e-02 -4.56166416e-01 -2.34249398e-01 -1.33562610e-01
  9.90673527e-02  6.37626946e-01 -5.54233074e-01 -7.86860436e-02
 -5.17721772e-01  5.39221942e-01 -3.86186577e-02 -8.09310749e-02
  1.16500512e-01 -2.06962004e-02 -2.58682400e-01 -3.14503670e-01
 -6.13009594e-02 -2.30654478e-01 -5.89345619e-02 -4.12978739e-01
 -2.79481821e-02  3.61535013e-01 -2.27844343e-01  5.80170929e-01
 -3.26462299e-01 -1.54962502e-02  2.87695080e-01 -1.06509365e-01
  2.09814683e-01 -4.72772926e-01 -4.25322920e-01 -2.79974639e-01
  8.26157331e-02 -3.33032459e-01 -1.26462862e-01 -1.10747546e-01
  6.41451716e-01  6.46622181e-01  3.47797394e-01 -1.65647909e-01
  1.56563014e-01  4.86354530e-01  3.51774275e-01 -6.79104701e-02
 -2.35458449e-01  2.30230056e-02 -1.98242828e-01 -3.38701218e-01
 -9.01420042e-02 -2.84193665e-01  5.60663283e-01  1.90919906e-01
  9.49794278e-02 -4.18344915e-01  2.23981634e-01 -2.56195575e-01
  4.18556184e-02  2.40098670e-01 -1.23014733e-01 -2.93261141e-01
  5.31347573e-01 -7.18934881e-03  3.62414986e-01 -1.40039802e-01]


第3类： ['下午我能安排测试吗', '你是指测试', '做的一个测试', '先帮我开通高级测试', '先测试一下效果', '刚刚我测试了', '只是想做个测试', '可以开测试账户', '可以测试使用吗', '可以测试用一下吗', '同时测试一下效果', '因为是个人测试', '在哪里登陆测试', '好像是测试版本的', '如何协助测试呢', '安排测试一下可以吗', '就是测试是可以', '怎么可以测试下', '怎么没测试成功', '想先测试效果怎么样', '想免费的测试的', '想测试下怎么用', '想测试了解一下', '想测试用用', '想要明天测试一下', '我们之前测试过了', '我们先测试吧', '我们在测试音频', '我们想测试的话', '我们打算测试下效果', '我会和加拿大同事测试', '我先测试一下吧', '我和别人测试', '我在做测试', '我在做测试', '我怎么测试下', '我怎么测试呢', '我想先测试一下', '我想测试一下', '我想测试一下', '我想测试一下效果', '我想测试一下更多人', '我想这两天测试', '我明天找人测试下', '我明天继续测试下', '我测试过了', '我测试过了', '我现在做测试', '我现在就要测试', '我现在着急测试', '我现在要登陆测试', '我用笔记本测试的', '我能测试一下吗', '我这边是在测试', '我需要测试下', '所以希望先做测试', '提前测试一下不行么', '明天可以安排测试吗', '是基于这个测试', '是测试版本没有', '最好可以让我们测试', '有测试连接吗', '本地测试都好的', '测试也有声音', '测试使用是什么意思', '测试就不用了', '测试就我一个吧', '测试的不可以么', '测试的时候先介入', '测试的时候又', '现在不急着测试', '现在先不用测试', '现在可以测试吗', '现在是做测试', '能不能我先测试下', '能安排测试下吗', '能有测试吗', '还是简单测试一次', '还有高级测试怎么开通', '还没有在测试', '还没有测试呢', '这个可以测试码', '那我怎么测试', '那有时间测试一下吧', '问一下我要是测试', '需要测试我找他们', '音频测试都好的']
语义向量：[ 1.64789336e-01  1.17509225e-01 -1.62029402e-01 -9.54067510e-02
  5.99286006e-02  2.87707334e-02  7.89073139e-02 -1.56837923e-01
  1.01757106e-01  1.59583474e-01 -8.14703626e-02 -1.26361971e-01
  8.37372130e-02 -4.89351441e-03 -8.67018700e-02 -2.06024734e-02
  1.63210193e-01 -3.22734565e-02  1.95699620e-01 -6.12828004e-03
 -1.22363769e-01 -5.59680058e-02  3.45936626e-01 -9.96199086e-02
  5.72704878e-02  4.52202183e-03  4.80901529e-02  9.80116477e-02
  6.16200022e-02 -2.40024434e-01 -1.76436636e-02 -1.48928995e-01
  7.45372012e-04 -7.00072274e-02 -4.87132673e-02 -6.57255186e-02
 -2.30867330e-01 -2.97763207e-01 -1.72977038e-02  1.03079174e-01
 -2.07189853e-01 -6.24640431e-02  1.68913740e-01  2.50861856e-01
 -7.55377615e-02 -1.88672641e-01 -5.14165173e-02  1.49784360e-01
 -1.43161201e-02  2.03996464e-02  6.52625054e-02 -2.28652957e-01
  1.03498527e-01 -1.17841865e-01  1.32240583e-01 -1.23921720e-01
 -1.72364806e-01 -4.93500031e-03 -8.13040916e-03 -6.08925082e-02
  3.03807719e-01  2.41957680e-01  1.54705997e-02 -1.05892442e-01
 -1.08643726e-03 -5.43679871e-02 -2.22971154e-01 -2.99097040e-01
 -7.87210596e-02  3.90139201e-02  7.28291390e-02  1.21661885e-01
  1.47600057e-01  4.23297984e-03 -7.84144563e-02  1.66055641e-01
 -4.43745248e-02  2.63050004e-01 -7.09783548e-03 -2.47113189e-01
  1.36726952e-01 -5.44606768e-02  8.24002855e-02  2.74666518e-02
 -1.47695780e-01  2.83842966e-01  1.82590779e-02  5.58325359e-02
 -3.94470275e-02  1.79540545e-01  1.33800322e-02 -8.26056215e-02
 -1.07334535e-01  7.38124680e-02 -1.19270158e-02  2.29096100e-01
  4.23692918e-02  1.42417303e-01  1.05098091e-01 -7.86393127e-03
  5.94087189e-02  2.63166117e-02  2.27257813e-01 -5.29980138e-02
 -7.79212428e-02 -1.71149012e-01  1.15536062e-01  1.29543381e-01
 -9.99410605e-03  1.90010417e-01 -9.52416977e-02  2.62453738e-02
 -8.48735919e-02 -8.19244291e-02  1.39477075e-01  1.03557513e-02
  5.42406301e-02  6.55593724e-02 -1.55104325e-01 -1.37757393e-01
  7.72539591e-02 -1.97212317e-01  7.45972443e-02 -5.15595461e-02
 -2.42590627e-02  5.15903191e-02 -1.04723505e-01  3.55630425e-02
 -1.49570162e-02 -5.93721787e-02 -1.86291472e-01  1.41552484e-02
  5.82852984e-04  1.05248344e-01  8.80803490e-02  3.28153165e-02
 -1.63341239e-01 -3.47712407e-02  8.88135005e-02 -7.86525690e-02
 -2.60001083e-01  8.22652637e-02 -6.11383494e-02 -2.49256308e-02
  1.69785820e-01 -1.53375876e-01 -3.28559272e-01  1.37182279e-01
 -1.37244541e-01 -1.42731945e-01 -8.93991841e-02 -6.24656516e-02
  1.00979151e-01  2.75808528e-01  1.41440307e-01  1.54930388e-02
 -1.06140498e-02 -4.16905173e-01  1.82243269e-01  1.23557978e-01
  6.21749918e-03 -3.91924591e-03 -7.01010350e-02  9.28313316e-03
  1.19074638e-02 -1.38944339e-01  6.33608223e-02 -2.53762905e-01
 -5.33120512e-02 -1.21944200e-01  6.26317628e-03 -3.35891740e-02
 -1.72917005e-01 -1.34801967e-01  1.90843795e-01  3.46629952e-01
 -3.44289412e-01  4.15863461e-02 -2.91003960e-02  2.38129403e-01
  1.79965252e-01 -6.25453835e-02  2.26967279e-01 -2.61353740e-02
 -1.49417796e-01 -1.08358111e-01  7.86945545e-02  1.18013299e-02
  1.22827487e-01 -3.26860739e-02 -1.54236843e-01 -9.77024597e-02
 -4.07029650e-03 -2.80186553e-01  2.60546776e-02  5.55293295e-02
 -2.57324175e-01  3.41756750e-01 -1.56602776e-02  6.43464806e-02
  3.71355680e-03 -7.91371166e-02 -2.30371976e-02  1.37720158e-01
  1.52137527e-02 -2.07641440e-03 -2.35994429e-01  1.90085609e-01
  9.36377907e-02  1.69203809e-04  1.86519304e-01 -2.69637449e-01
 -1.75338678e-01 -6.93080887e-02 -1.48501945e-01  6.02024340e-02
  1.46054184e-01  1.02607164e-01  1.60402167e-01  7.54563704e-02
  1.95773305e-01  7.18290055e-02 -7.22626424e-02  6.02182953e-03
 -1.12608696e-01  1.41432562e-01  1.46165260e-01  5.24701374e-02
 -4.36912102e-02  8.11538035e-02  3.41714124e-03 -6.59858994e-02
  1.92089960e-01 -7.64102299e-02  9.52245292e-03 -4.50053998e-02
  2.75196151e-02 -2.09394135e-01 -1.11027168e-01 -6.01004049e-02
  4.45935735e-02  2.92817767e-01 -2.59602906e-01 -3.70881898e-02
 -2.40993945e-01  2.48875681e-01 -1.54735637e-02 -3.69609779e-02
  5.51336942e-02 -9.38637057e-03 -1.23359283e-01 -1.49338761e-01
 -3.01675133e-02 -1.04369303e-01 -2.36426618e-02 -1.92164450e-01
 -1.11643566e-02  1.67310219e-01 -1.08719080e-01  2.67972053e-01
 -1.45558933e-01 -9.70624644e-03  1.32794236e-01 -4.87163719e-02
  9.60359977e-02 -2.18331965e-01 -1.95937621e-01 -1.24138842e-01
  4.48822333e-02 -1.54403192e-01 -5.63516830e-02 -5.21530491e-02
  2.97644378e-01  2.97187304e-01  1.59227521e-01 -7.77692371e-02
  7.21502623e-02  2.26231333e-01  1.66086637e-01 -2.95722602e-02
 -1.03684209e-01  9.80600800e-03 -9.29956617e-02 -1.53171242e-01
 -3.97891630e-02 -1.36379376e-01  2.57455377e-01  8.90196018e-02
  5.18507291e-02 -1.97094219e-01  1.03144894e-01 -1.16548528e-01
  1.68067626e-02  1.10106341e-01 -5.54762250e-02 -1.37218255e-01
  2.48993003e-01  6.84766085e-04  1.67922706e-01 -6.74468414e-02]


第4类： ['今天能给我测试帐号吗', '你先给我测试帐号吧', '免费测试的只有', '可以提供一下免费测试帐号吗', '可以申请多方的测试帐号吗', '怎么申请这个测试张哈呢', '您帮我申请下测试号', '想申请一个测试帐号', '我不要测试帐号', '我申请了测试', '我的测试帐号', '有没有测试帐号之类的', '测试帐号可以用多久', '测试帐号是最多', '测试的是几个帐号呢', '这个测试帐号能使用多长时间的']
语义向量：[ 9.41699570e-02  1.91394384e-01 -1.06541522e-01 -9.97879948e-02
  8.66477009e-02  4.29988974e-02  4.36209570e-02 -3.81428981e-03
 -1.37908536e-03  2.80478838e-01 -1.02997566e-01 -7.36502879e-02
 -8.73554067e-03 -4.02619306e-02  1.43668001e-02  7.88267145e-02
  2.52778676e-01 -5.31341421e-02  2.36143397e-01 -3.82201028e-02
 -1.57185608e-02 -3.22881395e-02  4.61549042e-01 -1.85603350e-01
  4.56866433e-02  1.16173708e-01  3.86634722e-02  3.34770672e-02
  2.09046842e-02 -2.79702250e-01 -1.59487776e-01 -5.84303956e-02
 -2.56760857e-02 -1.24549372e-02 -1.44948754e-02  4.28039604e-03
 -3.08246685e-01 -2.18363849e-01 -1.74946064e-01 -2.02733178e-02
 -2.92008714e-01  2.21965380e-02  1.37600911e-01  3.43634657e-01
 -8.86941552e-02 -1.95833902e-01  3.57499510e-02  1.67640130e-01
 -8.72001491e-02 -8.27956636e-02  6.40665632e-02 -2.96890447e-01
 -1.49799718e-02 -1.10765528e-01  1.10534092e-01  6.04832155e-03
 -2.85430779e-01 -1.40953633e-01 -7.00087375e-02 -1.15961554e-01
  4.67103520e-01  3.07544813e-01  6.81497948e-02 -1.60036649e-01
  6.09858166e-02  1.07286585e-01 -2.70323654e-01 -3.96778939e-01
 -5.61635171e-02 -1.76723441e-02  5.24449776e-02  2.52527539e-01
  2.81758294e-01 -7.13201708e-02 -1.17577259e-02  2.77402386e-01
  1.13811971e-01  2.50641024e-01  3.88908850e-02 -1.90060964e-01
  9.68440988e-02 -5.82344857e-02 -2.64142519e-02  2.48973608e-02
 -2.49615607e-01  3.64469401e-01 -2.24625017e-02  5.64034914e-02
 -1.53062540e-01  9.27747932e-02  1.91663966e-03 -1.58441551e-01
 -1.21788877e-01  8.20213377e-02 -2.22923327e-03  1.85550596e-01
  3.22368615e-02  1.51476538e-01  3.39696812e-02  3.17149380e-02
  5.48377616e-02 -2.06693152e-02  1.96668009e-01 -1.28080885e-01
 -1.29587433e-01 -3.23994022e-01  1.63743220e-01  2.08193551e-01
 -2.57552685e-02  2.13530881e-01 -1.71696366e-01 -7.63145313e-02
 -1.72494134e-01 -5.98189253e-02  6.85692777e-02 -9.85631028e-02
 -3.57989377e-02  1.65476665e-01 -1.07855445e-01 -2.27410841e-01
 -1.02863683e-02 -2.56900259e-01  2.17929040e-01 -1.63140226e-01
 -2.12495791e-01  1.68601368e-01  3.82417993e-02 -8.75247503e-03
 -1.56553290e-02 -3.82209679e-02 -1.09550887e-01  6.15772640e-02
  1.98551221e-04  1.87894561e-01  1.41790242e-01 -1.23504607e-04
 -1.02894205e-01  5.70684721e-02  7.60766105e-02 -1.69123279e-01
 -2.92111021e-01  1.43123487e-01 -8.51773364e-02 -1.02584289e-01
  1.94740872e-01 -2.70036991e-01 -2.25272712e-01  1.61253407e-01
 -7.02186585e-02 -1.36138759e-01 -2.72459248e-01 -2.79480949e-01
  1.87838054e-01  3.04267313e-01  1.04746924e-01  3.94575683e-02
  4.43832580e-02 -5.52808214e-01  1.40202185e-01  2.52129425e-01
  1.80724232e-01  8.17378581e-03 -5.02256934e-02  1.72381706e-01
 -3.82324904e-02 -1.76115051e-01  6.37523719e-02 -2.41665652e-01
 -1.28647795e-01 -1.78493285e-01  1.14260425e-01  3.35371984e-02
 -3.62246984e-02 -1.55275723e-01  2.71936034e-01  4.30750964e-01
 -4.54686088e-01  4.07369225e-02 -1.86286627e-01  2.04874141e-01
  3.32858675e-01 -2.02452684e-02  2.91953307e-01  4.34428108e-02
 -2.37373630e-01 -1.92983433e-02  7.29901986e-02  1.31897623e-01
 -3.27326283e-02  1.71315243e-02 -2.46362968e-01 -4.59479775e-02
 -1.21426080e-01 -1.76657029e-01  1.09224072e-01  1.13972409e-01
 -2.64311801e-01  3.37446391e-01  3.14536602e-02  3.54180026e-02
  2.52633464e-02 -3.96569515e-02 -2.03840572e-02  2.18847745e-01
 -5.43559775e-02  9.86689718e-02 -2.74732258e-01  2.88641232e-02
  1.39437158e-01  1.36724021e-03  1.65181462e-01 -2.84513257e-01
 -1.94389786e-01 -1.12750260e-01 -5.61436722e-02  7.60306746e-02
  2.21043341e-01  1.57425717e-02  3.24667265e-01  1.01545653e-01
  1.82607277e-01  1.59507840e-01 -5.95991110e-02 -7.95021573e-02
 -2.01196387e-01  1.01834606e-01  1.06994301e-01  5.60393928e-02
  7.20744219e-02  2.15015476e-01 -3.91270572e-02 -5.00840587e-02
  7.95380446e-02 -5.20832326e-02 -4.14447128e-03 -3.93169458e-02
 -9.96246795e-02 -1.77536933e-01 -1.98083185e-01 -7.01073656e-02
 -1.17469194e-02  3.20311304e-01 -3.20827457e-01 -4.68292134e-02
 -2.49341368e-01  2.22952889e-01 -5.01553848e-03  5.87401991e-02
  9.64837570e-02 -2.73000126e-02 -2.10988205e-01 -2.06058796e-01
 -1.20640677e-01 -1.91635336e-01 -1.24757239e-01 -9.65102608e-02
  4.35114311e-02  1.81219556e-01 -1.29458139e-01  2.90713358e-01
 -1.49374832e-01 -1.73179727e-02  2.14532970e-01  6.25073682e-02
  1.78461771e-01 -3.19712192e-01 -2.96193279e-01 -8.23114340e-02
  1.69560649e-01 -1.67787343e-01  3.93983423e-02 -1.34528948e-01
  2.09640717e-01  2.96757512e-01  2.00821904e-01 -2.17696584e-01
  1.31867437e-01  1.45786839e-01  3.51998134e-01  3.00898927e-03
 -3.77824633e-02  5.46482064e-02 -9.48470172e-02 -1.49300708e-01
 -1.23972225e-01 -2.47444081e-01  1.94937600e-01  2.45299414e-01
  1.20993831e-01 -2.53293553e-01  1.97892216e-01 -4.53331838e-02
 -8.07474188e-02  2.42609083e-01  8.75729125e-03 -2.05466977e-01
  3.60866409e-01  1.27725834e-01  3.01614696e-01 -3.84032831e-02]


第5类： ['不是测试的', '为什么要测试', '先测试一下', '先测试一下', '先测试下', '先测试下', '可以几方测试', '可以测试吗', '可否安装测试', '如何测试呢', '带我测试', '怎么协助测试', '怎么测试呢', '怎么测试呢', '想测试一下', '我下午测试', '我们在测试', '我们在测试', '我先测试一下', '我先测试一下', '我先测试下', '我先测试下', '我先测试着', '我刚测试过', '我在测试', '我在测试', '我测试到', '我测试而已', '或者测试网址', '正在做测试', '正在测试中', '没有测试呢', '没测试过', '测试可以跳过', '测试时间多久', '测试有声音', '测试版本的', '测试要多久', '现在需要测试', '网讯测试使用', '能测试吗', '能测试吗', '能测试吗', '让我测试', '需要测试一下']
语义向量：[ 0.2415272   0.17089182 -0.23276786 -0.13611083  0.08530201  0.04237374
  0.11817571 -0.2312538   0.14796089  0.22623358 -0.11882669 -0.18554306
  0.12005928 -0.00677306 -0.12879438 -0.03252094  0.23623112 -0.05057894
  0.2855734  -0.01241752 -0.18043525 -0.08099273  0.4982647  -0.14605813
  0.08602534  0.00345796  0.07032756  0.14306145  0.09217781 -0.34249274
 -0.02490019 -0.21997524  0.00679096 -0.10388305 -0.07243169 -0.09474716
 -0.33596142 -0.43337018 -0.02064986  0.153196   -0.29824126 -0.0899543
  0.24767422  0.36097081 -0.10548618 -0.27289566 -0.07256891  0.21718895
 -0.01677264  0.03500227  0.0894269  -0.32936487  0.15306257 -0.16720887
  0.18883812 -0.18467153 -0.24766516 -0.00325451 -0.01240923 -0.08818311
  0.43577792  0.3524069   0.02038943 -0.1487359  -0.0038552  -0.07939951
 -0.31890158 -0.43036287 -0.11598069  0.05868624  0.10663059  0.16989197
  0.2083725   0.00393745 -0.11806906  0.23744096 -0.06477663  0.38314189
 -0.00475638 -0.35954332  0.19753842 -0.08022207  0.12035178  0.03544759
 -0.20838818  0.40877032  0.03070708  0.08241147 -0.05678498  0.25940399
  0.02447833 -0.12350886 -0.15554229  0.10730108 -0.0209768   0.33027018
  0.06492671  0.20445298  0.15256623 -0.00988995  0.08466198  0.03538218
  0.32960865 -0.07163012 -0.11071561 -0.24410638  0.1660588   0.18779129
 -0.01591653  0.27789015 -0.13874021  0.03558503 -0.12408371 -0.12305039
  0.20349978  0.01907331  0.07970434  0.09494726 -0.22569791 -0.19749413
  0.11167997 -0.28493833  0.09944227 -0.07381061 -0.03043797  0.07556903
 -0.15578635  0.05484595 -0.02190371 -0.08424601 -0.27254578  0.01937579
  0.00112737  0.15203264  0.12345724  0.05158111 -0.23127262 -0.0491619
  0.13254206 -0.11739143 -0.37611581  0.12004515 -0.08596994 -0.04014509
  0.2453313  -0.21810967 -0.48263453  0.20475301 -0.20223989 -0.20474581
 -0.12529685 -0.08968868  0.14545193  0.39850384  0.20532761  0.02312626
 -0.01313983 -0.60115735  0.26609469  0.17821937  0.00546404 -0.00191766
 -0.10090754  0.01174124  0.0180396  -0.20042542  0.09798614 -0.36794215
 -0.07833759 -0.17602533  0.00756134 -0.04992307 -0.25174481 -0.19610586
  0.27357726  0.49870432 -0.49884584  0.05831087 -0.03674847  0.34646432
  0.2555114  -0.09395419  0.33006337 -0.03852549 -0.21424955 -0.15941755
  0.11054492  0.01939542  0.17931935 -0.04730032 -0.22120221 -0.13868
 -0.00517427 -0.40628081  0.03548761  0.07720276 -0.3705825   0.49353418
 -0.02430704  0.09471977  0.00563814 -0.11484918 -0.0306152   0.19856692
  0.02433208 -0.00539249 -0.33931588  0.27461502  0.13767803 -0.00281696
  0.26942228 -0.39446136 -0.25207604 -0.10083541 -0.2113848   0.08952855
  0.20995581  0.14787026  0.23304753  0.11077517  0.27867078  0.09911074
 -0.10481665  0.01079454 -0.1645838   0.20822379  0.21184406  0.07331953
 -0.06442245  0.11179529  0.00260152 -0.09653114  0.27829509 -0.11153766
  0.01062989 -0.06616795  0.04008946 -0.30401881 -0.15780435 -0.08681716
  0.06688308  0.42275362 -0.37447144 -0.05343836 -0.34574624  0.35747811
 -0.02521244 -0.05588993  0.08011813 -0.01396223 -0.17420883 -0.21157324
 -0.04399585 -0.15089423 -0.0348022  -0.27610451 -0.01893371  0.24119557
 -0.15664904  0.3871912  -0.21206376 -0.01425512  0.19301508 -0.07327715
  0.13757464 -0.31757693 -0.28613845 -0.18088584  0.06083794 -0.22221521
 -0.08564336 -0.07162222  0.43101245  0.43275426  0.22955239 -0.11246689
  0.10497045  0.32773426  0.23856672 -0.04207886 -0.15217258  0.01426651
 -0.13744501 -0.22284563 -0.05675044 -0.19512334  0.37555984  0.12790177
  0.0725399  -0.28071084  0.14913827 -0.17000905  0.02467218  0.15964033
 -0.0837048  -0.19777534  0.36094637 -0.00263178  0.24137807 -0.09885853]


第6类： ['测试帐号']
语义向量：[ 0.29304886  0.63459796 -0.18340261 -0.24796769  0.23519841  0.12998614
  0.20396475 -0.02088788 -0.04349978  0.67094767 -0.32295328 -0.15452427
  0.03291883 -0.1801701   0.00640962  0.12485665  0.72260553 -0.10553947
  0.56478304 -0.05125206 -0.00748745 -0.0405361   1.11493301 -0.58275175
 -0.02390133  0.25418669  0.12469421  0.26275402  0.07022737 -0.66445655
 -0.28720322 -0.27662209 -0.09674197 -0.01956972 -0.0182887   0.09646954
 -0.71769643 -0.52857739 -0.47070017 -0.00419824 -0.80722165  0.15468392
  0.33747649  0.85872841 -0.18542539 -0.48834282  0.08875163  0.28392059
 -0.127248   -0.22485204  0.00266688 -0.88384396 -0.01528253 -0.10558313
  0.20106061 -0.02468994 -0.72740757 -0.36682668 -0.14001524 -0.33576
  1.30510116  0.75196081  0.26737618 -0.41137147  0.07238325  0.3934885
 -0.74570692 -0.99355221 -0.03666237  0.04307098  0.19910474  0.5328356
  0.72192192 -0.24610968  0.04286866  0.69830865  0.32187447  0.55966932
  0.15025753 -0.48826408  0.19191612 -0.2214122  -0.05908163  0.07948425
 -0.50948894  0.8386448  -0.02240118  0.08468968 -0.52707142  0.25983682
  0.05612934 -0.38237277 -0.16590735  0.19537129 -0.05543287  0.44078833
  0.12924831  0.35303307  0.22413582  0.07888661  0.13344678 -0.08003579
  0.5409109  -0.37340602 -0.31211621 -0.81409508  0.43587655  0.44361639
 -0.28606534  0.5041132  -0.42493895 -0.118671   -0.32681584 -0.14422205
  0.15913105 -0.42953986 -0.09974992  0.58978045 -0.3262392  -0.56641936
 -0.10273868 -0.71920937  0.42099184 -0.485989   -0.55564982  0.65265757
  0.09032369  0.08589571 -0.059074   -0.21979198 -0.35985371  0.12939717
  0.06511584  0.5548448   0.33806017  0.18201938 -0.23055729  0.15724298
  0.224985   -0.34643647 -0.74884498  0.37670857 -0.14022438 -0.31499311
  0.47819394 -0.75905228 -0.63946998  0.52170318 -0.20093757 -0.24677832
 -0.62291485 -0.67872107  0.5774014   0.77562743  0.24954852  0.01090574
  0.21921706 -1.44957614  0.37746984  0.64640844  0.41957352 -0.03179383
 -0.20727119  0.49895796 -0.09773339 -0.45860291  0.31428689 -0.77355701
 -0.22836459 -0.50350344  0.35945332  0.14637312 -0.08489919 -0.33986032
  0.58154392  1.19191921 -1.22196794  0.21616647 -0.50019264  0.54038
  0.80612361 -0.17974243  0.8233968   0.05223052 -0.65110266 -0.04504882
  0.1505895   0.42195132 -0.11450803  0.11325869 -0.69642359 -0.07359831
 -0.33997837 -0.48753333  0.41201335  0.25186229 -0.69006914  0.9907946
  0.08972246  0.15786792 -0.02665076  0.02863474 -0.05677099  0.67344987
 -0.17268549  0.26592475 -0.55723494 -0.05465922  0.39477843 -0.01684226
  0.364337   -0.84525079 -0.57093167 -0.32269776 -0.11882484  0.25239027
  0.64433765  0.05632927  0.77159965  0.1984949   0.39883807  0.38653553
 -0.14776389 -0.39334092 -0.53883159  0.17268577  0.33316916  0.16363175
  0.34344622  0.55823046 -0.08561203 -0.10924377  0.20807281 -0.14852349
  0.02044578 -0.05344021 -0.28067315 -0.41055816 -0.4093644  -0.14880568
  0.067999    0.82706642 -0.89558822 -0.13750139 -0.62666941  0.45689189
 -0.09672752  0.18560484  0.25055259 -0.08247098 -0.41741544 -0.52861607
 -0.33420479 -0.46306878 -0.35994598 -0.1857907   0.11825496  0.41023719
 -0.39787394  0.70326424 -0.34418863 -0.05557638  0.56250322  0.14423132
  0.44673598 -0.83625114 -0.71487319 -0.22135907  0.43418992 -0.41762885
  0.06122613 -0.31977433  0.56967837  0.75937223  0.55613011 -0.53065175
  0.24659544  0.43340647  0.87479419 -0.06740347 -0.12592405  0.1411297
 -0.22979195 -0.36310622 -0.27313656 -0.56884193  0.49076933  0.63340306
  0.31830963 -0.57787263  0.49625254 -0.16047791 -0.16387047  0.689722
 -0.07462122 -0.52824378  1.10098124  0.30224535  0.87693977 -0.19612248]


第7类： ['测试密码']
语义向量：[-2.14358270e-01  5.49712777e-02 -4.53430712e-01 -2.31831133e-01
  1.24096915e-01  1.41216189e-01  4.28504050e-02  1.97058856e-01
  4.47325855e-02  5.72325468e-01 -1.39323220e-01  5.26505709e-03
  1.02626495e-01 -2.52060920e-01  2.08226204e-01  1.55314922e-01
  4.74975586e-01  6.08530119e-02  8.54088783e-01  6.96003214e-02
 -9.60032642e-02 -6.81664050e-02  7.97131479e-01 -1.14442125e-01
 -1.51701272e-03  3.50024402e-01 -3.13609242e-01  1.69917256e-01
 -2.54404366e-01 -5.71298301e-01 -2.41357703e-02  3.34934235e-01
 -1.28701150e-01  1.15807965e-01  2.23558128e-01 -2.18508139e-01
 -1.72803730e-01 -4.76016283e-01 -1.44518837e-01  1.35536909e-01
 -3.87500137e-01 -2.06735998e-01  1.31094217e-01  4.36533630e-01
 -4.16258156e-01 -6.19482696e-01 -9.94962752e-02  2.95928836e-01
 -2.70091832e-01 -1.27828911e-01  7.94925451e-01 -6.58424199e-01
  1.25197858e-01 -7.78795004e-01  6.17742062e-01  1.77523047e-01
 -2.49998719e-01 -4.91688013e-01 -3.94386142e-01 -3.21617067e-01
  6.86839163e-01  3.89531761e-01 -3.21237952e-01 -5.10061681e-01
  1.22210450e-01 -4.58204225e-02 -7.55373716e-01 -6.58096135e-01
  4.32994068e-02  1.58836544e-01  2.46610641e-01  1.12892210e+00
  5.33007145e-01 -6.11456707e-02  2.83833742e-01  5.75457394e-01
  8.52367505e-02  3.22118491e-01 -2.33127996e-01 -3.60264480e-01
  6.27598941e-01 -4.62707579e-01  1.46765798e-01  4.15341675e-01
 -7.38501549e-01  7.89648294e-01 -2.00148165e-01  2.33598143e-01
 -2.82768816e-01  2.75362849e-01 -4.43780214e-01 -2.76352167e-02
 -3.08963120e-01  5.94142914e-01  3.30289155e-02  4.84244019e-01
 -3.06457639e-01  3.70383352e-01 -3.58729064e-03 -4.44469675e-02
  1.61325783e-01  1.30787700e-01  2.53831387e-01  1.22096755e-01
 -1.26407072e-01 -4.58490908e-01  5.58298051e-01  1.98430955e-01
  2.23105296e-01  5.12514353e-01  1.93078890e-01 -6.44627810e-02
 -1.38314903e-01 -2.20118463e-02 -1.47410303e-01 -1.99157372e-01
 -8.13290328e-02  2.72596121e-01 -1.32900178e-02 -2.77669609e-01
  5.54898605e-02 -2.93022126e-01  9.66253638e-01 -3.48367989e-02
 -4.25375700e-01  1.59661055e-01  5.68868220e-02  2.00254872e-01
 -2.37842485e-01 -2.63908625e-01 -3.77404690e-02  4.67111841e-02
  2.48177260e-01  5.19430757e-01  4.07176197e-01  7.63630942e-02
 -4.19214308e-01  2.36323774e-01  9.11551714e-02 -2.63468027e-01
 -6.15404487e-01  1.23897739e-01 -1.64868370e-01  1.65027082e-01
  4.91145790e-01 -7.40134835e-01 -2.67113984e-01 -1.28534794e-01
 -6.86766207e-02 -3.91084939e-01 -2.83669114e-01 -4.25151139e-02
  2.75035977e-01  4.81211066e-01  3.60805303e-01  2.18435958e-01
  1.61775261e-01 -9.64906693e-01  5.15611172e-02  5.99922776e-01
  3.10339451e-01 -3.01682234e-01 -1.28666908e-01  2.76176333e-01
  3.47772427e-02 -9.83614475e-02 -3.00217181e-01 -2.68928289e-01
 -2.72511542e-01 -1.90343916e-01  3.89585346e-01  1.46820068e-01
 -2.14776933e-01 -2.90342540e-01  7.64523983e-01  1.08969033e+00
 -7.95801938e-01 -1.28310025e-01 -4.38932389e-01  4.97197002e-01
  7.83450246e-01  1.31409019e-02  2.25689739e-01  5.35074770e-01
 -3.23302001e-01 -2.13620156e-01  5.55472374e-01 -1.32926464e-01
  3.98834884e-01  1.19516730e-01 -6.15975976e-01 -3.99552584e-01
 -2.15182900e-01 -6.55815005e-01  4.39930797e-01  3.28795224e-01
 -9.74118769e-01  6.50482416e-01 -2.02508599e-01  1.87706307e-01
 -1.50648534e-01 -2.66269624e-01  1.04868785e-03  1.84513018e-01
 -3.02629769e-01  4.26716432e-02 -4.37450051e-01  4.90124673e-01
 -1.01712197e-02 -1.74772918e-01  4.60987270e-01 -6.85551703e-01
 -6.31951451e-01  5.12669981e-02 -6.59433603e-01  1.41149402e-01
  2.47414887e-01 -5.02558053e-03  4.68638867e-01 -1.08337224e-01
  8.37370634e-01  5.33047318e-01 -1.32643282e-01 -5.95811084e-02
 -1.25995800e-01  2.85410434e-01  5.62598646e-01  3.55731964e-01
  2.80927777e-01  5.14204919e-01  4.98786047e-02 -3.53613466e-01
  4.84760821e-01 -1.49197564e-01  4.57992628e-02  1.77487716e-01
 -4.39616740e-02 -4.31967705e-01 -5.19500911e-01 -2.18131453e-01
  1.99471593e-01  6.16947293e-01 -6.68723404e-01 -2.54797280e-01
 -8.24588776e-01  5.83165109e-01 -3.13853711e-01  3.86044681e-02
  3.81204560e-02 -1.90504402e-01 -3.57061177e-01 -8.18333626e-01
 -9.64672863e-02 -2.91582584e-01  8.09519365e-02 -6.85618460e-01
  8.95311683e-02  4.91499543e-01 -5.70499957e-01  8.47518861e-01
 -2.82036364e-02 -2.43589669e-01 -2.42519379e-03  6.41907081e-02
  9.02498662e-02 -3.73269796e-01 -5.31997859e-01  1.06390417e-02
  4.33586657e-01 -4.80618179e-02  6.22909516e-02 -2.15696365e-01
  8.91048789e-01  7.93362021e-01  3.02953243e-01 -4.11629617e-01
  3.68783176e-02  7.24070907e-01  7.18925953e-01  2.85882145e-01
  1.30579025e-02 -3.82498652e-03 -4.09077555e-01 -9.41320807e-02
  8.83856043e-02 -7.27720261e-01  4.62983102e-01  4.30437803e-01
  4.71175492e-01 -1.25931573e+00  3.89726937e-01 -2.78133065e-01
 -4.28959727e-02  5.38113415e-01  2.17617452e-02 -5.88802934e-01
  7.80835450e-01  2.99272567e-01  3.34378213e-01 -6.09127283e-01]


