第1类： ['一点击就自动关机', '下一步也点击不了', '不需要点击什么加入什么的', '从哪里点击进去', '但是为啥点击不了啊', '但是我点击加入然后加入不了是怎么回事啊', '到点后直接点击', '受邀请方仅需要点击', '只需要点击一下他们发送的邮件就可以了', '在哪里点击能听到讲课的声音', '在钉钉里面点击开会', '如果是点击你们主页上', '如果没用点击录像是不是就没有了', '对方点击没有反应', '就是只要点击手动安装扩展程序就行了', '我们这点击加入就行了', '我刚点击了你家网站页面上', '我只需要点击其他', '我点击客户端没反应', '是不是点击后面那个', '点击几次无答应', '点击后发送邮件', '点击就可以吧', '点击左边的集成语音吗', '点击插件安装没反应', '点击获得验证码没有反应', '点击静音时对方有嘟嘟的声音反应', '直接点击就可以进去吗', '直接点击登陆就好了', '直接邮件里面点击加入就可以', '让他点击快速启动', '让我的同事和客户通过连接直接点击进入', '输入后无法点击下一步']
语义向量：[-0.15422938 -0.070667   -0.11837391 -0.09724581 -0.05205683  0.02953592
 -0.07723104  0.24930722 -0.05683105  0.20157651  0.10018999  0.12302965
  0.04086306 -0.00202015  0.21815498  0.15983198  0.17244554  0.07414721
  0.23500595 -0.00752134  0.0270463  -0.01583258  0.03023574  0.09093235
 -0.15448488  0.12161364 -0.12311121  0.03775522 -0.25977881 -0.16118998
  0.04592121  0.17859424 -0.16933792  0.2246143   0.16645917  0.06467961
  0.00091271 -0.0110478  -0.05547611 -0.0217686  -0.05578563  0.08496951
 -0.11766592  0.10468354 -0.08616703  0.01607086 -0.09663168 -0.06784765
 -0.08639527  0.00681835  0.20928284 -0.06527358  0.1357194  -0.17134519
  0.09577996  0.15162018 -0.04509807 -0.16198559 -0.04652562  0.05036119
  0.17982669 -0.11791385 -0.08265266 -0.11979081  0.08877948  0.00391765
 -0.03770354 -0.0958761   0.11758267  0.06517507  0.08506975  0.38517682
  0.15088945  0.08157802  0.14411039  0.08914828  0.04039899 -0.04116678
 -0.21051078 -0.05449446  0.10417591 -0.08489188 -0.02798061  0.29248567
 -0.300895    0.06810696 -0.13348417 -0.03783068 -0.02507173  0.03922082
 -0.16999782  0.11178408 -0.11428416  0.0865861   0.01227149 -0.07710601
 -0.13546609  0.03789543 -0.10085027  0.09347931  0.07318593  0.10053427
 -0.03566402  0.04538862 -0.03754619 -0.13962553  0.02051318 -0.01863749
 -0.07131072 -0.05107129  0.12348818  0.12755176  0.03062812  0.01560065
 -0.12499542 -0.09636514  0.07067428  0.08827698  0.03183777 -0.12879945
  0.01089087 -0.05766849  0.27332192  0.00345683 -0.09678848  0.04441688
  0.16952368 -0.03423737  0.00954917 -0.05124566  0.00433438 -0.04029629
  0.13212956  0.05363894  0.17208422  0.1138145  -0.13970262 -0.0024878
 -0.16837642  0.02505697 -0.04721237  0.02292544 -0.0060312   0.07035592
  0.08754422 -0.17737874  0.20980021 -0.12920869  0.00932322 -0.04214192
 -0.19707827  0.08343928 -0.07048459  0.10238347  0.07392277  0.07079981
  0.01857599 -0.09395925 -0.01949431  0.10706418  0.04624306 -0.16796643
  0.01417952  0.02609374 -0.00097368 -0.08670284 -0.19065267  0.05956913
  0.0189723   0.01587558  0.09906565  0.10258564 -0.0352386  -0.09891287
  0.15926753  0.10594347 -0.09057103  0.00485468 -0.08709364  0.12403514
  0.08006041  0.06732676 -0.06233735  0.12065881 -0.0705467  -0.07615629
  0.153991   -0.0147389  -0.03038923  0.11254934 -0.12100466 -0.0696725
 -0.17725295  0.0289967   0.09446968  0.03968876 -0.02205587  0.0793025
 -0.02564935 -0.10033898 -0.05368732 -0.08099929 -0.12113188 -0.00093373
 -0.12348046  0.10693279 -0.01441162  0.01465338 -0.14653396 -0.0420631
 -0.03608674 -0.00995747  0.00320344  0.12451902 -0.07587856 -0.03075434
  0.04127516  0.07115694 -0.09158064 -0.13230096  0.1976066   0.16132292
  0.00777085 -0.09795913  0.0640925  -0.10138881 -0.02021916  0.14778103
  0.20503139  0.24288631  0.0923166  -0.04311038  0.05147366  0.02775325
  0.04531474  0.06452297 -0.08693695  0.09377291 -0.12163924 -0.11492137
  0.01277088  0.04655035 -0.07029089  0.01312116 -0.16011385  0.04624323
  0.06014211  0.04069403 -0.05654512 -0.03417435 -0.14090445 -0.12001935
 -0.00868436  0.04621376  0.09739529 -0.10096741  0.043671    0.10213964
 -0.17146498  0.06876157  0.10587232 -0.08204866 -0.07813371  0.09916858
  0.00623868  0.03685285  0.0514386   0.20543896  0.16447776  0.05751499
  0.07023149  0.00490665  0.0761589   0.01304336 -0.05887326 -0.03713738
 -0.06616698  0.13866026  0.00944334 -0.00836543  0.13854992  0.0552457
 -0.12082639  0.08083116  0.01940178 -0.11297099 -0.10509162  0.01367901
  0.16399146 -0.12340795 -0.00644761  0.00701632 -0.03687832 -0.00356966
 -0.06056597 -0.03941772  0.08231161  0.14152961  0.07780745 -0.16453733]


第2类： ['为什么点击', '之后点击', '在哪点击', '就直接点击', '我点击了', '我点击加入日历', '无法点击', '点击主持后', '点击支付', '点击支付进去', '点击无效', '然后对方点击', '然后点击', '那里点击']
语义向量：[-0.28259839 -0.13164589 -0.2345788  -0.20519622 -0.10256679  0.03095965
 -0.16825063  0.51459697 -0.11135176  0.40845066  0.20658174  0.20665381
  0.14499382 -0.00140309  0.41714096  0.3045459   0.38984941  0.18035499
  0.4768843   0.01435821  0.08247011 -0.05399774  0.09158467  0.19661359
 -0.27349534  0.22158147 -0.21408883  0.1260436  -0.53850016 -0.35415092
  0.10344812  0.37532018 -0.30588449  0.46441019  0.35818352  0.1808172
 -0.01358129  0.01388036 -0.1318531  -0.03816004 -0.09031438  0.2153745
 -0.19814084  0.2312697  -0.14731035  0.03363542 -0.1821095  -0.12864562
 -0.15193044 -0.03137098  0.41232691 -0.16386957  0.26082792 -0.3356374
  0.21236023  0.28870068 -0.13212731 -0.30837209 -0.03528456  0.13597348
  0.3628949  -0.26904167 -0.1163914  -0.20150586  0.20141883  0.00177313
 -0.10071385 -0.17267836  0.2529443   0.18093197  0.17945239  0.71715821
  0.3182219   0.16533644  0.26103727  0.21829168  0.10607769 -0.08796111
 -0.4113433  -0.10087467  0.20377502 -0.1503395  -0.11393649  0.60028859
 -0.57974271  0.14720831 -0.23971888 -0.13840387 -0.05326656  0.08636646
 -0.34050357  0.26668286 -0.20345244  0.19686183  0.01213871 -0.14084556
 -0.25375085  0.11414669 -0.18556619  0.20205488  0.15954395  0.21973277
 -0.05653254  0.03136603 -0.11038449 -0.31908572  0.03724024 -0.0664282
 -0.200108   -0.09104087  0.22630151  0.31174579  0.03703243  0.00876564
 -0.1893575  -0.234426    0.18318263  0.1462218   0.1081531  -0.29551537
  0.03471208 -0.07115438  0.55458967 -0.02950859 -0.22737317  0.08082992
  0.3476414  -0.07412736  0.01555597 -0.16596691 -0.01386944 -0.09056953
  0.21242386  0.09799005  0.33836876  0.17854819 -0.32241106  0.0227621
 -0.35285135  0.0905503  -0.04335407  0.05008586 -0.05159033  0.14527502
  0.11363332 -0.35333724  0.44359036 -0.26576718  0.02311056 -0.08494741
 -0.41854455  0.14808421 -0.1211405   0.21085366  0.15337458  0.10456938
  0.0186563  -0.15810892 -0.0307103   0.19743713  0.03301196 -0.31862349
 -0.01539459 -0.0393903   0.0071433  -0.22451585 -0.31480125  0.10628555
  0.00979497  0.07755185  0.20590278  0.25050966 -0.06870061 -0.23610823
  0.31346478  0.25705002 -0.21790731  0.00928766 -0.20830642  0.24524264
  0.1164041   0.13399612 -0.12393793  0.23916712 -0.13899095 -0.20344149
  0.35516188 -0.00314195 -0.09473963  0.23935392 -0.23614859 -0.14592443
 -0.37454428  0.06265105  0.25231022  0.08361596 -0.01222038  0.12461773
 -0.00467166 -0.20968913 -0.06357682 -0.11896647 -0.25158551  0.01532524
 -0.21680809  0.23524611 -0.06938002 -0.00724498 -0.32380102 -0.05136227
 -0.11014046 -0.03424161  0.00555907  0.26125288 -0.17384693 -0.05145864
  0.08333914  0.15190537 -0.15278808 -0.2861342   0.37443713  0.31953443
 -0.02647435 -0.1972531   0.10010805 -0.25876652 -0.04877321  0.27825839
  0.4292231   0.54484139  0.18117237 -0.05766127  0.06712724  0.00830459
  0.07880479  0.13975766 -0.16486523  0.20437778 -0.2596711  -0.30371337
  0.00324108  0.14000508 -0.12442929  0.05420447 -0.32691994  0.12290221
  0.1207693   0.11296831 -0.14400314 -0.06707971 -0.28094811 -0.23275488
 -0.01103794  0.08886779  0.16339581 -0.19862472  0.08489236  0.24747079
 -0.32327881  0.14177918  0.15943597 -0.13068743 -0.15095563  0.2466998
  0.04498069  0.08665006  0.10680919  0.41829941  0.32777672  0.11880001
  0.16637083 -0.00787267  0.12974946  0.02336087 -0.11117369 -0.07939555
 -0.14223866  0.27052218 -0.00951027 -0.05595689  0.24892236  0.12119929
 -0.24578704  0.16893066  0.00311309 -0.20333115 -0.25189454  0.04151999
  0.2587804  -0.23354412 -0.00487295 -0.00627817 -0.06784235 -0.01119398
 -0.1177841  -0.06295403  0.1201527   0.28651264  0.18013761 -0.29897158]


