第1类： ['先帮我申请', '刚刚申请的', '到时候在申请', '可以申请吗', '好像申请了', '如何申请呢', '已申请了', '怎么申请呢', '您好可以申请', '想申请个', '想申请站点储存', '我先申请一下', '我刚申请下来', '我刚申请了', '我想申请', '我现在帐号申请完成', '我申请了', '我申请的', '我这么申请密码', '我需要申请', '是不是直接申请', '申请免费体验使用', '申请好了', '申请好了吗亲', '申请完了', '申请很快吗', '申请过了', '要怎么申请', '那我申请']
语义向量：[-1.31226725e-01 -3.99724609e-02 -1.03022081e-01 -3.88475391e-02
 -1.66855404e-02 -2.61602673e-02 -1.03803526e-01  1.71241515e-01
 -5.87908655e-02  3.22092035e-01  3.91704737e-02 -6.16102244e-02
 -1.59093514e-01  6.27928320e-02  1.39955065e-01  2.12974268e-01
  1.47730676e-01 -9.25183643e-02  2.75450547e-01 -1.52023688e-01
  9.01537874e-02 -8.34740196e-02  4.51671786e-01 -2.46359846e-02
  2.68195558e-01  1.33957364e-01 -3.58136203e-02 -2.96978853e-01
 -8.83475469e-02 -1.99957061e-01 -3.60651555e-01  2.39570143e-01
  1.07377779e-01  4.43020034e-02  2.99517740e-02 -4.82303049e-02
 -3.03542193e-01  7.02951323e-03 -1.95947577e-01 -1.85375719e-01
 -7.39739127e-02 -6.04760009e-02  6.80908409e-02  2.41025791e-01
 -5.77101381e-02 -1.48762384e-01  1.91116078e-01  2.94959073e-01
 -2.35471815e-01 -1.25340900e-01  3.04616375e-01 -6.09497684e-02
 -1.73568215e-01 -3.04017093e-01  2.21182339e-01  1.65254636e-01
 -2.05638505e-01 -1.83378028e-01 -1.52681960e-01 -3.26778235e-02
  2.03076966e-01  1.85260434e-01 -6.27676310e-02 -9.10719872e-02
  1.99790308e-01  5.90583827e-02 -7.00489360e-02 -2.54547767e-01
 -1.74089240e-01 -1.45490603e-01 -5.51953145e-02  3.76460520e-01
  2.02539787e-01 -7.57863180e-02 -9.35632990e-02  2.74660794e-01
  1.85475667e-01  2.09384714e-01  4.15718365e-02 -1.34388391e-02
  1.32153468e-01  2.83025968e-02 -1.70419719e-01 -1.20508321e-02
 -3.86330889e-01  3.78988389e-01 -4.75840430e-02  1.31957323e-01
  3.85927526e-02 -1.17308636e-01 -4.71983402e-02 -1.76208895e-01
 -2.88595858e-01  7.15669089e-02  7.56212437e-02  8.34891116e-02
 -5.27387791e-02  1.44889687e-01 -2.87066424e-01  5.67846744e-02
  3.73259654e-02 -3.59391131e-02  6.57739365e-03 -7.89377656e-02
 -1.55729626e-01 -3.27363510e-01  1.13739330e-01  3.11664645e-01
  2.74411142e-01  2.14338408e-01 -1.49216376e-01 -2.19497318e-01
 -3.56253617e-01 -9.67397814e-02  9.80482328e-03  9.39619938e-02
 -9.38617877e-02 -1.05689514e-01  1.41312324e-01 -2.41171126e-01
 -2.79865345e-02 -4.38162569e-02  3.98201574e-01 -6.13496324e-02
 -2.61612027e-01 -1.16243889e-01  1.48998518e-01 -2.06569004e-01
 -2.22115348e-02  1.30838974e-01  1.06021141e-01  1.05818816e-01
 -1.52255133e-01  6.01752678e-02  1.37369785e-01 -2.83732634e-01
  2.69121311e-02  1.83818142e-01 -9.91827173e-03 -3.20186742e-01
 -1.66052372e-01  1.07325960e-01 -2.37191998e-01 -8.03464502e-02
  7.86337488e-02 -1.27665148e-01  9.18360121e-02  4.63910924e-02
  4.37441259e-02 -2.20465101e-01 -3.83714627e-01 -4.40060501e-01
  3.40450030e-02  1.65699357e-01  7.10490607e-02  1.72424368e-01
 -3.19367698e-02 -3.18344151e-01 -3.74615898e-02  2.46320155e-01
  2.13847942e-01  9.41092462e-02  7.59169897e-02  1.07981080e-01
 -1.64380785e-02 -1.46052872e-01 -9.48897362e-02  1.20662185e-01
 -3.21946123e-01 -1.39502288e-03  9.68840964e-02  7.80709157e-03
  1.12768328e-01 -2.21604387e-01  3.28014982e-01  1.64740425e-01
 -2.56581511e-01 -1.67289835e-01 -2.37152277e-01  4.33044473e-02
  3.19842515e-01  1.78364161e-01  4.44027580e-02  1.78579161e-01
 -1.43118325e-01 -2.58990615e-02  9.64685631e-02  9.65443051e-02
 -6.59412797e-02 -1.08959955e-02 -7.62367308e-02 -4.51893034e-02
 -1.74516804e-01  1.08686929e-01  3.72755486e-04  1.74740130e-01
 -1.17284029e-01 -7.97996631e-02  2.68549373e-02 -1.06452601e-01
  1.74406221e-01 -1.61975480e-01  3.00087694e-02  3.14293966e-02
 -1.97497534e-02  1.42746849e-01 -3.56756487e-01  2.72731939e-02
  4.50483468e-02  4.73949723e-03  1.14541170e-01 -4.85468594e-02
 -3.15184264e-02 -4.52038738e-02  1.56347437e-02  2.15328881e-02
  4.66524508e-02 -9.28807647e-02  4.75303263e-01  1.55518192e-01
  1.78627777e-01  1.99560055e-01 -7.55718372e-02  1.97139887e-01
 -1.38599538e-01  1.36906592e-01 -5.52395978e-02  2.17154138e-02
 -7.78126342e-02  2.10573943e-01 -9.98636443e-02 -3.92368857e-02
 -9.35478401e-02 -3.09633630e-02 -1.02437986e-01 -3.07643084e-02
 -1.12535743e-01 -8.73459354e-02 -3.23481380e-01 -1.27297934e-01
 -1.71286280e-01  2.04856046e-01 -3.30111059e-02  1.89127894e-02
 -1.80336198e-01  1.90214114e-01  1.01633169e-01  6.58988536e-02
  4.53377611e-02 -5.78623996e-02 -3.39123782e-01 -1.22187555e-01
 -8.34550639e-02 -2.32317067e-01 -1.27589718e-01 -4.53328332e-02
  8.02178334e-02  1.94191876e-01  2.82683909e-02  2.34585667e-01
 -1.72422440e-01 -1.32661111e-02  1.19986641e-01  1.93004600e-01
  1.91005490e-01 -2.00938285e-01 -3.25285862e-01  3.33164348e-02
  1.82520189e-01 -7.39897351e-02  1.77928484e-01 -1.75590663e-01
 -2.80751682e-02  1.52307442e-01  5.76317874e-02 -3.11027671e-01
  2.57299499e-01 -6.27612141e-02  3.71544643e-01  1.60702968e-01
  1.29533813e-01  9.75979916e-02 -7.33621819e-02 -1.29373866e-01
 -2.20776300e-01 -2.76788262e-01  2.69680207e-03  2.83953434e-01
  6.79560853e-02 -3.16273979e-01  2.24560101e-01  8.19584124e-02
 -1.88073937e-01  1.66666065e-01  1.84797687e-01 -1.27369145e-01
 -3.30036956e-03  2.36009599e-01  1.24965944e-01  1.19542109e-01]


第2类： ['你们首页不是可以直接申请么', '你先告诉你申请好了之后我需要做什么', '你号我想申请使用一下', '你给我申请的是一个', '你这边帮我申请好了是会有邮件通知我吗', '刚在网上申请了一个', '刚才我已经提交了申请', '如果我想申请国外的', '就是目前你只能申请五', '就是能不能给我申请一个可以人数多一点的', '您是在帮我申请调试吗', '您那边帮我申请一下', '我们自己不能在网页上申请', '我公司还没申请下来', '我想问一下免费版怎么申请', '我是在科天云直接申请的', '我申请的用户现在不能正常使用', '我看可以直接自己申请是么', '我自己刚刚申请了个', '我记得之前是我自己申请的', '我该怎么批准他的申请', '我这边准备为公司申请', '现在就想请您帮我申请个帐号', '申请后一直没时间尝试', '申请后可以直接用吗', '申请成功麻烦告诉一下哦', '看完了在进行申请', '能帮我申请下么', '让我在网页上申请下', '试用版可以申请共享键盘和鼠标控制么', '请问发票已申请但是没有打印按钮', '还是说只能是申请下来的固化好吗', '那帮我申请一个我试一试吧', '那您给我申请一个吧', '那麻烦你帮我申请一下哦', '需要送运营商那边申请线路后拉线至话机吗']
语义向量：[-6.05223444e-02 -1.20871190e-02 -4.62613413e-02 -1.64842594e-02
 -1.71463111e-02 -8.72211568e-03 -4.60364801e-02  8.02628480e-02
 -2.49911298e-02  1.36215108e-01  2.05518168e-02 -2.33375230e-02
 -7.21576731e-02  2.59710319e-02  6.16736793e-02  9.08943026e-02
  6.07915914e-02 -4.64236124e-02  1.17551092e-01 -6.90240199e-02
  4.39079294e-02 -2.80492335e-02  1.85866641e-01 -1.59348912e-02
  1.05150665e-01  6.31486572e-02 -2.25014451e-02 -1.32044575e-01
 -4.20254705e-02 -8.36245776e-02 -1.56658065e-01  1.02318438e-01
  3.23893214e-02  2.33370415e-02  1.66826708e-02 -1.73623072e-02
 -1.29238935e-01  3.95102916e-03 -7.45673443e-02 -8.44068370e-02
 -3.44298322e-02 -2.41469836e-02  2.41993524e-02  1.04187256e-01
 -2.90272206e-02 -5.69983877e-02  7.21433856e-02  1.19601072e-01
 -1.06702517e-01 -5.06754765e-02  1.29425394e-01 -2.20198447e-02
 -6.01475698e-02 -1.33561469e-01  9.31761812e-02  7.43515382e-02
 -8.43462036e-02 -8.34246537e-02 -6.21204192e-02 -1.50404853e-02
  9.14456189e-02  8.35727076e-02 -3.00296196e-02 -4.78481951e-02
  8.78191093e-02  2.57874999e-02 -2.36338469e-02 -1.21072409e-01
 -7.15071957e-02 -6.54792536e-02 -1.72201711e-02  1.72580479e-01
  9.18325981e-02 -3.72408199e-02 -3.65495749e-02  1.12025180e-01
  7.80885504e-02  9.03969009e-02  1.11000636e-02 -7.97959025e-03
  5.23369759e-02  1.24230804e-02 -7.55921303e-02  2.52362143e-03
 -1.68497878e-01  1.61723084e-01 -2.01646692e-02  6.17337072e-02
  8.59262528e-03 -4.93983602e-02 -2.64424318e-02 -7.67686488e-02
 -1.35937182e-01  2.50056369e-02  2.71990874e-02  3.25936515e-02
 -2.62039435e-02  5.49535127e-02 -1.25414649e-01  2.71516050e-02
  1.66099188e-02 -9.04070923e-03  2.51338015e-03 -3.11744105e-02
 -6.46975252e-02 -1.36072765e-01  5.07662902e-02  1.32766605e-01
  1.15613416e-01  8.54538472e-02 -6.00114883e-02 -8.96632794e-02
 -1.43995083e-01 -3.96043893e-02  3.01297785e-03  4.09103993e-02
 -3.96099180e-02 -4.20165713e-02  5.45716032e-02 -9.96980868e-02
 -2.01991075e-02 -1.78090198e-02  1.70983194e-01 -3.31446353e-02
 -1.07662667e-01 -4.72537057e-02  6.27927854e-02 -8.42690849e-02
 -9.00018985e-03  5.80260427e-02  4.15071737e-02  4.68613641e-02
 -5.66456154e-02  2.54691003e-02  6.13040248e-02 -1.06777485e-01
  1.09787607e-02  7.20353077e-02 -1.18463713e-02 -1.30243937e-01
 -7.95327328e-02  4.78375429e-02 -1.08458635e-01 -3.91219672e-02
  4.38977355e-02 -5.95209747e-02  4.00221318e-02  2.68485739e-02
  1.96764262e-02 -9.63003427e-02 -1.65880183e-01 -1.85342021e-01
  9.89122083e-03  6.59985832e-02  2.85031131e-02  8.23119819e-02
 -1.06162955e-02 -1.39205757e-01 -1.40244758e-02  1.10790411e-01
  9.49579910e-02  3.76560187e-02  3.37552384e-02  5.95711165e-02
 -4.35025553e-03 -6.30769618e-02 -4.92209515e-02  5.45417641e-02
 -1.34373380e-01 -3.49545177e-03  4.31518147e-02 -5.42978430e-04
  4.17851949e-02 -8.92755317e-02  1.37804884e-01  6.93621120e-02
 -1.11229275e-01 -7.07122251e-02 -1.01813323e-01  1.76963094e-02
  1.46039020e-01  7.64778272e-02  2.66807602e-02  7.68166738e-02
 -6.17449151e-02 -8.73344500e-03  3.82520761e-02  3.66401344e-02
 -3.29413117e-02 -6.66882851e-03 -3.63069103e-02 -1.38788814e-02
 -7.60611070e-02  4.48183902e-02  3.39369932e-03  6.63839980e-02
 -4.93369548e-02 -2.83593148e-02  2.34754244e-03 -4.95214237e-02
  6.96592095e-02 -7.39213781e-02  9.17518328e-03  1.62557516e-02
 -1.70381110e-02  5.71341095e-02 -1.50083391e-01  1.21163985e-02
  1.30696661e-02 -4.35774441e-04  5.29655723e-02 -2.57649474e-02
 -1.58988493e-02 -2.40514675e-02  8.91162302e-03  1.02550363e-02
  2.45351482e-02 -3.73585176e-02  1.95305071e-01  6.17146614e-02
  8.59135073e-02  8.99816058e-02 -3.09725440e-02  8.23195203e-02
 -5.24540669e-02  6.29526313e-02 -2.10849119e-02  1.53728212e-02
 -2.14608675e-02  8.83585970e-02 -3.68603639e-02 -2.10846204e-02
 -3.45630817e-02 -1.01585673e-02 -3.93537345e-02 -6.78269450e-03
 -5.61243705e-02 -3.47478522e-02 -1.34484881e-01 -5.50083007e-02
 -6.64666218e-02  7.61778758e-02 -1.26833044e-02  2.97124284e-03
 -7.77712394e-02  7.87837464e-02  4.42943471e-02  2.64127716e-02
  1.99737896e-02 -2.35754464e-02 -1.46030991e-01 -5.32188499e-02
 -3.83765238e-02 -9.82688719e-02 -4.63326196e-02 -2.20733372e-02
  3.34480626e-02  7.86746136e-02 -8.06386686e-05  1.03526518e-01
 -6.10739067e-02 -5.22209166e-03  4.95744504e-02  7.71275322e-02
  7.05410952e-02 -8.77518404e-02 -1.37288997e-01  1.90675620e-02
  7.89976909e-02 -3.47835651e-02  6.86759283e-02 -7.12734499e-02
 -1.17974804e-02  6.36031407e-02  1.52888181e-02 -1.26300243e-01
  1.04537504e-01 -2.88246078e-02  1.55172653e-01  6.30367981e-02
  6.31638517e-02  4.50240916e-02 -3.10650696e-02 -5.15744779e-02
 -9.28404542e-02 -1.22754948e-01  6.02835828e-04  1.12706134e-01
  3.59660056e-02 -1.33859405e-01  9.03918564e-02  3.46218016e-02
 -7.85014685e-02  6.19159447e-02  7.77953362e-02 -5.84194112e-02
  6.61900021e-03  9.86883435e-02  5.35639228e-02  4.80638394e-02]


第3类： ['不能在线申请吗', '不需要我申请免费的', '今天才申请的', '他让我在官网申请', '你先帮我申请', '你帮我申请', '你有综合支付申请', '免费的帐号什么是否可以申请下来', '只有申请与通知', '多久能申请下来啊', '大概多久能申请下来', '如何申请电子发票', '如果对方申请了一个', '如果我现在申请了', '已经申请过了', '帮我申请一下', '您这边可以申请吗', '我之前申请过一个', '我之前申请过了', '我刚在线上申请了', '我刚才申请了', '我刚申请了一个', '我刚申请了个试用版', '我刚申请的呀', '我可以先申请开课', '我已经申请了', '我已经申请完了', '我想申请一个', '我想申请个试用版', '我现在是个人申请', '我申请了一个', '我申请了一个', '我申请了一个', '我申请了使用', '我申请发票了', '我目前没申请过', '我都申请两次了', '所以得重新申请一下', '按需要申请的呢', '是不是申请好了啊', '是可以通过官网申请', '没看到申请啊', '现在申请多久开通呢', '申请微信收款吗', '申请控制对方的鼠标', '申请是成功的', '申请需要营业执照嘛', '直接网上申请吗', '网站上申请的', '能申请演试吗', '请问如果打算申请', '辛苦尽快帮我申请', '还要给他申请吗', '这个要怎么申请', '那我申请完了', '那科天易播不能申请吗', '那要怎么申请到呢', '需要先申请一下吗', '需要我申请吗', '麻烦帮忙申请一个', '麻烦帮我申请一下']
语义向量：[-0.08250388 -0.02567207 -0.06962476 -0.0301927  -0.01353942 -0.02264184
 -0.06727758  0.10808103 -0.03801995  0.21753914  0.02991625 -0.04850392
 -0.10911172  0.04589846  0.09009504  0.14678494  0.10364152 -0.06293374
  0.18312463 -0.10310335  0.05721213 -0.06154875  0.31071167 -0.01600162
  0.18608504  0.08533406 -0.02065357 -0.20749219 -0.05770272 -0.13923655
 -0.24852814  0.15472585  0.07055969  0.02762842  0.01379555 -0.03731409
 -0.2136627  -0.00312903 -0.12952805 -0.11938369 -0.05387633 -0.03873004
  0.0505157   0.17170356 -0.03799104 -0.09926105  0.12627642  0.20139048
 -0.16418677 -0.0784071   0.1998483  -0.0372152  -0.11289339 -0.19766923
  0.14955754  0.10646301 -0.14414785 -0.11732596 -0.0949185  -0.01976595
  0.14481122  0.13335522 -0.03645894 -0.06204828  0.13746114  0.03762568
 -0.03688033 -0.17648766 -0.12273329 -0.10061409 -0.03599994  0.25003863
  0.13474519 -0.04889996 -0.06979722  0.18776381  0.12147809  0.15414039
  0.02670536 -0.01261826  0.09153448  0.02522398 -0.11629306 -0.00603835
 -0.25871367  0.25799054 -0.02921422  0.09125858  0.02684063 -0.08041803
 -0.0291998  -0.12414951 -0.19784253  0.04528699  0.05246248  0.05344459
 -0.03034478  0.10088105 -0.19429734  0.03871975  0.02759453 -0.0218007
  0.01279879 -0.0561886  -0.10591687 -0.22363811  0.07231595  0.2116855
  0.17898282  0.14664617 -0.10782244 -0.14659679 -0.24482431 -0.06589062
  0.018442    0.06713953 -0.05158011 -0.07199325  0.08727103 -0.17094864
 -0.01709874 -0.03174377  0.26255162 -0.04391122 -0.17094241 -0.080997
  0.09350752 -0.14644809 -0.01160384  0.092999    0.06497506  0.07427948
 -0.1029388   0.04214844  0.0963771  -0.19013983  0.01734595  0.11491319
 -0.00582272 -0.22121584 -0.11860477  0.07323231 -0.16181033 -0.05587035
  0.05615002 -0.0849796   0.06012209  0.03461524  0.02686546 -0.15123141
 -0.26544522 -0.30040186  0.01669024  0.11837208  0.05250882  0.11519612
 -0.02781129 -0.21766509 -0.01759545  0.16012415  0.14377402  0.0674807
  0.05225798  0.06893133 -0.00778762 -0.10712438 -0.06018886  0.07832829
 -0.21635405 -0.00201103  0.06240687  0.005208    0.07148996 -0.15140904
  0.22719057  0.10462484 -0.17612562 -0.10814576 -0.15145977  0.03312905
  0.21556646  0.12232224  0.0384116   0.11541428 -0.09533472 -0.02063564
  0.05985782  0.06652564 -0.04672086 -0.01408459 -0.04825835 -0.02915604
 -0.11985629  0.07541113 -0.004368    0.11580901 -0.07289202 -0.05180258
  0.01924549 -0.07811393  0.12164258 -0.11405309  0.01795755  0.02881664
 -0.00529524  0.09265292 -0.24380893  0.02372476  0.03344524  0.00645639
  0.07426942 -0.03439786 -0.01777767 -0.02925445  0.01662286  0.0177821
  0.03536547 -0.05362809  0.31919768  0.10951864  0.1169029   0.13178972
 -0.05031666  0.13793977 -0.09626324  0.09417364 -0.04274999  0.01804067
 -0.05577671  0.13540708 -0.0656404  -0.02774894 -0.06178358 -0.01898326
 -0.06769805 -0.02550387 -0.07985383 -0.06147022 -0.21859576 -0.08436158
 -0.11502287  0.14059727 -0.02285704  0.02005408 -0.11900573  0.13312104
  0.07380577  0.04359515  0.03346957 -0.03511416 -0.23903505 -0.07784315
 -0.05652514 -0.15888527 -0.08668255 -0.02668078  0.05367847  0.13141085
  0.0212203   0.15575728 -0.12076471 -0.00574484  0.08492878  0.12627115
  0.13130211 -0.13986914 -0.21847989  0.01394112  0.11809256 -0.0587572
  0.11796208 -0.1183424  -0.01944387  0.10019212  0.04136377 -0.20728005
  0.18079204 -0.04551788  0.24611206  0.10080506  0.08508979  0.0707024
 -0.0526948  -0.09040223 -0.15322752 -0.18280247  0.00306512  0.18824026
  0.03942257 -0.20223513  0.15214531  0.05354286 -0.12994591  0.10669093
  0.1187776  -0.07875764 -0.00895625  0.15517565  0.0871277   0.0873142 ]


第4类： ['公司申请', '可以申请', '如何申请', '帐号申请好了吗', '怎么申请', '怎么申请', '怎么申请', '昨天申请', '申请一下', '申请免费使用']
语义向量：[-0.17069604 -0.03930588 -0.13631573 -0.06114168  0.00308012 -0.03389746
 -0.15050555  0.24390304 -0.08651574  0.48211807  0.04314022 -0.0901526
 -0.2403595   0.092085    0.20380236  0.32151431  0.22132492 -0.13853908
  0.38431343 -0.22007702  0.13177503 -0.11971354  0.67853763 -0.05227144
  0.39029425  0.21361703 -0.03373108 -0.43413605 -0.10556344 -0.30618517
 -0.54939853  0.33540848  0.14661068  0.06365397  0.03138603 -0.06138464
 -0.4716265  -0.00251068 -0.31438322 -0.28155663 -0.13656113 -0.07168424
  0.10569322  0.3751425  -0.08932775 -0.21253152  0.28122572  0.44054207
 -0.34391869 -0.19069337  0.40941742 -0.09522151 -0.26764855 -0.41590365
  0.29766391  0.24453748 -0.33678812 -0.2719179  -0.22032761 -0.0549053
  0.32698725  0.30347    -0.06405122 -0.13635611  0.29386727  0.110109
 -0.11218105 -0.39482493 -0.2549212  -0.22494297 -0.0933995   0.53901868
  0.3185996  -0.11247968 -0.13462678  0.41522265  0.28354838  0.31393959
  0.07286672 -0.02128298  0.17030641  0.05787471 -0.25468032 -0.03174492
 -0.56033472  0.56255757 -0.07603354  0.18520275  0.03959906 -0.16864856
 -0.05760834 -0.27961746 -0.40619988  0.09820285  0.10708649  0.12190589
 -0.0620014   0.20969242 -0.40841804  0.08650643  0.0443437  -0.06436642
  0.01947229 -0.1346187  -0.23287936 -0.50134422  0.16653534  0.46703737
  0.39164153  0.3181442  -0.24928266 -0.34052892 -0.53485533 -0.13311122
  0.01547001  0.12604493 -0.1408719  -0.13133441  0.18624729 -0.36241189
 -0.0381975  -0.09187073  0.57811145 -0.11014974 -0.40202456 -0.1481582
  0.2271764  -0.30560075 -0.02444169  0.20406544  0.15911478  0.16339434
 -0.22067457  0.09952884  0.20313077 -0.42026182  0.03821414  0.2609203
 -0.00394998 -0.48196487 -0.2462063   0.16548998 -0.33484856 -0.12789491
  0.12097462 -0.19479848  0.12716127  0.06407013  0.06751932 -0.316819
 -0.59029673 -0.66907459  0.07014256  0.25877299  0.09257749  0.24038429
 -0.05274253 -0.49295267 -0.04133945  0.36563376  0.34205044  0.14979386
  0.11122546  0.17909736 -0.03930541 -0.22078651 -0.12518977  0.15634595
 -0.46638233 -0.02869919  0.14463241  0.01534941  0.18143135 -0.32062305
  0.48715207  0.25065137 -0.38821724 -0.2303237  -0.3545215   0.06238813
  0.48693349  0.26180882  0.09546317  0.25025942 -0.22503693 -0.01009763
  0.12412089  0.1582703  -0.12691033 -0.02083709 -0.12122167 -0.05402367
 -0.26312325  0.16778079 -0.00646037  0.25806622 -0.16304223 -0.09748865
  0.06198052 -0.15636976  0.26513975 -0.22210566  0.03924976  0.06775698
 -0.02884075  0.21281926 -0.53189759  0.01458598  0.08884625  0.0137756
  0.16531035 -0.06356177 -0.04331407 -0.07682848  0.04989155  0.02636212
  0.08821752 -0.13871914  0.70429352  0.2456697   0.23838495  0.28825949
 -0.09795284  0.26662672 -0.22866278  0.19255045 -0.09528432  0.02331428
 -0.11251269  0.31213697 -0.15098496 -0.04654552 -0.14964309 -0.04040487
 -0.14921499 -0.06604295 -0.18182806 -0.1362416  -0.47479323 -0.17076599
 -0.26423955  0.3098402  -0.07602508  0.02961196 -0.25162729  0.28547622
  0.15721539  0.10840416  0.08485026 -0.07312051 -0.50644262 -0.18261681
 -0.14164645 -0.34959812 -0.20692389 -0.03999046  0.12132608  0.28203383
  0.05323963  0.3395198  -0.26257875 -0.00776337  0.20855437  0.28668417
  0.29606888 -0.32157043 -0.49004755  0.03264824  0.28010063 -0.12647539
  0.26634322 -0.26707326 -0.05201214  0.22123768  0.10445123 -0.46140966
  0.38979673 -0.10944844  0.56555544  0.22710209  0.17784231  0.14145023
 -0.10633103 -0.19065166 -0.33818185 -0.4120571   0.01274308  0.43264799
  0.10037339 -0.43878832  0.33498269  0.13163291 -0.29048032  0.25869962
  0.27461686 -0.19156671  0.01562036  0.34984322  0.20962245  0.19390877]


