第1类： ['之前有咨询过电话会议服务相关事宜', '想咨询下你们的电话会议', '想咨询下公司办理电话会议相关', '我咨询下你们家公司的电话会议', '我想咨询一下电话会议平台业务', '我想咨询一下电话会议服务的资费', '我想咨询一下电话会议的', '我想咨询一下科天云这边电话会议服务的资费标准', '我想咨询一下贵公司电话会议服务的资费标准', '我想咨询下你们的电话会议功能', '我想咨询下电话会议方面的', '我想咨询下电话会议方面的', '方便咨询一下电话会议的价格吗', '昨天有咨询过电话会议服务的事', '电话会议麻烦介绍下', '能在这咨询下电话会议么']
语义向量：[-0.05112408  0.05602402 -0.09193423 -0.17010403 -0.03257984 -0.05789612
  0.10583374 -0.06171126 -0.00390207  0.00672896  0.03721303 -0.01253525
  0.03403154 -0.07126369 -0.02999958 -0.07240715 -0.11764027 -0.00102762
 -0.01411389 -0.09843416 -0.10955427  0.02049376  0.16522272 -0.08485917
 -0.260808    0.02832656  0.04827653 -0.09033198 -0.02802874 -0.0414486
 -0.20067729 -0.28044259 -0.06062067 -0.1494063  -0.15179366 -0.18902521
 -0.03199435 -0.19528346  0.07379806  0.1621529  -0.08740529 -0.02286088
  0.04808822  0.25731354 -0.01369391 -0.03839874 -0.03090145  0.04414823
  0.16677712  0.09140296 -0.05444806  0.12156877  0.10418959 -0.06561651
 -0.04141909  0.0045619   0.02990858  0.01650052 -0.06553109 -0.08416666
  0.12088885  0.11455638 -0.16845842 -0.10787158 -0.11793836 -0.11791138
 -0.07194742 -0.10631317 -0.14138679 -0.31402039  0.01788794  0.00505664
  0.04123689  0.07037893 -0.07594596 -0.11245547 -0.16928929  0.38610797
 -0.03458085 -0.22294121 -0.1094718   0.06727243  0.22463377 -0.08811449
 -0.06779098  0.07941722  0.14969096 -0.0542137  -0.06586953  0.20121805
 -0.00055277 -0.13459032 -0.0187143  -0.07610323 -0.02923302 -0.06108616
  0.12006254  0.0613808   0.06525768  0.00059039  0.06435354 -0.28838221
  0.11415465  0.21023236  0.01878944 -0.05490552 -0.11230419  0.22059637
  0.02870667 -0.03762025 -0.09800466 -0.19988844 -0.06507341  0.09619114
  0.15485057  0.14294511  0.04894054  0.00999281 -0.26524683 -0.01836951
  0.05452651 -0.17166772 -0.22385657 -0.04076977  0.13663286 -0.19298612
  0.01467     0.0509863   0.13070065  0.18415378 -0.16482633 -0.05248584
  0.20256863  0.09604326  0.09448326  0.07160354 -0.04994652 -0.40020548
  0.09102141  0.01829905 -0.08429507 -0.00049806  0.10704675  0.12431915
  0.10586941  0.10230967 -0.27117864  0.15274356 -0.06296261 -0.02278152
 -0.00530304  0.06439331 -0.11282959  0.11426965  0.09943081  0.07856214
  0.05528762 -0.26736902  0.16345312 -0.021007    0.2173736   0.04789688
 -0.00558849  0.05006305 -0.0984832   0.10421275 -0.06713085 -0.25218729
 -0.05636476 -0.00447044 -0.07189448 -0.07818706 -0.08822442 -0.11733852
  0.10419064  0.04476391 -0.18157975  0.2165287   0.20625486  0.05840793
  0.0989225   0.09782342  0.08142507 -0.10436637 -0.05079551  0.001203
  0.03000506 -0.16505697 -0.09501259  0.15679771 -0.0476293  -0.13623973
  0.1542835  -0.11198021 -0.01813047 -0.05460256  0.02655962  0.30872589
 -0.23413738  0.13483896 -0.08684123 -0.0784098  -0.14182096  0.02144227
 -0.0706806  -0.1097722   0.01894755  0.12689584  0.16376735  0.0246178
  0.04762429 -0.13574309 -0.1544406  -0.12273084  0.18295223  0.0973
 -0.13939361  0.02933016 -0.0870276   0.1334759  -0.06214477  0.10196198
  0.22520047  0.04129072 -0.15334668  0.22104427  0.16701821  0.04929044
 -0.02346587 -0.11025599 -0.04781798 -0.08901603 -0.03492943  0.06673551
 -0.0248574  -0.14324469 -0.18128221 -0.16900367 -0.0701318   0.16640474
  0.1164648   0.06696005 -0.06665421 -0.09248972  0.00434417 -0.04364913
 -0.05571605  0.08347132  0.13887182 -0.03314    -0.04630687 -0.1007788
 -0.14919273 -0.0158676   0.02792485 -0.13616308 -0.01035428  0.00980494
  0.0239768   0.22439319  0.08170009 -0.06498536  0.05982303 -0.29940636
  0.1023064  -0.10663381  0.02647328 -0.07037981  0.124772    0.06743518
 -0.11568407 -0.05847289  0.15035023  0.05963814 -0.07184518 -0.01232616
  0.37410389 -0.02623117  0.08537564  0.02984886 -0.17461816 -0.03420843
 -0.05058266 -0.13058755  0.15343823 -0.1336225   0.21484184 -0.2043896
  0.06641665 -0.01529206  0.07421994  0.05644734 -0.06426657 -0.01126056
  0.11846287 -0.09085671  0.05740382  0.01486565 -0.09550735 -0.10803322]


第2类： ['一个电话会议', '一起电话会议', '不是电话会议', '个人电话会议', '了解电话会议', '你们电话会议', '你们电话会议', '全球电话会议', '关于电话会议', '单纯电话会议', '单纯电话会议', '只是电话会议', '只是电话会议', '只是电话会议', '只要电话会议', '只要电话会议', '国际电话会议', '多人电话会议', '多方电话会议', '多方电话会议', '就是电话会议', '就是电话会议', '就是电话会议', '就是电话会议', '就电话会议', '想要电话会议', '是电话会议', '有没有电话会议', '电话会议吧', '电话会议呢', '电话会议呢', '电话会议呢', '电话会议呢', '电话会议呢', '电话会议哈', '电话会议怎么弄', '电话会议扩音器', '电话会议拨入', '电话会议是', '电话会议是', '电话会议有', '电话会议的', '电话会议的话', '纯电话会议', '纯电话会议', '纯电话会议', '纯电话会议', '纯电话会议', '纯电话会议', '纯电话会议', '纯电话会议', '纯电话会议', '纯电话会议', '纯电话会议', '纯电话会议', '纯电话会议', '纯电话会议', '纯电话会议', '纯电话会议', '纯电话会议', '纯电话会议', '纯电话会议', '纯电话会议', '纯电话会议', '纯电话会议', '纯电话会议', '纯电话会议', '纯电话会议', '纯电话会议', '纯电话会议', '纯电话会议', '纯电话会议', '纯电话会议', '纯电话会议', '纯电话会议', '纯电话会议', '纯电话会议', '纯电话会议', '纯电话会议', '纯电话会议', '纯电话会议', '纯电话会议', '纯电话会议', '纯电话会议', '纯电话会议', '纯电话会议', '纯电话会议', '纯电话会议', '纯电话会议', '纯电话会议', '纯电话会议', '纯电话会议', '纯电话会议', '纯电话会议', '纯电话会议', '融合电话会议', '语音多人电话会议', '需要电话会议']
语义向量：[-2.58406959e-01  3.75866063e-01  2.17290331e-02 -4.43873283e-01
  4.28958590e-02  3.91983393e-02  3.70075158e-01 -2.20580284e-01
  2.25668258e-01  5.54675209e-02 -9.69835949e-02  1.59268038e-01
  1.67319186e-01 -1.25246176e-01 -4.49116950e-02 -2.26510659e-01
 -7.67993271e-02  4.13893898e-02 -1.77159471e-01 -9.47594561e-02
 -2.74993157e-02  1.28873931e-01  4.06786285e-01 -2.87017778e-01
 -7.54837139e-01  1.69805864e-01  1.79083229e-01 -1.47324434e-01
 -1.29028392e-02 -5.28530642e-02 -2.75073996e-01 -6.75674612e-01
 -7.62963538e-02 -8.96128538e-02 -1.17261087e-01 -2.59726638e-01
  1.37663287e-01 -1.92748657e-01 -1.69567009e-01  1.50608546e-01
  8.99291116e-02  2.01797348e-01  1.05294706e-01  5.37040240e-01
 -2.41224702e-01 -1.42403716e-01  4.72017591e-03  3.30719708e-01
  6.04775750e-01  1.00117699e-01 -1.09719104e-01 -8.53297890e-02
  3.51076720e-01  3.13300426e-02 -3.21426656e-01 -4.11138376e-03
  1.35573297e-01 -3.09120493e-04 -2.23173061e-01  1.27933074e-01
  2.67986220e-01 -2.47207011e-01 -3.42391333e-01 -1.12871114e-01
 -1.93757943e-01 -7.86973793e-02 -3.29223537e-01 -4.01608298e-02
 -1.88933788e-02 -6.46715447e-01 -2.46709835e-01 -1.81433301e-01
  4.97457470e-01 -2.24773516e-01  1.72090903e-01 -4.40974122e-01
 -3.66251511e-01  5.85943164e-01 -7.67211440e-02 -1.49001559e-01
 -3.57213555e-01  1.31381199e-01  3.71003753e-01 -1.78366684e-02
 -3.01565902e-01 -1.09530905e-01  1.30474210e-01 -3.82766513e-01
 -2.26558852e-01  4.15968370e-01 -6.69518740e-02 -2.81166264e-01
  9.43209498e-02 -1.88836265e-01  6.21705307e-02  3.92483207e-02
  1.87315481e-01 -1.58310250e-01  1.85548341e-01 -2.85742209e-01
  8.05098048e-02 -4.77688249e-01  7.06612260e-03  3.10856932e-01
  1.07363799e-01 -1.42549095e-01 -2.47378879e-01  5.50182342e-01
 -3.49026428e-02 -2.68058300e-01 -8.11131108e-02 -1.36300835e-01
  4.23433391e-01  2.76393136e-01  2.78946369e-01  1.30295093e-01
 -1.28916672e-01  1.52317491e-01 -6.72055780e-01  3.13268988e-02
  4.90011424e-02 -3.26794558e-01 -1.46121230e-01 -1.67645453e-01
  2.39976313e-01 -1.94013071e-01  3.17795360e-01  1.98132249e-01
  2.03737625e-01  1.79482083e-01 -3.71369521e-01 -1.43627858e-01
  5.46877510e-01 -3.80161387e-02  1.62761091e-01  9.51915494e-02
 -1.51823145e-01 -9.07378894e-01  2.26891741e-01  2.69243534e-01
  8.14212525e-02  1.75812580e-01  3.64863270e-02  1.71780930e-01
 -1.73083566e-01  6.86865024e-02 -3.08717209e-01  3.01041836e-01
 -3.94959686e-02 -5.50006969e-03  1.40332363e-01  9.69519077e-02
 -9.17275029e-02  7.38659931e-02 -2.14590254e-01  2.15212625e-02
  2.99145242e-01 -6.96122688e-01  1.55260017e-01  4.68898836e-02
  4.17530597e-01  9.78640948e-02 -2.01662814e-01  8.65055203e-02
 -1.92081169e-01  2.81838414e-01  2.73285403e-02 -3.70602828e-01
  1.07086224e-01  2.94868050e-02 -1.25530392e-01  1.50228610e-02
 -1.40964516e-01 -1.18659545e-01  1.22519697e-01  2.97815791e-01
 -1.05301752e-01  6.72647046e-01  5.99567142e-02 -1.82002192e-01
  1.12064938e-01  2.21827466e-01 -2.75618098e-02 -4.89977044e-01
 -1.26632509e-01 -2.36482045e-02  3.48303225e-02 -4.27273284e-01
 -2.34991829e-01  5.78621112e-01 -1.02618191e-01 -2.45633767e-01
  3.71114273e-01  1.01831604e-02  3.03474903e-01 -3.39931963e-01
 -7.64076988e-02  6.61549934e-01 -4.90132892e-01  2.66415284e-01
 -9.74527161e-02  5.33561539e-02 -4.36154997e-01 -1.16819552e-01
 -2.62851869e-01 -5.58930979e-02  1.07023568e-01 -3.42006433e-01
  2.17837103e-01  1.94455283e-01 -2.53414925e-02 -3.14394889e-02
 -3.67449434e-01 -4.82579199e-01  3.26967302e-01  3.76399943e-01
 -3.04112719e-01 -9.68789620e-02 -3.46826460e-01  2.23114391e-01
 -2.16222316e-01  1.47473836e-01  3.17016049e-01  5.66321707e-02
 -1.69948491e-01  2.51134802e-01  1.46234808e-01  2.76809578e-01
  2.75741611e-01 -1.73937221e-01 -5.33773492e-02  3.82003507e-02
 -3.74838393e-02 -5.33345606e-02 -1.57215669e-01 -1.72798482e-01
 -2.98634198e-01 -1.74441447e-01 -6.57247996e-02  5.26280889e-01
  1.22491521e-02 -3.00580146e-02 -1.58491826e-01 -4.78192617e-01
  2.38275546e-02 -3.13487208e-01 -1.18774853e-01  4.10647396e-02
  1.95145467e-01 -2.60050708e-01 -3.93571213e-02 -2.99857588e-01
 -2.21910701e-01 -1.07932040e-01 -8.17576643e-02 -2.23339717e-01
  6.05005752e-02  3.66163201e-02  6.63083211e-02  4.47100180e-01
  2.99522408e-01  1.14503599e-01  2.15185524e-01 -6.05534732e-01
  2.20428067e-01 -2.84975884e-01  3.11641516e-01 -8.44792743e-02
  5.05669446e-01  2.25856846e-01 -2.45473924e-01 -9.12954079e-02
  2.57381798e-01  3.63653891e-02 -1.65922611e-02  1.46374907e-01
  3.82801375e-01 -2.94540802e-01  6.15284639e-02  1.87327413e-01
 -1.04350836e-01 -6.77524735e-02  7.08716639e-02 -3.10912371e-01
  2.10481361e-01 -6.49858185e-02  1.62449637e-01 -4.83379478e-01
  7.51688576e-02 -8.77391112e-02 -7.58335725e-02  1.19609518e-01
  6.50756967e-02  2.20805647e-02  4.09756495e-01 -7.28497969e-02
  3.48014331e-01  2.47152848e-01  7.94407372e-03 -3.28629229e-01]


第3类： ['电话会议', '电话会议', '电话会议', '电话会议', '电话会议', '电话会议', '电话会议', '电话会议', '电话会议', '电话会议', '电话会议', '电话会议', '电话会议', '电话会议', '电话会议', '电话会议', '电话会议', '电话会议', '电话会议', '电话会议', '电话会议', '电话会议', '电话会议', '电话会议', '电话会议', '电话会议', '电话会议', '电话会议', '电话会议', '电话会议', '电话会议', '电话会议', '电话会议', '电话会议', '电话会议', '电话会议', '电话会议', '电话会议']
语义向量：[-5.17177880e-01  7.54083991e-01  4.62798253e-02 -8.89249384e-01
  8.80597457e-02  7.98565894e-02  7.43203521e-01 -4.41739798e-01
  4.55201596e-01  1.07950896e-01 -1.94093451e-01  3.15684885e-01
  3.36432874e-01 -2.51240999e-01 -9.34954807e-02 -4.57822561e-01
 -1.51990667e-01  8.27196389e-02 -3.55282396e-01 -1.90364972e-01
 -5.50025925e-02  2.57025838e-01  8.18720043e-01 -5.74927032e-01
 -1.50684369e+00  3.35978091e-01  3.60185176e-01 -2.90360391e-01
 -2.24818233e-02 -1.02994837e-01 -5.48413515e-01 -1.35122311e+00
 -1.43771023e-01 -1.82299286e-01 -2.35132292e-01 -5.17838120e-01
  2.74486363e-01 -3.81099045e-01 -3.39207262e-01  3.01777154e-01
  1.86655074e-01  4.09053713e-01  2.16870040e-01  1.07311511e+00
 -4.79595602e-01 -2.84595907e-01  1.13844313e-02  6.64417386e-01
  1.21564722e+00  1.98803410e-01 -2.20341757e-01 -1.73894301e-01
  7.01819479e-01  6.32631183e-02 -6.42326832e-01 -9.02393274e-03
  2.70035833e-01  9.75829724e-04 -4.45843190e-01  2.59994268e-01
  5.32685578e-01 -4.99537557e-01 -6.82363749e-01 -2.17338502e-01
 -3.87630552e-01 -1.56275436e-01 -6.63486779e-01 -7.67199621e-02
 -3.86380330e-02 -1.29129434e+00 -4.99353796e-01 -3.67652774e-01
  9.95965242e-01 -4.54894364e-01  3.38328689e-01 -8.85484934e-01
 -7.31168568e-01  1.17109644e+00 -1.47507593e-01 -2.96885729e-01
 -7.17419982e-01  2.62695134e-01  7.39356995e-01 -3.87710072e-02
 -5.99395752e-01 -2.20315889e-01  2.61494398e-01 -7.71269441e-01
 -4.52961177e-01  8.34248006e-01 -1.30821615e-01 -5.61714649e-01
  1.89657375e-01 -3.74659806e-01  1.22655228e-01  8.19255561e-02
  3.77087712e-01 -3.17698002e-01  3.71110767e-01 -5.73498547e-01
  1.60284236e-01 -9.57930326e-01  1.47456909e-02  6.20791316e-01
  2.12156445e-01 -2.86714315e-01 -4.94743615e-01  1.09961224e+00
 -6.86520636e-02 -5.34790635e-01 -1.63878500e-01 -2.74548769e-01
  8.46911669e-01  5.49199581e-01  5.61755717e-01  2.61493146e-01
 -2.58439720e-01  3.02119136e-01 -1.34159935e+00  6.43494725e-02
  9.78391394e-02 -6.52073801e-01 -2.95226157e-01 -3.38707596e-01
  4.79198992e-01 -3.92641246e-01  6.35925770e-01  4.03082341e-01
  4.04766649e-01  3.59073669e-01 -7.43116438e-01 -2.87143141e-01
  1.08833325e+00 -7.76832998e-02  3.22331727e-01  1.84583589e-01
 -3.05350453e-01 -1.81193817e+00  4.59826171e-01  5.38251877e-01
  1.69173330e-01  3.51814359e-01  6.72255978e-02  3.42075408e-01
 -3.51894975e-01  1.42042384e-01 -6.22684062e-01  6.03001595e-01
 -8.11718106e-02 -1.11719593e-02  2.83014417e-01  1.92643344e-01
 -1.80351570e-01  1.48527384e-01 -4.31186646e-01  3.86453196e-02
  6.02403283e-01 -1.38717437e+00  3.09689939e-01  9.13736150e-02
  8.31933558e-01  1.99683920e-01 -4.05699790e-01  1.66973859e-01
 -3.84217352e-01  5.65583885e-01  6.23686612e-02 -7.44182587e-01
  2.10081190e-01  6.37110621e-02 -2.50516117e-01  3.40144448e-02
 -2.83217877e-01 -2.39563122e-01  2.42724404e-01  6.01324081e-01
 -2.11512610e-01  1.34639060e+00  1.15087003e-01 -3.69159937e-01
  2.20563278e-01  4.42030311e-01 -5.82079776e-02 -9.81546223e-01
 -2.51325220e-01 -5.09946942e-02  7.51949400e-02 -8.55867505e-01
 -4.68556106e-01  1.16321850e+00 -2.02938050e-01 -4.94575322e-01
  7.46849775e-01  1.93819869e-02  6.13765657e-01 -6.81065083e-01
 -1.53123602e-01  1.32011271e+00 -9.79506195e-01  5.39536715e-01
 -1.91664949e-01  1.12143897e-01 -8.72464538e-01 -2.33162448e-01
 -5.24170876e-01 -1.11044973e-01  2.08839133e-01 -6.87337220e-01
  4.34703648e-01  3.90413582e-01 -5.14221303e-02 -6.56613931e-02
 -7.37070799e-01 -9.69234109e-01  6.53302431e-01  7.55961835e-01
 -6.12920046e-01 -1.98066667e-01 -6.88256323e-01  4.44539040e-01
 -4.33705002e-01  2.95189559e-01  6.33467615e-01  1.15349531e-01
 -3.42194051e-01  5.01837015e-01  2.94035614e-01  5.52146018e-01
  5.50649285e-01 -3.44616622e-01 -1.08322233e-01  7.76508972e-02
 -7.51993135e-02 -1.11735508e-01 -3.19976479e-01 -3.44886094e-01
 -5.92176139e-01 -3.49052250e-01 -1.32431373e-01  1.04988992e+00
  2.51627751e-02 -5.67972064e-02 -3.12561333e-01 -9.57560301e-01
  4.89177704e-02 -6.27344728e-01 -2.42618859e-01  8.37097690e-02
  3.87406528e-01 -5.21645010e-01 -7.50933513e-02 -6.00804985e-01
 -4.45727229e-01 -2.17363328e-01 -1.69583231e-01 -4.48291838e-01
  1.21243112e-01  7.79329464e-02  1.37831673e-01  8.99621248e-01
  5.94860256e-01  2.33244702e-01  4.32199627e-01 -1.21006751e+00
  4.39241052e-01 -5.71753144e-01  6.19539380e-01 -1.68875232e-01
  1.01423264e+00  4.58666444e-01 -4.93313700e-01 -1.84201568e-01
  5.14181495e-01  7.58371726e-02 -3.38095203e-02  2.91350216e-01
  7.63714731e-01 -5.88994265e-01  1.24135762e-01  3.76543820e-01
 -2.12480277e-01 -1.36099160e-01  1.41323298e-01 -6.23900115e-01
  4.18892175e-01 -1.28126949e-01  3.21726739e-01 -9.62470651e-01
  1.43633351e-01 -1.75547034e-01 -1.52609214e-01  2.35095426e-01
  1.31900385e-01  4.43387218e-02  8.25199962e-01 -1.45150572e-01
  6.93317771e-01  4.94494289e-01  1.74429491e-02 -6.59793615e-01]


第4类： ['不能用电脑带麦开电话会议吗', '你们视频电话会议是怎么操作的', '如何设置纯电话会议', '怎么加入电话会议', '我想安装这个视频电话会议', '手机上只能使用电话会议吗', '手机上面能发起电话会议吗', '电话会议是怎么操作的', '电话会议最多能加入几个人', '稳定的开启电话会议', '管理号如何设置电话会议号码', '纯电话会议怎么设置', '请问一下会议室部署视频电话会议', '请问你们的视频电话会议怎么操作的', '请问如何设置电话会议', '请问纯电话会议出现输入', '请问纯电话会议怎么操作']
语义向量：[-1.68942754e-01  1.32711932e-01 -6.68712686e-02 -2.45608166e-01
 -4.66667746e-02  7.24301017e-02  1.05664602e-01  1.48218928e-02
  9.90340168e-02  1.08325383e-01 -6.56691344e-03  1.51845555e-01
  3.57687807e-02 -7.84012006e-02  8.94585693e-02 -3.96319745e-02
 -2.54196487e-02 -2.04334092e-02  3.07563005e-02 -8.28303226e-02
 -2.78251678e-02  5.80764549e-02  1.63660109e-01 -1.31732509e-01
 -4.44754639e-01  1.89922286e-01 -1.10591789e-03 -9.31864865e-02
 -9.76198741e-02 -5.95615522e-02 -1.06915497e-01 -2.58469988e-01
 -1.79827499e-01  4.66985419e-02  2.40708971e-02 -1.34337046e-01
  3.51299611e-02 -1.73180325e-01 -2.33649824e-03  1.19395819e-02
 -9.65514544e-03  7.19466501e-02 -2.26954056e-02  2.51713917e-01
 -1.87505761e-01  1.53185432e-02 -1.21161442e-01  6.65705289e-02
  2.07650731e-01  8.50831534e-02  8.20275756e-02 -2.44001406e-02
  3.05304146e-01 -9.87668358e-02 -9.06706079e-02  4.96919661e-02
  5.77687083e-02 -6.38709077e-02 -2.14766620e-01  4.05279673e-02
  1.89156402e-01 -1.01771682e-01 -2.52867765e-01 -1.23206577e-01
 -6.34113048e-02 -3.42152641e-02 -1.71933952e-01 -1.39203184e-01
  2.73784228e-03 -3.20606086e-01 -9.34190319e-02  1.29733396e-01
  2.97374423e-01 -6.44613887e-02  9.99957945e-02 -2.34545950e-01
 -1.61119339e-01  2.22026931e-01 -1.47375565e-01 -1.40180638e-01
 -1.22445781e-01 -2.61254453e-02  2.05936116e-01  1.17930999e-01
 -2.66595833e-01 -3.35849905e-02 -5.56509661e-02 -1.29314058e-01
 -9.54308462e-02  2.45227317e-01 -9.25677891e-02 -1.17963812e-01
 -7.22007075e-02 -8.84577421e-02  5.16540266e-02  1.30053951e-02
 -2.28701693e-02 -1.58129310e-01  3.82915013e-03 -1.08514364e-01
  5.14792456e-02 -1.39619651e-01 -3.95051501e-02  2.10260182e-01
  4.12918927e-02 -8.39536337e-02 -9.03499615e-02  2.56653766e-01
  4.71631433e-02 -1.92158658e-01  3.87618904e-02 -4.26124010e-02
  2.26394162e-01  1.17586713e-01  3.20492796e-02  1.17714780e-01
 -8.30944452e-02  1.29736477e-01 -3.37634282e-01  2.76496359e-02
  9.31275214e-03 -2.23678876e-01  7.68570207e-03 -6.18343392e-02
  1.13384148e-01 -6.91363760e-02  1.75229621e-01  1.14720512e-01
  1.34836066e-01  1.24313067e-01 -1.50265019e-01 -6.69156991e-02
  3.59515725e-01  2.66690873e-02  1.34296960e-01  1.60337268e-01
 -1.17996529e-01 -4.42080843e-01  3.25098142e-02  1.41072188e-01
 -5.53159645e-02  8.05328599e-02  5.21485529e-04  8.65214935e-02
  6.70077449e-02 -8.09372932e-02 -1.05933505e-01  9.95638651e-02
 -2.04434822e-02 -1.18046835e-02 -2.83798819e-02  1.51384499e-01
 -9.99996585e-02  8.40838161e-02 -4.30396234e-02  6.34773191e-02
  1.97563248e-01 -3.23860474e-01  6.28362368e-02  1.06324410e-01
  2.26292650e-01 -8.06287762e-02 -2.46407608e-02  1.38829969e-01
 -8.93254655e-02  1.41773961e-01 -1.73226150e-01 -1.38155685e-01
  1.00800782e-01 -2.94021992e-02 -4.88977672e-02 -5.65784222e-02
 -7.57463367e-02 -4.28905908e-02  8.10521363e-02  1.67347396e-01
 -5.95521942e-02  2.98419234e-01  3.57224708e-02 -3.24720803e-02
  1.26016228e-01  1.05500936e-01 -4.92444604e-02 -1.83139825e-01
 -6.65515387e-02 -2.67014656e-02  6.72213860e-02 -2.83810690e-01
 -1.17413359e-01  2.90154629e-01 -1.15543088e-01 -1.47299808e-01
  1.35944624e-01 -1.79841741e-02  8.64226285e-02 -1.18443790e-01
 -5.55926331e-02  4.13523076e-01 -2.43510852e-01  8.28339547e-02
 -1.11980047e-01 -6.30959828e-02 -2.63080414e-01 -6.34161621e-02
 -2.19125337e-01  2.90150137e-02  2.93001678e-02 -5.80219805e-02
  4.23299105e-02  2.55653221e-02  1.60361760e-02 -7.20056623e-03
 -1.72808535e-01 -1.99856712e-01  1.52494201e-01  1.30504268e-01
 -1.54989903e-01 -1.40219036e-02 -2.89880405e-01  4.47387192e-02
  5.94894189e-02  1.50081709e-01  1.79104495e-01 -1.10247854e-02
  3.89158846e-03  1.59207673e-01  8.01904929e-02  1.92465135e-01
  1.50249357e-01  1.78468224e-02  2.40747525e-02 -6.09511258e-02
  7.62908323e-02 -1.70688309e-04 -2.88333285e-02 -3.16514974e-02
 -1.46071387e-01 -8.03448665e-02 -4.27473951e-02  2.40931748e-01
  3.24882023e-02 -4.52914501e-02 -9.61170088e-02 -2.83443674e-01
 -7.61836804e-02 -1.11198074e-01 -3.88163208e-02 -1.22571197e-02
  8.98936773e-02 -1.27891081e-01 -7.38765286e-02 -2.33870707e-01
 -1.20751540e-01  5.88729685e-03  5.14692157e-02 -1.81926330e-01
  4.54109846e-02 -8.87129018e-03 -6.50474714e-02  2.15148704e-01
  2.78204403e-01 -1.59766001e-02  5.97325892e-02 -2.81453629e-01
  1.85536449e-02 -1.03251078e-01  1.62711118e-01  7.37326082e-02
  3.04903605e-01  1.16823515e-01 -8.83364937e-02  5.69985034e-03
  1.98760454e-01  3.32779469e-02 -9.68664163e-02  4.48502267e-02
  1.10734813e-01 -1.57819338e-02  4.12544514e-02  1.20792534e-01
  2.61436938e-02 -2.78774059e-02  1.17151525e-02 -5.01025031e-02
  1.11907425e-01 -1.13428642e-01  9.13094020e-02 -2.24763545e-01
  2.16532220e-01 -8.19418989e-02 -9.13299545e-02  5.53321987e-02
  5.54340671e-02 -3.22355737e-02  1.65296918e-01 -7.32257137e-02
  2.21154971e-01  1.38588234e-01  4.60598456e-03 -2.62606331e-01]


第5类： ['网络电话会议', '视频网络电话会议']
语义向量：[-2.07920723e-01  4.41570416e-01  6.92150556e-02 -4.76255283e-01
 -2.30321452e-01  1.32033890e-02  3.94553289e-01 -2.81218044e-01
  2.13288926e-01 -1.89027153e-02 -4.46257535e-02  2.64288984e-01
  1.96137093e-01 -2.12468244e-01 -6.46549314e-02 -1.78328350e-01
 -3.58602569e-01  6.38417341e-03 -2.29277782e-01 -2.77686059e-01
 -1.13971226e-01  2.26626553e-01  1.00507792e-02 -3.85416970e-01
 -1.18838543e+00  3.93925235e-01  3.45905926e-02 -3.53816748e-01
 -6.37390721e-03 -6.65511228e-02 -5.50352693e-01 -9.95110273e-01
 -7.80819356e-01  1.16736647e-02 -3.67866158e-02 -3.38037431e-01
  3.03017408e-01 -5.00717103e-01  1.26831844e-01  2.41729058e-01
 -2.58590467e-01  5.49351275e-02 -1.32664479e-01  6.63421392e-01
 -4.31820795e-01  1.18054882e-01 -4.30401191e-01  1.12286975e-01
  4.20267388e-01  2.08311349e-01 -2.49595664e-01  2.02853009e-01
  6.63905442e-01  1.95800792e-03 -5.25437593e-01  8.20896309e-03
  1.07203582e-01 -1.67065054e-01 -3.81505489e-01 -3.58390510e-02
  4.58871797e-01  1.22365594e-01 -5.40222496e-01 -4.06198785e-01
 -2.49851309e-01 -1.43999778e-01 -3.17447931e-01 -3.43615234e-01
 -1.33014634e-01 -1.06282485e+00 -7.70685021e-02 -9.66922753e-02
  6.11901164e-01 -6.07216209e-02  2.03678273e-01 -5.06838471e-01
 -4.56214353e-01  7.45692015e-01 -1.92864075e-01 -2.90924221e-01
 -5.66981256e-01  1.03989743e-01  4.83800083e-01  8.17156620e-02
 -2.38153689e-01 -1.63297407e-01  2.59251662e-01 -2.31122516e-01
 -5.02576113e-01  5.63453496e-01 -1.93061791e-01 -5.30524492e-01
  1.47056393e-02 -4.93607551e-01 -1.66256532e-01 -1.99443303e-01
  1.73954673e-01 -3.44023898e-01  2.69021250e-01 -1.31456800e-01
 -2.19790637e-03 -5.90463609e-01 -6.80266786e-02  5.14230043e-01
  2.26800151e-01 -4.71537020e-02 -4.27080527e-01  6.80348098e-01
  1.55236097e-02 -5.45773387e-01 -2.24169455e-01 -7.71003254e-02
  4.89557803e-01  4.48450729e-01  2.89542884e-01  4.16764006e-01
 -4.69302442e-02  2.97986060e-01 -1.03492689e+00  1.69459965e-01
  7.87640847e-02 -5.24443582e-01 -3.88067290e-01 -1.75035961e-01
  4.82559130e-01 -1.30603857e-01  2.95430131e-01  1.50545239e-01
  5.24403572e-01  4.10664588e-01 -3.28507468e-01 -1.98371455e-01
  9.97502029e-01  1.61785468e-01  2.09082730e-01  4.77513522e-01
 -2.36254729e-01 -1.34425217e+00  4.71811444e-02  3.49801645e-01
 -1.24990359e-01  6.89304741e-02  2.65758678e-01  1.63337249e-01
  1.94430165e-01 -1.04502015e-01 -2.75380932e-01  4.24399287e-01
  6.33453652e-02  1.10358823e-01  7.72283915e-02  2.73126915e-01
 -3.91465083e-01 -2.78648015e-02 -2.53460079e-01  1.69217393e-01
  2.93000385e-01 -7.33999819e-01  4.31686565e-01  8.78269970e-02
  7.32785255e-01  8.69278931e-02 -9.03347284e-02  5.08433968e-01
 -2.81021781e-01  2.96349719e-01 -3.14547241e-01 -3.40104133e-01
  2.78507352e-01 -2.48517126e-01 -2.31385693e-01 -2.14508802e-01
 -1.32346004e-01  3.12174316e-02  1.91489890e-01  1.60770088e-01
 -8.16066321e-02  7.71598428e-01  3.81798878e-01 -1.24256436e-01
  2.86642402e-01  2.06285916e-01  1.92275889e-01 -4.46473226e-01
 -1.22943576e-01  1.74896032e-01 -2.12379940e-01 -6.93856299e-01
 -6.38773888e-01  4.92712557e-01 -3.40865031e-01 -1.77266732e-01
  4.44292054e-01  1.21205056e-01  9.89640318e-02 -5.43862864e-01
  7.01830573e-02  9.72810447e-01 -6.66251093e-01  2.07642570e-01
 -2.20817320e-01 -8.78532906e-03 -5.77418208e-01 -5.89260692e-02
 -3.45938161e-01 -1.59760274e-01  2.08341852e-01 -2.96745226e-01
  3.00964132e-01  1.24004375e-01 -3.85137666e-02  1.21253356e-03
 -3.79431322e-01 -3.32267083e-01  7.79897600e-01  2.34672315e-01
 -3.68782297e-01  1.02293637e-01 -8.77047330e-01  3.23662996e-01
 -2.78610185e-01  2.49378681e-01  5.70710450e-01 -5.83686568e-02
 -2.63402149e-01  4.08720508e-01  2.48069152e-01  2.69650832e-01
  3.46032456e-01 -4.81535852e-01 -4.20607850e-02 -1.55712688e-01
 -6.82579149e-02 -2.37555653e-02 -1.66254640e-02 -2.02496298e-01
 -5.53973198e-01 -3.74017641e-01  1.00816779e-01  6.93077624e-01
  1.80820093e-01 -3.29011731e-01 -2.74965405e-01 -5.61590523e-01
  1.61088053e-01 -4.42900658e-01 -1.54234327e-01  7.61107747e-02
  4.45295274e-01 -1.56379916e-01 -8.21906943e-02 -3.72704551e-01
 -3.97610515e-01  1.16652199e-02  2.69926883e-01 -2.27025218e-01
 -3.04699023e-02 -3.44695240e-01 -2.04063512e-01  2.97932893e-01
  6.12212688e-01  3.12167958e-02  3.25857267e-01 -8.53295356e-01
  7.92784672e-02 -1.98107094e-01  5.78966498e-01 -3.48971635e-02
  5.25091648e-01  1.08538169e-01 -4.82535705e-01  4.32265922e-02
  2.39960730e-01 -2.63597697e-01 -1.84841290e-01  4.53319356e-01
  5.18842131e-01 -3.61778527e-01 -2.45525995e-02  4.05961908e-02
 -1.12918120e-01 -1.45568535e-01  4.16050078e-02  3.71220112e-02
  2.60369077e-01 -2.48539723e-01  4.82751966e-01 -8.41310084e-01
  3.23170453e-01  8.63115937e-02 -1.28629502e-01  8.99103777e-02
  1.00009721e-01 -9.94792326e-02  3.60703617e-01 -2.34192625e-01
  3.97545800e-01  2.36728869e-01 -1.84700541e-01 -3.17581937e-01]


第6类： ['咨询电话会议', '咨询电话会议', '咨询电话会议产品']
语义向量：[-1.55190077e-01  1.62723720e-01 -3.52094551e-01 -5.43686281e-01
 -1.14786386e-01 -1.84441070e-01  3.64671161e-01 -1.42764592e-01
 -2.25429262e-02  1.10122553e-01  1.61552245e-01 -1.11093362e-01
  1.03077285e-01 -2.18848864e-01 -9.71104006e-02 -2.34964381e-01
 -3.46373131e-01  1.22287621e-03 -4.19030339e-02 -3.06820621e-01
 -2.91516850e-01  9.44876050e-03  5.80691397e-01 -3.02364439e-01
 -8.30661833e-01  5.89280296e-02  1.44012474e-01 -3.04723700e-01
 -2.27563029e-01 -1.55857747e-01 -6.21362269e-01 -8.74619146e-01
 -1.72378962e-01 -4.98664220e-01 -4.90257243e-01 -5.88105639e-01
 -8.45391701e-02 -5.57316720e-01  2.18704849e-01  5.54699729e-01
 -2.77042150e-01 -3.45485210e-02  1.35531160e-01  8.05722992e-01
  1.66181160e-02 -1.33488424e-01 -4.19951168e-02  1.86855478e-01
  4.88958567e-01  2.65114178e-01 -1.42849604e-01  3.23360523e-01
  3.09540386e-01 -2.41977885e-01 -8.80072614e-02  6.63474401e-02
  5.95574131e-02  6.62348877e-03 -1.82622408e-01 -2.62173682e-01
  4.14375275e-01  3.73382092e-01 -4.81714964e-01 -3.81210953e-01
 -2.88489928e-01 -3.29720164e-01 -2.22354280e-01 -3.19997629e-01
 -4.43352203e-01 -9.74432806e-01  6.38522622e-02  6.54984564e-02
  1.65398858e-01  2.31486936e-01 -2.54155253e-01 -3.18460216e-01
 -4.68724241e-01  1.22668791e+00 -1.19206709e-01 -6.70234094e-01
 -3.35211019e-01  1.91775620e-01  6.71340485e-01 -2.49709805e-01
 -2.23863105e-01  2.53194506e-01  4.68006462e-01 -1.52806491e-01
 -2.51512716e-01  6.05611374e-01 -1.63444752e-02 -3.93592964e-01
 -1.06616793e-01 -2.73950448e-01 -4.49229429e-02 -2.12639083e-01
  3.27052663e-01  2.06127644e-01  1.74898187e-01  2.77990267e-02
  2.23806808e-01 -9.48810736e-01  4.32802081e-01  6.16893093e-01
  1.00141304e-02 -1.91506798e-01 -3.50676954e-01  6.99693263e-01
  3.34791839e-02 -1.47597482e-01 -2.82711516e-01 -6.35465403e-01
 -2.20872576e-01  2.93098589e-01  5.12300928e-01  4.67841397e-01
  1.91391011e-01  3.79597396e-03 -8.55336209e-01 -8.48100086e-02
  1.41659886e-01 -5.27978897e-01 -6.47770186e-01 -1.28192787e-01
  3.94299497e-01 -6.82682216e-01  1.29742297e-01  1.75450827e-01
  3.83625507e-01  5.80385645e-01 -5.49205651e-01 -1.11772455e-01
  5.92144241e-01  2.76314015e-01  2.59812037e-01  1.77151158e-01
 -1.38384560e-01 -1.20010722e+00  2.92003468e-01  4.14931849e-02
 -2.57815083e-01 -4.20957680e-03  3.17672680e-01  4.02637452e-01
  3.01747084e-01  3.97132864e-01 -8.67778778e-01  4.62059597e-01
 -2.40981854e-01 -1.05909258e-01 -2.39584719e-02  1.28398808e-01
 -3.69226923e-01  3.41317281e-01  3.56300791e-01  2.60942648e-01
  1.69672698e-01 -9.00365372e-01  5.09283652e-01 -1.07532756e-01
  6.60334925e-01  1.43587145e-01 -5.97354639e-02  1.04729873e-01
 -3.13181341e-01  2.98275640e-01 -2.04132239e-01 -7.98353672e-01
 -2.34596839e-01  2.21217759e-02 -1.88201616e-01 -2.36617655e-01
 -2.69225836e-01 -4.48365505e-01  3.57321014e-01  1.58179531e-01
 -6.08410199e-01  6.58513526e-01  5.78919639e-01  1.23113543e-01
  3.50409180e-01  3.21586857e-01  2.83580571e-01 -3.09685518e-01
 -1.40230810e-01  2.42880136e-02  1.48592419e-01 -4.91336187e-01
 -2.96481182e-01  5.50108194e-01 -1.39803898e-01 -4.76551503e-01
  4.76026773e-01 -4.08161839e-01 -1.66466807e-02 -1.17006044e-01
  9.72651970e-02  9.63638167e-01 -7.69695938e-01  4.25568958e-01
 -3.05838317e-01 -2.33687063e-01 -4.52532619e-01  1.20423958e-01
 -2.19983307e-01 -3.53200962e-01  2.56861386e-02  4.50075249e-01
  5.08257071e-01  1.00807056e-01  1.12517054e-01 -5.50833335e-01
 -4.56995100e-01 -3.75819981e-01  5.53536524e-01  3.74959956e-01
 -4.37781086e-01  1.37579766e-01 -1.95634186e-01  3.49886705e-01
 -1.85789419e-01  3.61409495e-01  6.97454592e-01  1.02335063e-01
 -4.88495717e-01  7.06697424e-01  5.34437507e-01  1.73616926e-01
 -8.72122447e-02 -2.61775446e-01 -1.85938547e-01 -2.76068191e-01
 -1.26606688e-01  2.25837260e-01 -7.69606829e-02 -4.02016302e-01
 -5.82785348e-01 -5.33389995e-01 -2.54327700e-01  3.91406387e-01
  3.83742452e-01  2.07501955e-01 -1.74847861e-01 -2.76578421e-01
  2.98842639e-02 -1.33787985e-01 -2.07424526e-01  3.24001352e-01
  3.80939533e-01 -8.70791357e-02 -1.94062307e-01 -2.42928361e-01
 -4.88032699e-01 -5.64932078e-02  7.66440593e-02 -4.65429872e-01
  5.88379583e-03  8.91068478e-02  5.27665752e-02  6.73267196e-01
  2.30914051e-01 -2.09256738e-01  2.25776027e-01 -9.30493712e-01
  3.43207121e-01 -3.05188149e-01  5.70030743e-02 -1.77458952e-01
  3.82905488e-01  1.89255400e-01 -3.63037755e-01 -2.35890756e-01
  4.44360167e-01  1.83812839e-01 -2.61420603e-01 -9.44590072e-02
  1.11956803e+00 -1.13878340e-01  2.65371422e-01  7.83450908e-02
 -5.97731769e-01 -4.16272612e-02 -1.16621934e-01 -4.62009062e-01
  4.69524821e-01 -4.40817902e-01  6.20399247e-01 -5.90400845e-01
  2.04726626e-01 -9.63284771e-02  3.07532221e-01  1.44797549e-01
 -2.10325375e-01 -3.22981104e-02  4.08727725e-01 -3.43442495e-01
  9.15168685e-02  7.97017875e-02 -2.86903481e-01 -3.26724390e-01]


第7类： ['不是产生一个电话会议的拨号号码加密码吗', '个人包年的移动电话会议费用是怎么收的', '也就是纯电话会议就只是使用分钟数', '以后大概都会在单位内经常有举办电话会议', '你们国际电话会议有多少国家覆盖了本地拨入号码', '你们是做电话会议的吗', '你们的电话会议是哪种模式的', '你们的电话会议是每个国家对应一个接入号码还是全球都是一个接入号', '你们的电话会议是用软件系统实现的吗', '你们的电话会议的参会方是通过拨打', '你们这个产品是可以直接拨打其他人手机号加入电话会议的吗', '你们这个是打开网页就可以开电话会议是吗', '你们这个电话会议既然是按分钟算的', '你们这个电话会议是怎么操作的', '你们这个电话会议系统地简介有没有', '你们这种电话会议是发起方与参会方都拨打同一个电话号码', '你们这里可以先测试电话会议吗', '你可以简单介绍一下你们的电话会议', '你好我想问一下电话会议', '你好我想问一下这个带电话会议么', '你电话会议走的什么线路', '你能先简单给我讲讲电话会议是怎么开的吗', '使用你们公司的电话会议需要支付费用吗', '公司给我发了一个邀请电话会议', '分钟国内语音通话就是普通电话会议的意思', '参加其他公司的电话会议需要付费吗', '及你们的电话会议如何计费', '另外请问如果是国外用户接入的话是否可以使用电话会议呢', '只用你们的语音包进行电话会议时', '可以只通过手机或者座机进行多方电话会议', '可否给我一份电视会议及电话会议的大致报价单', '咱们这边提供是电话会议是国际通用么', '咱这个电话会议是通过打电话么', '因为之前我们参加电话会议的时候', '国际电话会议会有额外付费吗', '如果只是单纯的电话会议不需要视频呢', '如果已经有了号码怎么进行电话会议', '如果电话会议是有海外方参与的话呢', '就是每次开电话会议的话与会者只要用手机或者座机拨打与会者访问码就可以了', '您们这是做电话会议终端的吗', '您家做的是电话会议吧', '您想要的是纯电话会议是吧', '想了解一下你们的电话会议', '想了解下电话会议平台使用的情况', '想了解下电话会议的信息', '想要了解下电话会议的相关业务', '我一会需要开电话会议该怎么操作', '我们公司想找一款可以异地移动电话会议', '我们公司电话会议量还是比较多的', '我们公司经常需要和国外的客户进行多方电话会议', '我们暂时只需要多方的电话会议', '我们有些时候电话会议需要有国内和国外的同事拨进来', '我们现在就是只用单纯的电话会议就行', '我们要办理电话会议平台业务', '我们这边想申请国际电话会议', '我公司需与客户公司常进行电话会议', '我想了解一下你们的电话会议', '我想了解一下利用你们的元件可以参加电话会议吗', '我想了解下你们的电话会议', '我想了解下现在这个可以开国外的电话会议吗', '我想具体了解一下你们的电话会议', '我想友好开通多方电话会议', '我想用我的电脑发起一个电话会议', '我想用电话会议先要如何', '我想问一下电话会议的报价', '我想问一下电话会议的问题', '我想问下电话会议的资费情况是怎么样的', '我想问问电话会议怎么使用', '我指的这个呼入式的电话会议是', '我点击就是我发起电话会议吧', '我看到你们好像有个电话会议的套餐', '我这边需要的就是电话会议', '我需要了解你们电话会议的具体操作流程', '我需要和美国的客户开电话会议', '方的是国际电话会议最低的', '比如我在国内需要组织一个电话会议', '比如我需要召开一个电话会议', '现在对于电话会议不知道怎么操作', '现在我们经常有国际电话会议', '电话会议是不是直接用电话线的', '电话会议有按照使用计费的吗', '目前我公司想将电话会议升级为在线直播', '目前我公司想将电话会议升级为在线直播', '纯电话会议是指拨打电话的方式吗', '视频电话会议的详细资料可以给发一份给我先了解一下吧', '请问下我已经开启了电话会议', '请问你们的电话会议产品是否有各地的本地呼入号码提供', '请问你们的电话会议平台是怎么用的呀', '请问可以只买电话会议的语音包吗', '请问我想要邀请外国的同事参加电话会议', '请问有关于电话会议的吗', '请问电话会议有人数限制吗', '贵公司是主要做电话会议的公司吗', '资料只描述了电话会议的流程', '还是只要他有一个手机就可以参加我的电话会议', '这个呼入式的电话会议怎么申请呢', '这个呼入式的电话会议操作流程是怎么样的呢', '这个电话会议是不是那种我们公司各自拨打一个号码', '这边是使用八爪鱼的电话会议', '那你们的电话会议现在都有什么样的功能', '那我们如果要安排电话会议的话是需要一个网上的平台是吗', '那我们拨号电话会议的费用是另算的吗', '那电话会议有时间限制吗']
语义向量：[-0.07384752  0.10359685  0.00038719 -0.12040322 -0.00481145  0.01600405
  0.08872704 -0.04272001  0.05140036  0.01998883 -0.02428207  0.06026391
  0.02459557 -0.03447457 -0.00114406 -0.05422016 -0.02143974 -0.00779023
 -0.03345727 -0.03392325 -0.0033214   0.04698523  0.10746251 -0.08853064
 -0.21555557  0.06217595  0.03270867 -0.0474726  -0.00454044 -0.01827288
 -0.08284407 -0.17078409 -0.04856487 -0.01379023 -0.02775409 -0.07153258
  0.02399439 -0.06368972 -0.02400793  0.01918896  0.00800764  0.04009328
  0.0203628   0.14656362 -0.07957931 -0.02479871 -0.01603136  0.06864954
  0.14404056  0.03022217 -0.0193824  -0.0144641   0.11324289 -0.01079841
 -0.07737697  0.00981867  0.04089561 -0.0122621  -0.06725734  0.01612711
  0.08804548 -0.04494399 -0.09876453 -0.05106206 -0.05786143 -0.01986707
 -0.09497397 -0.04624992 -0.00511169 -0.18453562 -0.05059899 -0.01662268
  0.14018072 -0.06479282  0.04721457 -0.12001072 -0.09303931  0.15718823
 -0.03027541 -0.05660655 -0.09696919  0.02718102  0.10490896 -0.00048003
 -0.10030111 -0.01680769  0.02436083 -0.08557185 -0.06623741  0.11256671
 -0.01846808 -0.09197147  0.00063156 -0.06028569  0.01383381  0.00977808
  0.04266332 -0.05988263  0.04426843 -0.06739128  0.02705897 -0.11799541
 -0.00541549  0.09033562  0.02434709 -0.04242176 -0.05005799  0.1484129
 -0.00084359 -0.06938377 -0.02169224 -0.04087067  0.11299762  0.0693046
  0.05750327  0.03040964 -0.04146547  0.06359888 -0.18667597  0.01698681
 -0.00350928 -0.10947706 -0.02986982 -0.05228412  0.06110193 -0.03746928
  0.07679768  0.05288815  0.06129733  0.05733607 -0.09945317 -0.03830281
  0.16145178  0.00308793  0.059617    0.06021984 -0.03611176 -0.25322158
  0.04669411  0.06634008 -0.00385134  0.05104009  0.00058714  0.03390186
 -0.00531906 -0.0074474  -0.08458662  0.09378852 -0.00601857 -0.00720935
  0.01951242  0.03270971 -0.02789553  0.03187559 -0.05168181  0.01992331
  0.09831    -0.19835735  0.04891791  0.04072216  0.13361698  0.00691227
 -0.04427937  0.07060696 -0.05553321  0.07165458 -0.02524556 -0.0988673
  0.03306299 -0.01026467 -0.02763332 -0.01338355 -0.04544334 -0.01690265
  0.02973898  0.08586777 -0.03855652  0.17457178  0.01751018 -0.03404266
  0.04874044  0.06143246 -0.00316796 -0.1196393  -0.04188345 -0.00590074
  0.0010807  -0.12347344 -0.06687126  0.14277437 -0.0394263  -0.06453595
  0.09770815 -0.00843267  0.06970508 -0.08848832 -0.04008739  0.199836
 -0.14134983  0.06886517 -0.03915218 -0.00222727 -0.1216872  -0.02272052
 -0.08627678 -0.00632674  0.02912566 -0.08021399  0.05327753  0.03868081
  0.00208916 -0.00948936 -0.10709    -0.13826675  0.09255076  0.09300526
 -0.06726085 -0.02007002 -0.10108719  0.05381812 -0.02723698  0.05312116
  0.09018325  0.00981933 -0.03249965  0.0790696   0.04469192  0.08531297
  0.08611322 -0.03680668 -0.007348   -0.00319803  0.00640227 -0.00823433
 -0.02695753 -0.03563534 -0.08827218 -0.05136649 -0.01671887  0.14775804
  0.01399776 -0.01278817 -0.05046808 -0.1373524  -0.0057203  -0.07971418
 -0.02456981  0.00887662  0.06176176 -0.07221234 -0.01689328 -0.09658034
 -0.06713172 -0.02843856 -0.01131332 -0.06731293  0.01978554 -0.00068408
 -0.00518503  0.13317433  0.09504805  0.02131527  0.05607476 -0.16619804
  0.04225408 -0.08222512  0.07321206 -0.01504749  0.14596814  0.05330778
 -0.06677457 -0.02295131  0.0775695   0.01009255 -0.01693621  0.03951547
  0.09839598 -0.06329943  0.02776353  0.04779947 -0.0174297  -0.01796861
  0.01696617 -0.07005877  0.05827077 -0.03978477  0.05087406 -0.13104522
  0.04565574 -0.03208241 -0.02526321  0.03154076  0.0117469   0.00187799
  0.1062256  -0.02979628  0.12482938  0.06604866  0.00698193 -0.10032338]


第8类： ['视频电话会议', '视频电话会议', '视频电话会议', '视频电话会议', '视频电话会议', '视频电话会议', '视频电话会议', '视频电话会议', '视频电话会议', '视频电话会议', '视频电话会议', '视频电话会议', '视频电话会议', '视频电话会议', '视频电话会议']
语义向量：[-4.01771665e-01  4.97919917e-01  1.26065806e-01 -7.16122627e-01
 -1.06777534e-01  6.31762668e-02  5.65754056e-01 -2.19421148e-01
  2.41405427e-01  1.14663303e-01 -1.56549141e-01  1.42368183e-01
  2.90798336e-01 -3.05881947e-01 -6.33425191e-02 -2.95661509e-01
 -2.27275759e-01  1.49506897e-01 -4.61373478e-02 -2.95859307e-01
 -1.78871542e-01  5.17615378e-02  5.10369837e-01 -4.48839843e-01
 -1.25406671e+00  5.05544186e-01 -1.62196159e-02 -2.63513505e-01
 -1.56605951e-02 -9.88039002e-02 -4.81363773e-01 -1.22503805e+00
 -5.15484631e-01  3.46079469e-02 -5.93767650e-02 -4.52772021e-01
  2.88858324e-01 -6.14330709e-01 -4.28310335e-02  3.05887699e-01
 -7.09072202e-02  2.53280431e-01  5.29272407e-02  9.01563823e-01
 -6.11747742e-01  1.25271350e-01 -3.68695885e-01  9.59261209e-02
  5.80795705e-01  1.26002714e-01 -7.70808160e-02  1.35098249e-01
  7.72827327e-01  9.99583155e-02 -3.21400315e-01 -8.97877812e-02
  3.68478224e-02 -5.57820387e-02 -5.55795968e-01  1.23072289e-01
  5.52571714e-01 -2.95674801e-03 -6.55393362e-01 -3.09337258e-01
 -4.29629982e-01 -1.18822962e-01 -5.47311246e-01 -2.28851318e-01
 -1.80824652e-01 -1.08637488e+00 -1.81089818e-01 -2.35710382e-01
  6.24112844e-01 -2.15102196e-01  2.64075786e-01 -4.68726963e-01
 -6.54763222e-01  8.75416458e-01 -1.53058231e-01 -3.36411566e-01
 -2.51166224e-01  6.38026148e-02  6.49136186e-01  2.22876538e-02
 -2.59891450e-01 -1.96080178e-01  9.16516930e-02 -3.99978399e-01
 -4.20682013e-01  8.46482277e-01 -2.41720140e-01 -6.56136930e-01
  3.33728909e-01 -2.15067759e-01  9.35994089e-02 -1.45748854e-01
  2.10748374e-01 -5.02136588e-01  2.64031202e-01 -4.60346282e-01
 -1.30976379e-01 -7.34727025e-01 -4.97880541e-02  5.98571777e-01
  1.93473727e-01 -1.45217851e-01 -3.98761958e-01  9.53896642e-01
 -7.42872991e-03 -4.71388876e-01 -2.62664676e-01 -1.73052311e-01
  6.19154632e-01  3.90706390e-01  3.04446608e-01  3.26739788e-01
 -1.67356938e-01  2.67232418e-01 -9.72614646e-01 -2.98220702e-02
  2.34613389e-01 -5.18029451e-01 -3.55662853e-01 -2.17413157e-01
  3.60292375e-01  3.18056196e-02  3.38942558e-01  3.86084318e-01
  5.37049711e-01  1.97179109e-01 -4.52640265e-01 -2.36448377e-01
  1.09575200e+00  3.14767718e-01  4.06426251e-01  5.90320766e-01
 -4.00891721e-01 -1.55509567e+00  3.48331630e-01  5.23825765e-01
 -4.16971147e-02  8.58131945e-02  1.40891537e-01  4.07980651e-01
 -1.67762682e-01 -3.79148304e-01 -2.62862891e-01  3.46439004e-01
  5.83648458e-02  5.83374389e-02  9.51430500e-02  5.20231247e-01
 -3.07802439e-01  1.13192260e-01 -2.96084881e-02  1.88865438e-02
  4.96460438e-01 -8.05517077e-01  2.80981481e-01  1.11436993e-01
  5.79824448e-01 -5.41078076e-02 -2.14320362e-01  2.79196829e-01
 -1.65425584e-01  4.24633205e-01 -7.80155957e-02 -5.01448750e-01
  2.53636122e-01 -1.14445351e-01 -1.16972692e-01 -1.67883977e-01
  7.78965652e-03 -2.67861217e-01  2.43135273e-01  4.45080400e-01
 -4.78143953e-02  9.23625946e-01  2.94953048e-01 -1.01668410e-01
  2.48173445e-01  2.12776244e-01 -1.10003166e-03 -7.14143693e-01
 -7.29264468e-02 -1.70433536e-01  6.44078031e-02 -9.26634431e-01
 -5.43572664e-01  8.74858618e-01 -3.40833187e-01 -3.31353784e-01
  4.74858344e-01  3.04206043e-01  4.12063897e-01 -3.81142497e-01
  2.00591236e-03  9.95961785e-01 -6.07125461e-01  2.07093641e-01
 -2.01060280e-01  8.59095752e-02 -6.84385777e-01 -7.60719031e-02
 -3.68388116e-01 -1.78035259e-01  2.18918800e-01 -3.84018779e-01
  3.15188736e-01  2.48355672e-01 -1.29506737e-01  4.89360057e-02
 -7.09486723e-01 -4.22761381e-01  8.42439175e-01  4.43965793e-01
 -4.92435038e-01  9.59123597e-02 -9.60332990e-01  5.06672800e-01
 -3.93130541e-01  3.45816910e-01  6.68935180e-01  2.45905183e-02
 -4.64567006e-01  4.03233111e-01  3.61608624e-01  3.82676423e-01
  3.46234351e-01 -4.99115705e-01 -5.67215681e-02 -3.05127978e-01
 -5.70365041e-02 -2.53288656e-01 -2.29709700e-01 -3.24090660e-01
 -4.49728191e-01 -5.79606175e-01  1.54893041e-01  9.00182843e-01
  2.23691344e-01  3.50660458e-02 -3.72445077e-01 -6.97301209e-01
 -9.34941769e-02 -4.77424204e-01 -3.21360648e-01  4.05329466e-03
  6.01432443e-01 -3.67088199e-01 -1.86140940e-01 -8.38608027e-01
 -4.34482157e-01 -1.59648418e-01  1.55710652e-01 -3.58463913e-01
  1.00969642e-01 -2.56021798e-01  3.40762734e-03  5.24240017e-01
  6.46278143e-01  7.09907785e-02  3.28541338e-01 -8.96259427e-01
  1.46986723e-01 -2.86427140e-01  5.95889211e-01  3.59048396e-02
  8.63819182e-01  2.85277396e-01 -4.10702556e-01 -1.04707554e-02
  5.49093366e-01 -2.59544253e-01 -7.73610324e-02  3.90318453e-01
  7.80541778e-01 -2.58671492e-01  4.47548181e-02  3.75230312e-01
 -7.92689621e-02 -1.22691497e-01 -5.63549250e-02 -1.40455663e-02
  3.15209597e-01 -1.50627196e-01  5.04537463e-01 -8.06114018e-01
  3.37297589e-01  7.08325356e-02 -4.99971174e-02 -5.89526445e-03
  2.84987874e-02  2.23588854e-01  4.57240820e-01 -2.01144651e-01
  3.12012196e-01  2.75792956e-01 -1.03177696e-01 -7.50014782e-01]


第9类： ['不是纯电话会议', '与国外客户电话会议', '了解电话会议资费', '企业多点电话会议', '你们的电话会议', '你们的电话会议', '你们这个电话会议', '你这款电话会议', '单纯的电话会议', '单纯的电话会议', '只需要电话会议', '国外和国内进行电话会议', '多方电话会议那种', '如何创建电话会议', '如何进入电话会议', '如果是电话会议', '就买那个电话会议', '就是普通电话会议', '开电话会议吗', '您是纯电话会议还是视频加电话会议', '我不要了解视频电话会议', '我们就是电话会议', '我们需要电话会议服务', '我司需要电话会议', '我想开电话会议', '我想电话会议', '是参加电话会议', '是可以电话会议', '电话会议也可以看视频', '电话会议安全吗', '电话会议就可以', '电话会议开通后', '电话会议怎么用', '电话会议方面的', '电话会议有吗', '电话会议有方案吗', '电话会议没有网络怎么弄', '电话会议资费是', '电话会议需要什么硬件设备', '目前是电话会议', '纯电话会议哈', '纯电话会议的', '请问你们这个网络视频电话会议', '那电话会议进入', '问一下电话会议']
语义向量：[-0.17025966  0.25167402  0.01912524 -0.28613418  0.00731619  0.02585405
  0.2464814  -0.13694811  0.1317634   0.02922906 -0.06616814  0.11315536
  0.09295743 -0.08176138 -0.02814526 -0.1490154  -0.06651846  0.0085404
 -0.11044661 -0.0814279  -0.02543087  0.09478568  0.24825698 -0.21179019
 -0.51308548  0.12379459  0.0998287  -0.10445396 -0.00155461 -0.03658717
 -0.19402391 -0.45872784 -0.08971284 -0.05287897 -0.07961665 -0.18181727
  0.08711524 -0.15276907 -0.08558192  0.09422973  0.02457249  0.10555449
  0.05742805  0.35394985 -0.16763181 -0.0718822  -0.02371603  0.18681179
  0.37225782  0.07631916 -0.08583639 -0.0326705   0.24487871  0.01355446
 -0.215148   -0.00286692  0.09172215 -0.013675   -0.15733899  0.05623108
  0.19024396 -0.12177588 -0.23711278 -0.1036717  -0.14992196 -0.04876122
 -0.21379339 -0.06024877 -0.02825563 -0.45393411 -0.1377321  -0.10611008
  0.31379932 -0.13895508  0.11018004 -0.28300171 -0.24747271  0.38934522
 -0.05272243 -0.11691901 -0.23368202  0.07873824  0.2598062  -0.02430555
 -0.19325505 -0.0631249   0.08750363 -0.22580801 -0.16116391  0.28029044
 -0.03900239 -0.2186901   0.04969387 -0.14337673  0.02687041  0.00543996
  0.12283823 -0.1261768   0.12727096 -0.1769247   0.04046258 -0.31911534
  0.00186288  0.22010338  0.0699564  -0.0877516  -0.16005339  0.3739796
 -0.01406491 -0.17480035 -0.06669625 -0.09009937  0.27080867  0.18170874
  0.16312994  0.09296165 -0.08973291  0.1186624  -0.44557253  0.02910788
  0.01987987 -0.24224319 -0.11290628 -0.10731255  0.16429331 -0.09846018
  0.18889329  0.12580385  0.15417887  0.1278934  -0.24797431 -0.09765208
  0.38151778 -0.00343634  0.12342334  0.12262887 -0.08655194 -0.61377248
  0.14632462  0.17269941  0.01514266  0.10789555  0.03332884  0.10278447
 -0.07137068  0.01648455 -0.20774396  0.22160078 -0.01703061  0.00152908
  0.08231755  0.07467306 -0.07304423  0.05418942 -0.13014943  0.02901732
  0.20514925 -0.46377166  0.11807753  0.04673441  0.29413861  0.04871686
 -0.11863196  0.10621161 -0.13116355  0.18290975 -0.00663474 -0.24528391
  0.07957556 -0.0071303  -0.08131459 -0.01723869 -0.08588112 -0.06611521
  0.07218576  0.18573906 -0.07657731  0.435303    0.06302583 -0.09972499
  0.09426332  0.13864497 -0.00077241 -0.31974153 -0.09087436 -0.00842976
 -0.01142241 -0.28330688 -0.1769545   0.36322529 -0.08258872 -0.14586388
  0.24792367  0.00926015  0.17789674 -0.22351599 -0.05908015  0.46294313
 -0.32945713  0.16709227 -0.08289365  0.02366276 -0.28508162 -0.06317594
 -0.17743695 -0.04237115  0.09048536 -0.21626427  0.15046201  0.10819333
 -0.01136392 -0.01960875 -0.25439644 -0.31785158  0.2451999   0.2312267
 -0.18686326 -0.04121195 -0.24819461  0.16253294 -0.13322589  0.1045747
  0.22318074  0.03318072 -0.11653481  0.18025396  0.10598663  0.1816952
  0.18302018 -0.13367508 -0.03105529 -0.00658832 -0.01862594 -0.0304573
 -0.08677879 -0.11021977 -0.20887329 -0.13518045 -0.02651977  0.36271381
  0.03063014 -0.02216363 -0.11768809 -0.31489807  0.01188574 -0.21677478
 -0.07375642  0.027684    0.15446183 -0.16607239 -0.03020452 -0.21157166
 -0.154918   -0.06844204 -0.03463705 -0.14849107  0.04225709 -0.0138456
  0.02278192  0.29481881  0.21593682  0.05724528  0.14371413 -0.41161299
  0.13209017 -0.18854598  0.20243847 -0.05400691  0.33226664  0.12997256
 -0.17152433 -0.05654105  0.18044153  0.01359394 -0.01866495  0.11221184
  0.2729398  -0.18003309  0.04875949  0.12249257 -0.06018437 -0.04529023
  0.04521605 -0.18525593  0.15052738 -0.06048313  0.13737132 -0.33445246
  0.07695955 -0.04999883 -0.05039518  0.07289367  0.03367311  0.02120718
  0.25254539 -0.05684647  0.25237073  0.15630018 -0.0006413  -0.22488726]


第10类： ['做的视频电话会议', '电话会议没有视频', '视频加电话会议', '视频加电话会议', '视频电话会议的费用', '视频电话会议都有', '那就是视频电话会议']
语义向量：[-2.23090248e-01  2.85667215e-01  8.40817371e-02 -4.11981974e-01
 -5.78144770e-02  3.50799374e-02  3.22798878e-01 -1.36113750e-01
  1.38126883e-01  4.64775488e-02 -9.32234100e-02  1.03253190e-01
  1.48644560e-01 -1.70039528e-01 -3.50282671e-02 -1.72078861e-01
 -1.48517685e-01  7.65086561e-02 -2.98338660e-02 -1.68476541e-01
 -1.13187904e-01  4.02721731e-02  2.91178916e-01 -2.59735503e-01
 -7.18460824e-01  3.07084850e-01 -9.95058074e-03 -1.53630425e-01
  1.70090865e-02 -5.27310787e-02 -2.84660910e-01 -6.94028940e-01
 -2.95398538e-01  1.93715766e-02 -4.92818640e-02 -2.76531394e-01
  1.55109388e-01 -3.78476100e-01 -5.98698216e-03  1.54540296e-01
 -4.37298987e-02  1.31821482e-01  4.23400195e-02  5.10651205e-01
 -3.55072302e-01  8.51175476e-02 -2.16196269e-01  4.47488597e-02
  3.46498800e-01  8.19515703e-02 -5.31101615e-02  9.77178418e-02
  4.54275944e-01  4.58200287e-02 -1.88743268e-01 -5.11213312e-02
  2.02253370e-02 -1.41967133e-02 -3.25887493e-01  5.41865741e-02
  2.99848557e-01  2.14668320e-02 -3.79396762e-01 -1.80316150e-01
 -2.65573591e-01 -8.02949316e-02 -3.26869054e-01 -1.47682454e-01
 -1.21113531e-01 -6.36016709e-01 -1.08110588e-01 -1.36033373e-01
  3.56770085e-01 -1.25880512e-01  1.40845209e-01 -2.82968489e-01
 -3.75033166e-01  5.14605467e-01 -8.52877742e-02 -2.12074310e-01
 -1.51573845e-01  4.36688294e-02  3.94641323e-01 -1.01248112e-02
 -1.54831773e-01 -1.11860844e-01  5.24784912e-02 -2.23579371e-01
 -2.28668915e-01  4.82747631e-01 -1.20345668e-01 -4.00117125e-01
  1.87392935e-01 -1.27244229e-01  6.00122687e-02 -7.22952006e-02
  1.26349481e-01 -2.99963240e-01  1.53240681e-01 -2.54262234e-01
 -7.04925358e-02 -4.21192020e-01 -4.04145853e-02  3.61041273e-01
  1.16282442e-01 -8.49991611e-02 -2.18261448e-01  5.39223266e-01
  1.21835392e-02 -2.57118698e-01 -1.58216276e-01 -1.25527076e-01
  3.44332333e-01  2.25328586e-01  1.68465782e-01  1.82302779e-01
 -1.06385873e-01  1.60433188e-01 -5.76537073e-01  9.33877059e-06
  1.36589604e-01 -3.18865976e-01 -2.12401912e-01 -1.28319640e-01
  2.10755706e-01  1.59918222e-02  1.71565496e-01  2.27784893e-01
  3.13668604e-01  1.27511744e-01 -2.48272098e-01 -1.39573221e-01
  6.34332963e-01  1.87776793e-01  2.39602770e-01  3.52391017e-01
 -2.26262369e-01 -9.15452957e-01  1.99344748e-01  2.87796521e-01
 -2.84496293e-02  4.43919993e-02  7.99807864e-02  2.28919730e-01
 -6.73665649e-02 -2.20923952e-01 -1.62391514e-01  2.09685958e-01
  4.19610616e-02  3.46805488e-02  4.45437889e-02  3.17965363e-01
 -1.71111541e-01  7.32596006e-02 -1.94741432e-02  2.82009491e-03
  2.94017477e-01 -4.52810198e-01  1.68161267e-01  8.95124961e-02
  3.50968544e-01 -4.08816465e-02 -1.16256522e-01  1.91194743e-01
 -1.14116390e-01  2.60510466e-01 -7.65595888e-02 -2.94317403e-01
  1.53539698e-01 -7.91159416e-02 -8.04507610e-02 -1.07918344e-01
 -1.11468609e-03 -1.32310248e-01  1.23906401e-01  2.57790246e-01
 -2.65068505e-02  5.30085606e-01  1.77851021e-01 -4.50100867e-02
  1.45964637e-01  1.31864339e-01 -6.66120022e-03 -4.05041235e-01
 -4.28402807e-02 -9.80983600e-02  3.32413952e-02 -5.47882668e-01
 -3.12693225e-01  4.82811144e-01 -1.92644594e-01 -1.94344246e-01
  2.86046088e-01  1.64549245e-01  2.11273562e-01 -2.17913677e-01
 -2.31249146e-02  5.89425402e-01 -3.40176693e-01  1.32495409e-01
 -1.18381824e-01  4.20233336e-02 -3.82672144e-01 -5.02360543e-02
 -2.06535669e-01 -1.01971263e-01  1.21005668e-01 -2.12761694e-01
  1.92667310e-01  1.35077800e-01 -7.88874371e-02  4.23790235e-02
 -4.07374663e-01 -2.64128783e-01  4.91857290e-01  2.34458904e-01
 -2.83278303e-01  5.93337518e-02 -5.64182324e-01  2.92480511e-01
 -2.21858870e-01  1.93837027e-01  3.92092956e-01  2.65307788e-02
 -2.53991131e-01  2.37864017e-01  2.08798951e-01  2.22945416e-01
  1.95011147e-01 -2.83101780e-01 -4.27714959e-02 -1.83437273e-01
 -2.37194587e-02 -1.36437027e-01 -1.21508418e-01 -2.01472927e-01
 -2.60683903e-01 -3.36512446e-01  9.23342864e-02  5.39949570e-01
  1.24868559e-01  2.56997972e-02 -2.15096846e-01 -4.05545422e-01
 -5.42509082e-02 -2.64918187e-01 -1.79515602e-01 -1.15761512e-02
  3.60669766e-01 -2.08669490e-01 -1.03222796e-01 -5.03243097e-01
 -2.59069055e-01 -8.56805273e-02  8.31193982e-02 -2.06397048e-01
  5.67306791e-02 -1.52029542e-01  6.56130221e-03  3.13653584e-01
  3.72276430e-01  4.21572253e-02  1.93722212e-01 -5.28341600e-01
  7.59638846e-02 -1.81952717e-01  3.23213049e-01  1.31710456e-02
  5.11505659e-01  1.60059957e-01 -2.31887306e-01 -1.61906283e-02
  3.25419388e-01 -1.52277408e-01 -4.50462364e-02  2.24078095e-01
  4.54572524e-01 -1.42948170e-01  3.62213060e-02  2.19498347e-01
 -4.84892023e-02 -7.86266306e-02 -4.03661914e-02  4.78694694e-03
  1.81626614e-01 -1.04080936e-01  2.99975395e-01 -4.62724234e-01
  2.01672388e-01  4.20708502e-02 -3.74502856e-02  1.42701569e-04
  8.66978562e-03  1.14801078e-01  2.72181707e-01 -1.08236911e-01
  1.98333057e-01  1.49384961e-01 -6.06774188e-02 -4.31380800e-01]


第11类： ['可以咨询电话会议操作吗', '咨询一下国际电话会议方案', '咨询一下电话会议', '咨询一下电话会议', '咨询一下电话会议方面的', '咨询一下这个融合电话会议', '想咨询下公司电话会议', '想咨询电话会议', '我咨询一下电话会议', '我想咨询一下电话会议', '我想咨询一下电话会议', '我想咨询一下电话会议', '我想咨询一下电话会议', '我想咨询电话会议', '我想咨询电话会议', '我想咨询电话会议']
语义向量：[-1.02005076e-01  8.03792512e-02 -1.79234928e-01 -3.02895973e-01
 -4.96541408e-02 -9.15598583e-02  1.83511251e-01 -8.70496419e-02
  4.41141549e-03  6.08764563e-02  8.24839071e-02 -3.20405993e-02
  8.30186378e-02 -1.32551413e-01 -3.99060602e-02 -1.06237459e-01
 -1.70125672e-01  1.15064729e-02  1.33794219e-02 -1.58614062e-01
 -1.48522008e-01 -1.71546072e-03  2.97604591e-01 -1.46357717e-01
 -4.12292883e-01  4.48674202e-02  8.00018432e-02 -1.29357481e-01
 -1.08784133e-01 -7.26298452e-02 -2.96512401e-01 -4.46278252e-01
 -8.71438689e-02 -2.13455755e-01 -2.20066065e-01 -3.01913248e-01
 -4.62769552e-02 -2.87791675e-01  1.22783498e-01  2.73391000e-01
 -1.24476917e-01 -2.64020361e-02  8.27627531e-02  3.99669891e-01
  5.36630669e-03 -6.68194343e-02 -2.08766785e-02  1.01176887e-01
  2.69171195e-01  1.33646311e-01 -3.27788324e-02  1.52010607e-01
  1.78823138e-01 -1.49013805e-01 -1.96928092e-02  2.55678521e-02
  1.44666228e-02  1.48169493e-02 -1.05862258e-01 -1.25463045e-01
  2.05935987e-01  1.63440027e-01 -2.73498794e-01 -1.52462708e-01
 -1.56806572e-01 -1.86854706e-01 -1.38158313e-01 -1.61284145e-01
 -2.17341560e-01 -4.88116067e-01  3.73622358e-02  2.36281527e-02
  9.11611286e-02  1.16966599e-01 -1.42811150e-01 -1.69286375e-01
 -2.45540241e-01  6.21652510e-01 -7.43778045e-02 -3.73140834e-01
 -1.61800084e-01  7.36358947e-02  3.54648905e-01 -1.12650260e-01
 -1.20020265e-01  1.31273809e-01  2.32828959e-01 -9.70634900e-02
 -9.94703133e-02  3.41539530e-01 -2.34216247e-02 -1.99600591e-01
 -6.35552297e-02 -1.17492611e-01 -6.23675872e-02 -6.85946178e-02
  1.63237406e-01  8.97328353e-02  9.74312369e-02  1.29075084e-02
  1.10994781e-01 -4.84289555e-01  2.01968865e-01  3.20765620e-01
  1.57306836e-02 -9.14362906e-02 -1.79438145e-01  3.47835642e-01
  5.25525983e-02 -6.28952814e-02 -1.32272866e-01 -3.25409809e-01
 -1.13106545e-01  1.28607092e-01  2.60131147e-01  2.66967575e-01
  9.40336874e-02  2.76502105e-05 -4.32554038e-01 -2.23791993e-02
  7.18832824e-02 -2.58653791e-01 -3.29191545e-01 -5.24616301e-02
  2.07072310e-01 -3.69441368e-01  5.83272217e-02  9.23844753e-02
  2.08520858e-01  2.86994893e-01 -2.81660179e-01 -7.38656349e-02
  3.09747182e-01  1.51832209e-01  1.25788317e-01  7.79911904e-02
 -8.88453000e-02 -6.06099034e-01  1.55565585e-01  1.28231042e-02
 -1.20577558e-01 -1.53599840e-02  1.43422991e-01  2.18840643e-01
  1.53470213e-01  2.02836069e-01 -4.35689658e-01  2.24876884e-01
 -1.35855111e-01 -7.00020059e-02 -9.84493680e-03  8.87373537e-02
 -1.84520350e-01  2.07835209e-01  1.87076542e-01  1.18872849e-01
  1.17322580e-01 -4.40679733e-01  2.64388970e-01 -5.74188621e-02
  3.31965328e-01  7.58186253e-02 -3.74972308e-02  2.72956870e-02
 -1.45122348e-01  1.40780765e-01 -9.48962325e-02 -4.07742482e-01
 -1.09553427e-01  2.51748650e-02 -9.42930938e-02 -1.11858882e-01
 -1.56076520e-01 -2.51732627e-01  1.76980521e-01  1.09458189e-01
 -3.01076427e-01  3.23146950e-01  3.18136096e-01  8.09055821e-02
  1.48631780e-01  1.55979962e-01  1.15928930e-01 -1.42916423e-01
 -6.26226678e-02 -1.95042434e-02  1.09826411e-01 -2.79178552e-01
 -1.26099035e-01  2.73691213e-01 -8.35665866e-02 -2.68516893e-01
  2.30220851e-01 -2.07630170e-01 -5.46467572e-03 -5.71046529e-02
  6.79374178e-02  5.13349067e-01 -3.92913006e-01  2.31280507e-01
 -1.27836135e-01 -1.32518416e-01 -2.49216705e-01  3.61168522e-02
 -1.27732546e-01 -1.71668491e-01  1.03667946e-03  2.25925679e-01
  2.46440707e-01  2.61971338e-02  7.15748465e-02 -2.75341190e-01
 -2.52153860e-01 -1.83629222e-01  2.78091396e-01  1.90329775e-01
 -2.40646884e-01  7.10000638e-02 -1.25784346e-01  1.75272340e-01
 -8.62208365e-02  1.96942505e-01  3.44940515e-01  6.23058483e-02
 -2.42549332e-01  3.66348138e-01  2.78785699e-01  1.01639159e-01
 -3.38450298e-02 -1.51784598e-01 -8.17452143e-02 -1.37942699e-01
 -4.52183194e-02  7.88623637e-02 -6.83182374e-02 -2.08768450e-01
 -2.87082234e-01 -2.66914665e-01 -1.31005495e-01  1.86875343e-01
  1.99723721e-01  1.34022020e-01 -9.24400555e-02 -1.65388119e-01
 -1.74795228e-02 -3.80965008e-02 -1.13068759e-01  1.45877973e-01
  1.96913899e-01 -6.09558749e-02 -8.52195653e-02 -1.43883935e-01
 -2.53129389e-01 -1.08207314e-02  6.03255503e-02 -2.58368055e-01
  1.47714828e-03  6.66646242e-02  3.77006991e-02  3.81087596e-01
  1.17806192e-01 -9.59422989e-02  8.86982793e-02 -4.62813275e-01
  1.53500907e-01 -1.46333074e-01  3.80213776e-02 -8.90711037e-02
  2.21552716e-01  1.31211000e-01 -1.81968086e-01 -9.28975334e-02
  2.54513530e-01  1.22854612e-01 -1.38872293e-01 -4.76672102e-02
  5.71495313e-01 -2.81422634e-02  1.26141424e-01  5.23980451e-02
 -2.87458565e-01 -4.27832236e-02 -7.40728355e-02 -2.21307108e-01
  2.29333243e-01 -2.21966297e-01  3.37014291e-01 -3.06566805e-01
  1.27203433e-01 -5.89068586e-02  1.36817197e-01  7.42992449e-02
 -1.01668423e-01 -2.37115911e-02  1.97306974e-01 -1.84730223e-01
  6.06940063e-02  4.06879412e-02 -1.59950779e-01 -2.00161335e-01]


第12类： ['电话会议一套多少钱', '电话会议什么价格', '电话会议多少钱一分钟', '电话会议总人数', '电话会议每分钟多少钱']
语义向量：[-1.72066019e-01  1.62206879e-01  9.69790861e-02 -3.01473987e-01
  1.55887902e-03  4.28294633e-02  2.53954655e-01 -1.16713471e-01
  1.09774657e-02 -8.38950016e-02 -8.80206205e-02  3.12944803e-01
 -6.47621937e-02  5.74069783e-02  4.28681299e-03 -1.47515453e-01
 -1.51137862e-01 -5.82450181e-02 -7.84907356e-02 -6.80115949e-02
 -2.25884557e-02  2.24712378e-01  2.24515325e-01 -2.01154342e-01
 -4.63037384e-01  2.09696341e-01  5.58654759e-02 -1.27750367e-01
  1.95519114e-01  1.87197585e-02 -2.11456680e-01 -2.48823172e-01
 -2.87596025e-02  9.76164490e-03 -2.88920003e-01 -1.97841694e-01
 -3.85567300e-02 -2.08052409e-01  3.38255547e-02 -8.75971437e-02
  2.58820277e-02  6.57840192e-02  1.40839590e-01  2.91453999e-01
 -1.53413971e-01 -3.01860906e-02  1.37364723e-02  8.86506896e-02
  3.31326768e-01  1.25382799e-01 -1.18748182e-01  1.15251517e-01
  2.93022025e-01 -1.62388198e-04 -2.87771699e-01  3.16233292e-02
  1.08641784e-01  1.87667146e-01 -5.19160330e-03 -7.69228607e-02
  4.43526834e-02  4.32649717e-02 -1.47895303e-01 -1.73015851e-01
 -2.47333471e-01 -9.97020584e-02 -2.52579218e-01 -1.21317980e-01
 -6.03336353e-02 -4.59647959e-01 -2.24515334e-02 -8.28746930e-02
  3.15622336e-01 -2.31800157e-01  1.50387856e-01 -2.82843825e-01
 -2.30596496e-01  4.59888577e-01 -6.03710268e-02 -1.29959142e-01
 -3.23367292e-01  1.80203453e-01  3.60615507e-01 -1.53026404e-01
 -2.48875302e-01 -8.02703153e-02  1.22685049e-01 -9.04942006e-02
 -9.37484071e-02  1.42441458e-01  6.33374920e-02 -4.33055598e-01
 -1.61915453e-02 -1.47621585e-01 -4.05730359e-02  8.73377383e-02
  1.81415635e-01 -2.46701699e-01  1.20272434e-01 -3.78010407e-02
  4.49303003e-02 -3.14134455e-01 -1.55488808e-01  2.28281727e-01
  1.37860273e-01 -5.21660089e-02  3.89682427e-03  3.12611336e-01
  8.37945044e-03 -2.30977707e-02 -1.38500255e-01 -2.28407040e-01
  2.09523344e-01  1.02723552e-01  6.93992645e-02 -6.99659042e-02
 -8.29598881e-02  2.33425507e-01 -5.28562063e-01  1.12310378e-01
 -6.20552335e-02 -3.57724071e-01 -1.25073266e-01 -1.49467641e-01
  1.11134402e-01 -9.45640162e-02 -5.68609491e-02  1.00479066e-01
  1.53147259e-01  1.71697499e-01 -1.12979364e-01 -1.12022091e-01
  4.37970257e-01  1.22764468e-02  2.15073466e-01  2.22197473e-01
 -1.00327243e-01 -7.96000493e-01  9.55612265e-02  4.77141712e-02
  6.46212764e-02  1.38731714e-01 -9.49790637e-02  3.29289697e-02
  6.58687755e-02 -1.06955466e-01 -2.71297503e-01  3.26332879e-01
  1.78237252e-02 -4.44242887e-02 -4.26616207e-02  2.42337647e-01
  4.64815065e-02  1.13628099e-01 -1.99356487e-01  3.54080748e-02
  2.35308096e-01 -4.17754537e-01  1.44577463e-01  2.83685645e-01
  4.56507611e-01  1.33383825e-02 -1.04653434e-01  3.85685945e-01
 -2.34394884e-01  2.44333172e-01 -2.08757156e-01 -1.68936504e-01
  8.68075058e-02 -1.08680519e-01 -1.36294341e-01 -9.48118046e-03
 -1.76891077e-01  6.42339163e-02  1.63660049e-03  1.64315814e-01
 -6.65530957e-02  3.49632102e-01  3.59057054e-02  5.02514988e-02
  4.88220565e-02  2.56196466e-01 -9.70800094e-02 -1.93170333e-01
 -7.71194089e-02 -3.62431135e-02 -5.19633628e-02 -3.12070397e-01
 -7.78313145e-02  1.32442452e-01 -2.95391575e-02 -8.55831757e-02
  2.33475503e-01 -1.64407614e-02  1.43093787e-02 -2.15337411e-01
 -3.04528743e-01  4.06710523e-01 -3.11731315e-01  2.05735409e-01
 -4.33219461e-02  5.01425069e-02 -1.22441021e-01 -6.28969058e-02
 -9.51865390e-02 -1.83675442e-02  1.96530219e-02 -2.67268169e-01
  1.09660445e-01  9.50205505e-02 -7.09806666e-02  8.12550977e-02
 -2.12642336e-01 -5.09991652e-01  2.36664587e-01  4.97482911e-02
  2.20903009e-02 -1.90017302e-02 -2.69305655e-01  1.09965855e-01
 -1.53516187e-01  9.51155424e-02  2.65135947e-01  3.12952347e-02
 -3.93712498e-02  1.08792692e-01  9.26767185e-02  2.33575872e-01
  1.74623719e-01 -1.50490913e-01 -1.10902454e-01  5.90161122e-03
  7.21986644e-02  7.61805713e-02  1.75973838e-02 -2.82784325e-01
 -2.53729856e-01 -4.84941155e-03  1.94352716e-02  3.71829285e-01
  2.79668644e-03 -3.54358755e-02 -1.46103567e-01 -2.97549200e-01
  3.58165875e-03 -1.47068647e-01  4.57669981e-02 -1.26712681e-01
  3.04007548e-01 -1.91422161e-01  6.75178021e-03 -3.15669829e-01
 -1.69829638e-01 -6.96004905e-02 -3.92645836e-02 -9.39294592e-02
  2.47425623e-02  5.50440931e-02  6.67034537e-03  4.31647575e-01
  1.06861334e-01  1.80075471e-01  2.59753892e-01 -4.38221031e-01
  9.48309660e-02 -3.68968368e-01  8.09803195e-02 -2.77342856e-02
  3.60442287e-01  5.45155000e-02 -1.72841325e-01 -1.31925274e-01
  1.45100677e-01 -2.18020187e-01 -4.02861360e-02  1.35575427e-01
  2.62146623e-01 -2.16256934e-01  1.35571954e-01  5.77005401e-02
 -1.71230868e-02 -1.23635296e-02 -5.02448712e-02 -1.63874427e-01
  1.75341231e-01 -2.21651000e-01  1.75991696e-01 -3.00975674e-01
  2.67661437e-02  1.01414574e-01 -7.47445412e-02  1.04880224e-01
 -1.71905702e-01 -8.18789467e-02  3.31303173e-01  2.97998078e-03
  4.39838725e-01  3.83593682e-02  4.72865619e-02 -2.02513111e-01]


第13类： ['电话会议怎么操作', '视频电话会议怎么操作']
语义向量：[-7.88279213e-02  2.41108403e-01 -1.55102175e-01 -4.13194194e-01
 -2.72965971e-02  7.82747008e-02  5.28888877e-02  2.14776471e-02
  2.57095173e-01  1.04003303e-01  3.60166412e-02  1.79675773e-01
  7.80670587e-02 -1.56245068e-01  5.49639817e-02 -1.63896926e-01
 -4.85538938e-02 -5.45665026e-02  3.50900242e-02 -8.83264299e-02
 -1.64179064e-01  1.64872557e-02  4.03304353e-01 -1.18558466e-01
 -5.80668092e-01  3.77285928e-01  7.48770358e-02 -7.84121677e-02
 -2.94064088e-02 -1.33115366e-01 -1.56172570e-01 -4.36517432e-01
 -1.48402201e-01 -1.35189323e-02  4.63861646e-03 -2.66551368e-01
 -1.08650349e-01 -4.74625275e-01  1.35342930e-01 -1.01291034e-02
  1.07681818e-01  9.29494351e-02  1.26951870e-01  4.89498630e-01
 -3.31304774e-01  1.61861401e-01 -2.50956118e-01  4.43603061e-02
  5.41179672e-01  8.44523758e-02  1.71775348e-01  3.92448073e-02
  6.62354201e-01 -1.86220132e-01 -1.73664121e-02 -1.71672429e-02
  6.81828316e-02  3.05190822e-02 -3.82364020e-01  1.07983731e-01
  2.50731282e-01 -1.13319239e-01 -3.95412460e-01 -5.39667234e-02
 -1.59978159e-01 -9.26409364e-02 -3.95992726e-01 -3.53869587e-01
 -1.15548674e-01 -4.07996893e-01 -2.94167072e-01  1.33684680e-01
  3.93917277e-01 -9.56517234e-02 -6.38991296e-02 -4.75201085e-01
 -2.60152012e-01  3.93976912e-01 -1.59853965e-01 -3.85784149e-01
 -1.52582180e-01 -2.17012577e-02  3.30026239e-01  1.12160195e-01
 -3.40440705e-01  1.65552665e-02 -1.12145700e-01 -3.27475995e-01
 -6.15055040e-02  5.24596140e-01  3.37915346e-02 -1.50760267e-01
 -5.66127598e-02 -6.65271953e-02  2.56190754e-01  1.10562857e-01
 -4.12379717e-03 -2.18000986e-01 -6.58381991e-02 -2.67231196e-01
  1.44265644e-01 -8.63560736e-02 -4.18272335e-02  3.70069802e-01
 -3.34327631e-02 -1.63043909e-01 -1.32804208e-01  3.34907502e-01
  1.11807261e-01 -2.57302135e-01  6.91093057e-02 -1.54822044e-01
  2.66100273e-01  1.34554435e-01  1.96018055e-01  1.85238421e-01
 -1.00889917e-01  8.43796916e-02 -5.24870127e-01  4.37175008e-02
  1.63271844e-01 -3.77719045e-01 -1.54886365e-01 -2.00119287e-01
  2.23534882e-01 -2.28535593e-01  1.50197484e-01  3.79409015e-01
  2.05591671e-01  2.03717180e-01 -2.68813863e-01 -1.26800954e-01
  4.38078761e-01  7.36404350e-02  2.24407583e-01  2.04431232e-01
 -2.49446638e-01 -6.71766609e-01  8.82746018e-02  3.18196878e-01
 -4.01065550e-02  8.32445733e-02 -8.90517421e-02  1.29559692e-01
  1.33044187e-01 -1.04478019e-01 -3.31338227e-01  1.34637102e-01
  4.43060594e-02  2.74947421e-02 -1.00843783e-01  4.00392964e-01
 -1.66932315e-01  2.00048491e-01  6.88226940e-02 -4.21452466e-02
  3.53413939e-01 -3.56892467e-01  1.13624264e-01  2.25555681e-01
  1.72175430e-01 -2.09459588e-01  5.16078086e-04  1.00875175e-01
 -1.73976406e-01  3.70821297e-01 -2.50290349e-01 -3.66466329e-01
  1.84779532e-01  1.14367325e-02 -1.61369063e-01 -2.05519296e-01
 -1.16157269e-01 -1.48185417e-02  1.46165481e-02  3.83460388e-01
 -1.45527937e-01  5.58615386e-01  8.82646963e-02 -4.95636817e-02
  1.27291482e-01  1.58733271e-01 -1.55122109e-01 -3.55773389e-01
 -7.48161636e-02 -1.77520312e-01  2.97386721e-01 -5.68821073e-01
 -1.95028685e-01  4.63238344e-01 -4.58608130e-02 -3.80986869e-01
  3.06188211e-01 -1.47665754e-01  9.56205949e-02 -1.57770798e-01
 -7.73233511e-02  6.86033398e-01 -2.49336161e-01  1.95872828e-01
 -1.58278100e-01 -1.01958308e-01 -4.10942197e-01 -1.39039133e-01
 -3.15667912e-01  6.25806972e-02 -1.19015835e-01  8.00596438e-02
  1.26111079e-01  1.21048730e-01  7.41946362e-02  1.97685324e-03
 -3.13360602e-01 -3.56691003e-01  2.22584430e-01  2.37236753e-01
 -3.73063028e-01 -4.62903418e-02 -5.53064436e-01  6.55291926e-02
  2.47181699e-01  1.42788496e-01  2.65176095e-01  9.04920474e-02
  3.96245867e-02  3.11297029e-01  1.40983667e-01  2.18270414e-01
  1.01786409e-01  2.30214685e-01  2.38781301e-02 -1.03352446e-01
  1.26429711e-01 -1.12496026e-01 -6.91571161e-02 -5.27774887e-02
 -8.92946906e-02 -2.20767438e-01 -8.41758847e-02  4.91823658e-01
  1.43925548e-02  8.51665102e-02 -7.03349188e-02 -5.02566993e-01
 -1.31327402e-01 -2.44549662e-03 -8.43495838e-02 -4.13988587e-02
  5.75460922e-02 -1.70091629e-01 -9.94075648e-02 -5.15854955e-01
 -2.17853598e-01  1.21356873e-02 -5.42120617e-02 -3.50004494e-01
  5.66495806e-02  2.25158595e-02  1.03910197e-01  3.30597579e-01
  4.54328075e-01 -4.12977561e-02  1.31773688e-02 -5.27964175e-01
 -5.38975280e-02 -1.73603900e-01  1.09666184e-01  7.78896678e-02
  5.65948129e-01  2.11464003e-01 -3.60282362e-02 -3.55103333e-03
  4.08477217e-01  1.36975855e-01 -2.21350022e-01 -3.27680856e-02
  1.67910263e-01  1.82793692e-01  9.99822952e-02  1.97045282e-01
 -1.08438410e-01 -1.49757005e-01 -5.64966081e-02  6.60155341e-03
  9.68646146e-02 -1.76188327e-01  1.08319717e-01 -3.28251675e-01
  2.63443276e-01 -9.40935798e-02 -2.71668367e-01  3.23417487e-02
  1.96455292e-01 -1.71665162e-01  3.28421488e-01 -5.39279813e-02
  2.11504363e-01  1.22915775e-01  3.83840054e-02 -4.67574090e-01]


第14类： ['一般是纯电话会议', '主要想了解一下电话会议', '主要是和国外客户开电话会议', '主要是国外的用户电话会议', '了解下电话会议的事情', '你们公司是否有电话会议', '你们有没有可以开视频电话会议的东西', '你们有电话会议的设备吗', '你们电话会议是有', '你们这三方电话会议', '你们这个电话会议不用什么设备吗', '公司使用仅仅需要电话会议', '只需要多方电话会议', '只需要纯电话会议', '咱这边电话会议销售吧', '国内和国际电话会议的费用', '国际电话会议也可以吗', '在国内与美国公司开电话会议', '如何开始使用电话会议', '如果单独开电话会议', '如果电话会议较多', '就是分公司各地要开电话会议', '就是国内的电话会议只有', '希望开一个多方电话会议', '并且需要国际电话会议', '座机怎么使用电话会议呢', '您是纯电话会议', '想了解一下电话会议费用', '想体验下视频电话会议可以吗', '我主要是用于电话会议', '我们只要需要电话会议', '我们想开电话会议的', '我们想装一个开电话会议视频的一个设备', '我们需要对方电话会议', '我们需要开国际电话会议', '我们需要电话会议比较多', '我只想要电话会议功能', '我在考虑买电话会议', '我想了解下电话会议', '我想用电话会议', '我想问下电话会议的问题', '我想预约一个电话会议', '我是固定电话会议', '我是纯电话会议', '我正好有个电话会议在', '我需要召开三方电话会议', '我需要的不是电话会议', '我需要经常主持电话会议', '我需要采购一个电话会议服务', '是可以开电话会议吗', '是的纯电话会议', '暂时先考虑纯电话会议', '有三方电话会议吗', '有国际多方电话会议服务吗', '有没有一个你们电话会议', '没有同时的电话会议', '灵活的电话会议预约', '现在是我想开电话会议', '电话会议中怎么静音', '电话会议分配的打入电话号码', '电话会议录音能保持多久', '电话会议怎么办理啊', '电话会议怎么用呀', '电话会议我们会有', '电话会议我想了解', '电话会议是不是需要电话线', '电话会议是什么运营商', '电话会议是基于网络线路的', '电话会议的用途在哪', '电话会议都有什么功能', '电话会议都有什么功能', '电话会议需要付费吗', '目前只是纯电话会议', '目前是纯电话会议', '目前是纯电话会议', '纯电话会议产品有吗', '纯电话会议和视频加电话会议可以分别报价吗', '纯电话会议和视频加电话会议都给个报价', '能用于电话会议吗', '融合电话会议这款', '要开纯粹的电话会议', '请问你们有电话会议吗', '请问你们有电话会议的设备吗', '请问可以进行多方电话会议', '请问国内电话会议号码是多少', '请问怎么进入电话会议模式呢', '请问是否有电话会议', '这个是纯电话会议吗', '这边电话会议信号稳定吗', '需要使用租赁模式的电话会议', '需要电话会议计吗']
语义向量：[-1.10623030e-01  1.71041802e-01  9.68646060e-03 -1.90779396e-01
  1.80931075e-03  1.81970207e-02  1.61691442e-01 -9.56561831e-02
  9.43468850e-02  1.25634283e-02 -4.27094820e-02  7.43031499e-02
  6.04626939e-02 -5.17715095e-02 -1.91873016e-02 -1.08100073e-01
 -4.37493036e-02  8.47754025e-03 -7.79116826e-02 -5.36757186e-02
 -2.23086350e-02  6.90835894e-02  1.68520727e-01 -1.35462239e-01
 -3.47748352e-01  8.42738152e-02  6.82508238e-02 -7.90709895e-02
 -7.20585750e-04 -1.96212691e-02 -1.38522153e-01 -3.08710576e-01
 -4.85997145e-02 -4.93893409e-02 -5.64861747e-02 -1.20799494e-01
  6.33540744e-02 -9.97550948e-02 -5.26345631e-02  6.00841380e-02
  2.34385762e-02  7.86067365e-02  4.48812679e-02  2.47414064e-01
 -1.15514135e-01 -5.25513903e-02 -1.08290947e-02  1.27821674e-01
  2.60997109e-01  4.97057393e-02 -6.33472168e-02 -1.47202808e-02
  1.68631180e-01  1.15418895e-02 -1.48055593e-01  7.85837720e-04
  7.38786911e-02 -7.13908998e-03 -1.07104174e-01  4.20760565e-02
  1.25873093e-01 -8.21478923e-02 -1.57924799e-01 -7.78632174e-02
 -9.98121521e-02 -4.26156637e-02 -1.44581946e-01 -4.00823001e-02
 -1.86788304e-02 -3.01561524e-01 -1.00363297e-01 -7.01343798e-02
  2.07435806e-01 -9.94065861e-02  8.11405852e-02 -2.02962410e-01
 -1.67241755e-01  2.77800439e-01 -2.97835230e-02 -7.97431865e-02
 -1.59905841e-01  6.39147197e-02  1.78965889e-01 -2.14959047e-02
 -1.27376408e-01 -4.38078559e-02  6.56760106e-02 -1.56173991e-01
 -1.06046984e-01  1.87194056e-01 -2.45792977e-02 -1.43974657e-01
  4.11006097e-02 -9.49540684e-02  3.32782525e-02  5.39418513e-03
  8.90789543e-02 -7.59453950e-02  8.05854918e-02 -1.21744544e-01
  3.19478520e-02 -2.16979983e-01  6.84692125e-03  1.57071734e-01
  4.82557376e-02 -5.95713763e-02 -1.12350942e-01  2.56942282e-01
 -1.39867866e-02 -1.16495530e-01 -4.12391752e-02 -7.01700199e-02
  1.87056932e-01  1.30520963e-01  1.17906143e-01  5.10805929e-02
 -6.08681413e-02  7.63061917e-02 -3.08818167e-01  1.72609219e-02
  1.84593416e-02 -1.58465692e-01 -7.81105972e-02 -8.03361656e-02
  1.13434181e-01 -6.36415794e-02  1.27126563e-01  9.67308298e-02
  9.56796790e-02  8.99624250e-02 -1.67301498e-01 -6.76210284e-02
  2.60806641e-01 -4.20787115e-03  8.33687460e-02  8.02412989e-02
 -5.90794522e-02 -4.22432967e-01  9.65656815e-02  1.21378616e-01
  1.81311931e-02  7.36775664e-02  2.84682937e-02  7.37958576e-02
 -5.39390749e-02  1.29693554e-02 -1.48206775e-01  1.57354263e-01
 -6.69810082e-03  3.63434339e-03  6.14149061e-02  5.06860282e-02
 -4.87968835e-02  2.67908928e-02 -8.59364922e-02  1.64715785e-02
  1.33221779e-01 -3.16119895e-01  8.09869543e-02  3.68914279e-02
  2.00518165e-01  3.22698453e-02 -8.10643843e-02  7.56111437e-02
 -8.94708777e-02  1.28259508e-01 -5.76731966e-03 -1.70435687e-01
  5.26088238e-02 -1.75883449e-03 -5.60985853e-02 -1.05389164e-02
 -6.24955081e-02 -4.65184693e-02  5.31604475e-02  1.25592675e-01
 -5.68965054e-02  3.07083760e-01  3.51362178e-02 -6.95585324e-02
  6.80457982e-02  1.00012593e-01  6.95003448e-04 -2.19247288e-01
 -5.88365696e-02 -1.22495314e-03 -1.10163844e-03 -1.95832573e-01
 -1.16816789e-01  2.57862049e-01 -5.00899824e-02 -9.87077642e-02
  1.68924891e-01  4.29979190e-03  1.24985452e-01 -1.59123134e-01
 -4.71571833e-02  3.02006949e-01 -2.20847321e-01  1.18070466e-01
 -6.57221993e-02  2.16696062e-02 -1.87901701e-01 -4.44057840e-02
 -1.22850682e-01 -3.47489997e-02  5.82311916e-02 -1.43916207e-01
  1.08620462e-01  8.94170342e-02 -5.19869576e-03 -1.68702620e-02
 -1.73316351e-01 -2.19210881e-01  1.63461105e-01  1.56657927e-01
 -1.29908451e-01 -3.98485802e-02 -1.61719673e-01  1.10290797e-01
 -9.14159502e-02  6.67545482e-02  1.49156624e-01  2.53569686e-02
 -8.27674861e-02  1.25318272e-01  7.55367640e-02  1.15067204e-01
  1.27200160e-01 -8.32239392e-02 -3.15429832e-02  9.34771815e-04
 -1.72011192e-02 -1.47634904e-02 -6.17445032e-02 -7.70102941e-02
 -1.42258083e-01 -9.27473466e-02 -2.37626302e-02  2.51681882e-01
  2.41057582e-02 -1.71825652e-02 -7.46739755e-02 -2.09351404e-01
  1.29166897e-02 -1.50103206e-01 -5.22011986e-02  1.96733323e-02
  1.01693598e-01 -1.14529122e-01 -2.14463989e-02 -1.44242123e-01
 -1.09070171e-01 -5.24886802e-02 -3.18643921e-02 -9.42030942e-02
  2.42831939e-02 -2.74650140e-03  1.09152379e-02  1.94868909e-01
  1.44547439e-01  3.87894692e-02  9.98744895e-02 -2.86968958e-01
  8.98519106e-02 -1.34874553e-01  1.31145739e-01 -3.51726962e-02
  2.28498126e-01  9.07932894e-02 -1.14585679e-01 -4.48173385e-02
  1.21685360e-01  7.32355779e-03 -1.28083730e-02  7.13875237e-02
  1.85348202e-01 -1.21757570e-01  3.44482533e-02  8.17690479e-02
 -4.77907185e-02 -3.48381990e-02  2.70536345e-02 -1.31027577e-01
  9.71348711e-02 -3.86041219e-02  8.29634413e-02 -2.27627711e-01
  3.99406231e-02 -3.13356964e-02 -3.20502725e-02  5.25562180e-02
  2.58270359e-02  1.16636470e-02  1.79802986e-01 -3.99978325e-02
  1.63273053e-01  9.77665442e-02 -4.11428191e-04 -1.52239461e-01]


第15类： ['你们国内接入电话会议号码是', '我需要国内和欧洲接入的电话会议', '电话会议可以从意大利接入么', '电话会议接入可以通过网络吗', '电话会议接入是什么意思', '纯电话会议没有国外接入']
语义向量：[-8.45750899e-02  1.77008989e-01  1.02134337e-01 -2.51310855e-01
 -1.32877847e-01  6.79807688e-02  1.14077485e-02 -6.50121967e-02
  1.12093203e-01  3.23038758e-02 -1.62050553e-01  2.48390613e-01
 -9.23771833e-02 -3.56937330e-02 -1.31077064e-02 -9.56820038e-02
 -1.24377017e-01 -1.65919398e-01 -3.96116233e-02 -4.95761217e-02
  1.50056493e-01  1.59007265e-01  3.14681182e-02 -2.32732688e-01
 -4.38038548e-01  1.09799415e-01  4.66023249e-02 -9.77863520e-02
 -1.29725402e-02  6.16065407e-02 -1.37806752e-01 -3.81433288e-01
 -2.24283084e-01  1.37119140e-01  1.03152727e-01 -5.49963160e-02
  2.72084280e-02 -4.44498984e-03  5.21873916e-02 -1.10020063e-01
 -1.45636766e-02 -1.29344520e-01 -4.99912817e-02  1.10818591e-01
 -1.95865887e-01  1.41803407e-01 -6.84560488e-02  8.29394932e-02
  1.35964252e-01  2.27840198e-03 -4.35133943e-02  8.37986314e-02
  2.96773131e-01 -1.76072334e-02 -9.29511661e-02 -2.39148209e-02
  1.14242751e-01 -7.41387500e-02 -1.44612319e-01 -3.13271708e-02
  9.73123778e-02 -1.43758269e-02 -1.75044663e-01 -1.78346219e-01
 -1.82225046e-01 -1.60044790e-02 -1.96035740e-01 -7.02913388e-02
  1.01200781e-01 -3.34448814e-01 -2.53043850e-02 -1.73669873e-01
  1.52863435e-01 -1.78170844e-01  6.96538643e-02 -1.68272709e-01
 -1.81977073e-01  1.16931252e-01 -6.36800167e-02 -2.00933352e-01
 -2.13688118e-01  9.20419420e-02  2.08964683e-01 -6.25462035e-02
 -7.06298295e-02 -1.24321450e-01 -3.87014435e-02 -1.28693663e-01
  4.44109718e-03  1.97238142e-01 -3.23753646e-02 -3.04543143e-01
  6.85240924e-02 -2.43004449e-01  3.64632352e-02  3.40149018e-02
  1.29331340e-01 -3.89652312e-01  1.36816690e-01 -9.25135429e-02
 -4.60717411e-02 -1.85624021e-01 -5.98044662e-02  1.15663813e-01
  5.91197057e-02 -2.32119800e-02  2.81519269e-02  1.87722884e-01
 -1.25730739e-02 -1.52103357e-01 -1.34960817e-02 -3.23016344e-02
  3.33513841e-01  9.37577765e-02 -1.34214653e-01  4.28117081e-02
 -1.86383737e-01  2.41221311e-01 -3.03291338e-01  2.64594500e-01
 -1.38901129e-01 -2.44614134e-01 -4.11096444e-02 -5.63070265e-02
  1.13899980e-01  2.23144864e-01  1.25415140e-01  3.53890909e-02
  1.87815395e-01  4.55007260e-02 -2.69237183e-01 -4.66849053e-02
  2.55795283e-01  1.47824803e-02  3.00610752e-02  2.93378554e-01
  7.46715559e-02 -5.29075066e-01 -1.96353341e-02  2.44830474e-01
 -3.93751046e-02  1.53426444e-01  4.36312845e-02  4.89180703e-02
  6.75315475e-02 -4.63398077e-02 -8.26573977e-03  2.40536963e-01
 -6.06570126e-02 -5.17267138e-02  5.05479087e-02  1.62789127e-01
 -2.80230915e-02  8.40341573e-02 -1.89808530e-01 -5.94753632e-03
  3.11668721e-01 -3.27313786e-01  1.68119791e-01  1.53044178e-01
  2.51187503e-01 -1.36805800e-01 -1.02822655e-01  3.79110292e-01
 -5.13262842e-02  1.71299350e-02 -1.01406977e-01 -1.34517846e-01
  1.47714861e-01 -1.29931149e-01 -4.04148845e-02 -3.33698710e-01
 -5.67912925e-02  9.45201032e-02 -1.51929511e-01  7.82482602e-02
  1.37912903e-01  2.12150954e-01 -3.83615013e-03 -4.64998130e-02
  4.20437243e-02  5.23511867e-02 -5.05761132e-02 -2.72385928e-01
 -1.44619030e-01  3.96825934e-02 -2.22248649e-01 -3.21174075e-01
 -1.75814904e-01  1.27678455e-01  1.63987064e-02 -1.18326695e-02
  1.64355757e-01 -7.46098539e-02  6.92642853e-03 -1.74679890e-01
 -1.04548018e-01  4.17832275e-01 -1.95766337e-01  8.51097492e-02
 -9.74427685e-02 -9.44479294e-02 -3.01025550e-01 -6.72008799e-04
 -2.38738899e-01 -5.85313284e-02  2.25537931e-01 -1.85402406e-01
  3.67896964e-02 -2.48500805e-02 -1.14541688e-01  1.71933311e-01
 -2.48454404e-01 -2.59300654e-01  2.86044948e-01  1.84033111e-01
 -6.07223026e-02 -3.03255442e-02 -3.14964915e-01  1.75579267e-01
 -9.76707215e-02  3.30043631e-02  2.19771358e-01 -1.63731923e-02
  5.23238145e-02  2.37824947e-01  2.91932856e-02  1.58681328e-01
  1.99579132e-01 -1.17705245e-01  5.69014375e-02  9.47389616e-03
  6.95472738e-02 -4.31569843e-02  1.62158090e-02 -7.55130701e-05
 -7.64555105e-02 -6.87559719e-02  1.79797607e-01  4.11529382e-01
 -6.65498389e-03 -6.89214269e-02 -9.97627924e-02 -3.06753794e-01
 -1.36901435e-02 -1.57470391e-01 -1.31845896e-03 -4.39891536e-02
  1.75006151e-01 -1.50870779e-01  2.76240225e-03 -1.06556276e-01
 -8.72642882e-02 -2.74748929e-02  1.27117296e-01  3.13098036e-02
  2.13652885e-02 -2.10178139e-01 -7.77998876e-02  2.17111940e-01
  2.47961427e-01  4.96733996e-02  5.71408582e-02 -2.48934999e-01
 -4.64715262e-02 -7.23263149e-02  2.25235157e-01 -8.86741069e-02
  2.38727833e-01  5.52763976e-02 -9.97765809e-02  6.03310975e-02
  1.90420864e-01 -1.34954286e-02 -1.22151319e-01  1.76035280e-01
  3.05089802e-02 -1.49301041e-01 -1.30524680e-01  4.12854551e-02
 -3.07682057e-02 -1.77846899e-03  1.64536364e-01  1.17626592e-02
  1.30749120e-01  3.16260972e-02  1.13000788e-01 -2.99218466e-01
  1.99290680e-01 -7.51786428e-02 -6.38863966e-02  6.32336655e-02
  3.32055548e-02  1.52800418e-03  1.06815919e-01 -6.45203112e-02
  3.34555576e-01  7.64890146e-02 -1.12265845e-01 -2.09575472e-01]


