第1类： ['一台电脑信息可以投到各电脑上', '一般使用电脑的', '不用电脑可以吗', '不能够使用电脑', '主会场估计是电脑', '主持人用别的电脑', '但是我电脑添加不了插件', '但是是电脑啊', '但是电脑用户名只有', '你们是网页版还是电脑版的', '公司电脑有限制', '再电脑上面呢', '反而电脑上能上', '另一台电脑上有', '可以用电脑吗', '可以电脑拨号把', '可以直接电脑就行了', '后来电脑重装系统了', '在电脑上用呢', '如果只有一个电脑', '如果我用电脑登入', '如果是电脑的客户端呢', '就差电脑的', '岑溪智通电脑有限公司', '我么用电脑', '我们买的电脑一体机', '我们会议室一般配一台电脑', '我们需要几台电脑', '我刚刚试过是电脑端通过网页使用', '我在电脑上', '我就几个电脑', '我是台式电脑', '我是用电脑', '我现在电脑端使用只有网页版吗', '我用电脑版的', '我电脑上本来安装了', '我电脑有问题', '我的是电脑', '我的电脑是', '我的电脑是', '我的电脑是', '我的电脑是', '我这个电脑有问题', '换个电脑就可以', '接了麦到电脑', '是卖电脑的', '是有电脑客户端的是吗', '有电脑版吗', '然后电脑直接拨号', '电脑上麦克什么', '电脑不会下线嘛', '电脑也没有客户端是吗', '电脑可以扩展投影', '电脑可以直接用', '电脑和电脑没有声音是什么原因', '电脑已经检测过', '电脑怎么用呢', '电脑本身就有', '电脑版客户端是没有么', '电脑版是只有网页版对吧', '电脑版的连不上', '电脑直接在网页上就可以打开', '电脑端可以显示文件内容吗', '直接通过电脑语音的', '相当于就是八台电脑', '终端指的是电脑吗', '老师那边一台电脑', '能再网页上远程控制电脑', '自己电脑会多一下', '要用电脑吗', '请问如何在电脑上安装', '请问电脑端网址进入后', '请问电脑里安装的', '还是只能通过电脑', '还是电脑也有个客户端呢', '还是电脑的数量', '这是分电脑', '那你们宣传电脑打电话', '那请问一下电脑']
语义向量：[-7.23305167e-02 -1.17716181e-01 -5.40962971e-02 -1.74743540e-02
 -3.36437452e-02  1.17548799e-01 -9.56775693e-02  2.01355471e-01
  9.37114645e-02  2.95729867e-01 -2.51804438e-02  6.06690987e-02
  5.67889707e-02  1.94919816e-01  2.93192857e-01  4.39366620e-02
 -2.47513905e-02 -1.04812038e-01 -7.77987673e-02 -6.95877017e-02
  1.60611860e-01  9.63651828e-02 -1.32432555e-01 -3.69346104e-02
 -3.68892747e-01  1.03823399e-01 -7.97923775e-03 -7.22363789e-02
 -1.61724679e-01 -8.10147586e-02 -1.77356399e-02 -8.23087955e-02
 -2.53217870e-01  2.04616704e-01  1.04349121e-01 -7.13219109e-03
  1.13552954e-01  2.71543068e-02 -5.40082551e-02 -2.84721032e-01
  1.56172188e-03 -9.93551322e-02 -2.52612042e-01 -2.34296495e-02
 -1.93970278e-01  1.03216169e-01 -1.22873778e-01 -7.69866734e-02
  6.75127570e-02  9.67120499e-02 -1.06042357e-02  1.11083478e-01
  1.39679539e-01 -1.69938973e-01  4.01383228e-02  2.65183367e-01
  2.36804998e-02 -1.28849187e-01 -1.48035216e-01  8.27384987e-02
  7.71444380e-02 -1.75041439e-01 -1.54282781e-01 -2.36267256e-01
  2.13806133e-03 -7.73573882e-02 -2.00221354e-02 -1.99215283e-01
  1.99842921e-01 -9.78231797e-02  7.81353487e-02  2.42766903e-01
  2.13426849e-01  1.41817615e-01  9.78307422e-02 -2.02575988e-01
 -9.08936093e-02 -1.05838048e-03 -1.73935515e-01 -1.18085648e-01
 -1.62084177e-01  1.00079573e-01  9.37855856e-02  2.09376908e-01
 -1.86985401e-01 -1.75508219e-02 -1.08148004e-01 -6.93580447e-02
  1.68484518e-02  1.47056205e-01  7.84951723e-02  9.83947836e-02
 -4.25180047e-02 -1.44024043e-01 -5.20606965e-02 -4.89275675e-03
 -1.12232222e-01 -1.31291810e-01 -5.48873093e-02 -3.98377805e-02
  1.12380969e-01  8.07413510e-03 -1.27595914e-02  1.16156234e-01
 -3.27510973e-03 -1.23824143e-01  5.13286349e-02  1.00477165e-01
  1.30952271e-01 -3.91466483e-02  1.31107914e-01  1.07329092e-01
  1.03936427e-01  7.74746968e-02 -1.75461027e-01  3.27811366e-02
 -1.31933258e-01  1.11430296e-01 -1.72913322e-01  5.36131540e-02
 -3.52690819e-04 -2.45453585e-02  7.75558006e-03  1.26972019e-01
  3.32696117e-02  1.59110847e-02  1.50274850e-01  8.49553271e-02
  6.93743968e-02  7.89905553e-02  7.96301152e-05 -6.99425224e-02
  1.49775061e-01 -9.49385290e-02  1.01668859e-01  2.82984619e-01
 -1.99581084e-02 -1.64822914e-01 -2.93055283e-01  1.22872393e-01
 -6.14882378e-02 -3.77258561e-02  7.32223947e-02  1.54601189e-01
  8.87565704e-02 -1.41602160e-01  7.48781761e-02  8.62791652e-02
  8.93177561e-02 -2.20975608e-02  6.94166965e-02  5.53436381e-02
 -4.74509439e-02  5.43808241e-02  7.15461338e-02  9.07675523e-02
  9.35994417e-03 -1.59616056e-01  1.06120084e-02  1.45715471e-01
  2.46929747e-02 -1.88179656e-01  1.10329384e-01  1.69345057e-01
 -5.00761150e-02  5.53989530e-02 -2.39556233e-01  3.59468281e-02
  1.22421268e-01 -8.48047791e-02  1.81035669e-02 -1.28079777e-01
  8.78634497e-02  2.51247236e-02 -9.07090498e-02 -8.24423363e-02
  2.22125830e-02  6.81191932e-02 -5.62533073e-02  9.89242369e-02
  2.22341875e-01 -2.35721171e-02  4.41372886e-02 -6.78859875e-03
 -1.73579736e-01  1.35577630e-01  7.03206746e-02 -1.85145941e-01
  4.96498033e-02  2.18114592e-01 -1.21786827e-01 -7.82400023e-02
 -1.52098664e-01  2.16137476e-02 -2.24373593e-01 -4.58824289e-02
  8.56347436e-02  1.59835360e-01 -2.16901729e-02 -5.11833076e-02
 -2.08693831e-01 -2.21349431e-01 -2.73224302e-01  2.67190405e-05
 -3.06915566e-01 -5.33265884e-02 -1.20266455e-02  1.63956080e-01
  1.54704557e-02 -3.19491885e-02  7.17658042e-02  7.10843266e-02
 -8.67117686e-02 -5.17959065e-02  6.14166491e-02 -8.14918478e-02
  2.10295371e-02 -2.46494387e-02 -2.47165651e-01 -6.23007961e-02
  2.03254136e-01  4.94576569e-02 -5.29897838e-02 -1.27532214e-01
  2.20017526e-01  4.91119830e-02  4.85586233e-02  8.20294805e-02
  8.93084747e-02  3.09221894e-02  8.71035752e-02  4.87817176e-02
  7.81564718e-02  2.66751057e-02  1.06818344e-01  8.82603911e-02
 -1.75690630e-01  7.40628411e-02  5.98139728e-03  1.82365278e-01
  1.46229357e-01 -1.35629767e-01 -2.87966195e-02 -1.46337261e-01
 -1.67361778e-01 -1.21378417e-01  4.14955112e-02  6.92093109e-03
 -3.83322397e-02 -3.75410644e-03  5.19734378e-03  2.89188785e-02
 -8.77432521e-02  1.27069078e-01  3.62989828e-02 -1.93712357e-01
  4.24123871e-02  4.52848670e-02 -7.46854852e-02  1.02274577e-01
  1.66773243e-01 -1.34574944e-01 -6.60795771e-02 -3.37078975e-02
 -9.58403650e-02  1.27369389e-01 -6.70035109e-02  2.16271429e-01
  1.88414076e-01  4.43594404e-02  7.49319115e-02  6.64792846e-02
  1.73890699e-01  3.58957779e-02 -1.33506580e-01  1.69937065e-01
  2.34839628e-02  1.48174455e-01 -1.34593643e-01 -1.03074315e-01
  8.72039602e-02 -1.20232269e-01  1.76666036e-02  7.62309388e-02
  3.74492156e-02 -8.41745353e-02 -6.47932462e-02 -2.19338087e-01
  2.74769872e-01 -7.37168587e-02 -2.33979973e-01  2.52283721e-01
  1.17196312e-01 -1.54220053e-01 -4.60181864e-02 -7.51324381e-02
  1.70583478e-01  1.14184549e-02 -6.91217893e-02 -7.97198914e-02]


第2类： ['利用电脑', '只能电脑', '可以电脑', '台式电脑', '昆达电脑', '没带电脑', '电脑上用', '电脑对电脑使用', '电脑最好', '电脑版本', '电脑的话', '电脑端的', '电脑端的', '电脑端的', '电脑网页版呢']
语义向量：[-0.13547829 -0.2274119  -0.0944706  -0.03257316 -0.06899718  0.22722003
 -0.19137406  0.40471495  0.19877487  0.5976443  -0.06092657  0.09067304
  0.14319837  0.39747439  0.57242662  0.07912512 -0.04472847 -0.2087425
 -0.17158579 -0.1219      0.35123541  0.18356004 -0.27097387 -0.07999162
 -0.72217955  0.1933446  -0.00961336 -0.13689739 -0.331402   -0.16546361
 -0.02722931 -0.16766435 -0.50352393  0.41429726  0.22788807 -0.00142876
  0.24374072  0.07213959 -0.11143845 -0.58625189  0.02152732 -0.20295604
 -0.49737126 -0.06106977 -0.37794399  0.20736418 -0.2498762  -0.14517297
  0.14231134  0.18042684 -0.03054956  0.20995376  0.26872846 -0.34981282
  0.09475027  0.5365767   0.03379301 -0.25218094 -0.29032894  0.18061525
  0.13807391 -0.3766665  -0.29892486 -0.45301346  0.00866533 -0.1698298
 -0.04149393 -0.38922567  0.4079843  -0.17991622  0.16337086  0.45418148
  0.44251434  0.27796763  0.17184656 -0.39360658 -0.18086984 -0.01443917
 -0.34664259 -0.2267312  -0.32514125  0.20716673  0.16021725  0.42677408
 -0.35510113 -0.03974508 -0.21364901 -0.1603073   0.02533077  0.29297566
  0.16591989  0.21771271 -0.08388416 -0.2881472  -0.1180121   0.00605582
 -0.22607515 -0.26377784 -0.10582751 -0.09245672  0.23679276  0.02995655
 -0.02009977  0.21136691 -0.01356243 -0.25197416  0.10836282  0.19260507
  0.26170093 -0.0762215   0.25608623  0.24076421  0.20716895  0.15788945
 -0.33536545  0.07089738 -0.27060311  0.20393889 -0.33126897  0.11568673
  0.0029385  -0.0111693   0.01671536  0.24660984  0.05831083  0.01116738
  0.31065996  0.17207948  0.14272173  0.12868625 -0.00519068 -0.13679221
  0.26824275 -0.20115228  0.19056916  0.54405568 -0.04193332 -0.31303426
 -0.60564349  0.27107425 -0.1085889  -0.07975252  0.12649966  0.31159103
  0.15214797 -0.27458004  0.15987872  0.18170041  0.18357473 -0.04592457
  0.16043522  0.0933979  -0.08804991  0.10316458  0.13072073  0.17609357
  0.02291255 -0.2936093   0.02220339  0.27128655  0.01267318 -0.35903825
  0.20488241  0.30277012 -0.081957    0.10234195 -0.45486794  0.08881432
  0.23966749 -0.14961017  0.03044468 -0.2561801   0.18476771  0.04838565
 -0.2038536  -0.15629033  0.04803235  0.12140418 -0.1285955   0.18459333
  0.43384167 -0.06641111  0.09703405 -0.0138532  -0.34385715  0.25650707
  0.15905117 -0.37878928  0.09646024  0.44115538 -0.25451756 -0.16917025
 -0.29871056  0.04924625 -0.43958563 -0.08842225  0.19278999  0.30201107
 -0.04219317 -0.10138042 -0.40293961 -0.44659248 -0.55527548  0.00392977
 -0.60680223 -0.11099601 -0.04170941  0.3297562   0.01951596 -0.055487
  0.13362823  0.13396605 -0.17807639 -0.10477143  0.12169632 -0.1559236
  0.02943949 -0.05857036 -0.49359035 -0.13214566  0.40025604  0.09084653
 -0.13481798 -0.24928565  0.45222333  0.09681865  0.10576047  0.16147165
  0.17463533  0.06219572  0.17510791  0.10439294  0.14534134  0.02502838
  0.21047767  0.18909867 -0.34594385  0.15606667  0.01874942  0.33809868
  0.29721434 -0.27646934 -0.03687523 -0.30209423 -0.33439074 -0.23651375
  0.06669665  0.0156197  -0.09458945 -0.00417189  0.0255751   0.07563661
 -0.1733947   0.26042287  0.05920321 -0.40511242  0.07759614  0.0985188
 -0.13703247  0.21533441  0.32201559 -0.25906351 -0.13683536 -0.04540883
 -0.19996032  0.27500931 -0.13777604  0.43699493  0.36469205  0.09527663
  0.15718629  0.13074011  0.34133778  0.07786489 -0.25809002  0.35668213
  0.03488979  0.27975511 -0.30630001 -0.22092704  0.16519565 -0.23078448
  0.05114742  0.1603267   0.058264   -0.14857899 -0.14535179 -0.44242084
  0.53468246 -0.15293808 -0.48042534  0.50003754  0.25725887 -0.31718428
 -0.08637487 -0.15026623  0.32033772  0.01495418 -0.14272791 -0.14042663]


第3类： ['一人一台电脑就行是吧', '不是邮件是电脑显示器直接提醒', '主持人电脑上的资料', '但是我现在没带电脑', '但是我电脑是有', '但是电脑加不进去', '但是能不选者电脑语音', '你们可以电脑拨号吗', '你好昨天我试了下电脑端感觉不错', '你有电脑版和网页版的吗', '你的电脑是没有客服端吧', '公司另外一台电脑可以', '另外一边可能是领导电脑', '只有用电脑才能视频对吧', '只能在你们电脑上连接么', '可以做电脑录屏么', '可是我电脑能打开', '台式电脑可以测试吗', '台式电脑要配置什么', '咱们有电脑版的', '因为我电脑没有管理员权限', '在我同事电脑上', '在电脑上怎么写', '外放设备是指电视机或者电脑吗', '好像是和电脑不匹配', '如果我们公司自己有电脑', '如果是在台式电脑上', '如果是我这边电脑创建', '对电脑的要求怎样', '就是一台电脑一个端口', '就是可以共享桌面和通过电脑语音', '就是当电脑显示屏来使用', '就是说可以操作对方电脑是吗', '屏幕共享主持人电脑那边的', '您电脑的版本是什么', '我以前电脑上有安装的一个', '我们现在有电脑和投影仪', '我同事电脑貌似是这样', '我家电脑被权限了', '我就用的电脑的', '我怎么把电脑上的', '我惠普的电脑用', '我想下个电脑版的', '我想在电脑上播放', '我想电脑上使用', '我想电脑用没有', '我是说电脑的那个', '我现在在电脑上', '我现在用的电脑上', '我现在电脑中有几个视频', '我现在需要电脑版', '我用电脑对方发过来的进不去', '我用自己的电脑和摄像头做设备', '我的电脑得有麦克风', '我的电脑用不了', '我边上电脑也连着', '我这台电脑上有', '我需要不用电脑的', '换了一台电脑也没有安装键', '换了个电脑可以了', '换了个电脑还是不行', '是在自己电脑上', '是必须要在会议室配置一台电脑吗', '是电脑上的安装版哦', '是话机接到电脑上吗', '是连电脑打电话的是吗', '显示我的电脑不兼容', '有电脑版的吗', '有电脑版的吗', '没像电脑一样有个列表', '然后我一般是两个电脑接入', '然后有一个平板电脑', '现在电脑上不去', '用的是电脑的', '电脑上可以使用嘛', '电脑声卡是正常的', '电脑声音硬件都是正常的', '电脑有相关得应用程序吗', '电脑没有应用程序是吗', '电脑没有摄像头也可以', '电脑没有配置摄像头和麦', '电脑版怎么用啊', '电脑版直接操作是什么意思', '电脑的发我下', '电脑直接用浏览器就可以了吧', '电脑这块可以用了', '电脑麦克风测试过了', '目前我没有电脑使用', '直接用电脑就行了吗', '硬件就是电脑加摄像头和麦克风', '视频在我电脑上啊', '请问能够录制电脑播放的视频吗', '跟电脑版本还有关', '还是要用一台电脑', '还是说只有电脑的可以', '还是说电脑可以的', '这个是绑定电脑的吗', '这个陈序电脑上不能安装吗', '这样证明我电脑默认不用安装是吗', '那对电脑有要求吗', '那就是说我事先电脑上不需要安装', '那边需要远程控制我的电脑', '限制了很多电脑啊', '需要什么样子的电脑操作系统', '需要电脑配备哪些装置']
语义向量：[-0.05009183 -0.08000859 -0.03845641 -0.01881023 -0.02917423  0.0896404
 -0.06480311  0.14003008  0.07271837  0.22173764 -0.02534172  0.0389664
  0.04642815  0.14250346  0.21081704  0.02820305 -0.01790144 -0.08129752
 -0.04826311 -0.05416683  0.11615411  0.06630296 -0.09084893 -0.03342007
 -0.27419062  0.0790027  -0.00685532 -0.05454285 -0.11804175 -0.06221219
 -0.0157165  -0.07512339 -0.19152973  0.15124361  0.07962302 -0.0103085
  0.08248568  0.00534514 -0.03436245 -0.21019207 -0.00343252 -0.08024965
 -0.18071237 -0.00948104 -0.14728716  0.0757642  -0.09638019 -0.05201822
  0.05138056  0.0730285  -0.00690645  0.07848662  0.11257633 -0.1308546
  0.03172814  0.18988905  0.01483105 -0.09406443 -0.11924546  0.05885269
  0.06219193 -0.12476363 -0.12166342 -0.17527997 -0.00601762 -0.06448614
 -0.02297283 -0.15226903  0.14167514 -0.07913783  0.06032718  0.17308165
  0.16266783  0.10098059  0.06476447 -0.14774771 -0.07204645  0.00832943
 -0.12851695 -0.09599822 -0.11398756  0.06971988  0.07605575  0.15100874
 -0.13892339 -0.01050753 -0.08134571 -0.04999943  0.01167542  0.1168793
  0.0603039   0.06193442 -0.03235166 -0.1077229  -0.03740646  0.00198435
 -0.07963744 -0.1043676  -0.03780458 -0.03502491  0.08403027  0.00356438
 -0.00693391  0.08952912 -0.00159056 -0.09326485  0.03828917  0.08477639
  0.09942793 -0.02806434  0.08986058  0.08144369  0.07839807  0.05593615
 -0.12819693  0.03260708 -0.10024959  0.08418239 -0.13534977  0.04255138
  0.00436896 -0.02572777  0.00456689  0.0929544   0.02816557  0.01450748
  0.11076169  0.06421006  0.05898231  0.05487604 -0.0076219  -0.05293948
  0.1155451  -0.06389137  0.07681647  0.21477014 -0.01525202 -0.13223657
 -0.21499943  0.09343632 -0.05272777 -0.02489594  0.05508333  0.11417334
  0.0687449  -0.11058458  0.04647917  0.07514183  0.06182135 -0.01814238
  0.05361067  0.04354272 -0.03657757  0.04705645  0.05306867  0.06925743
  0.01576961 -0.12668077  0.01619524  0.11007148  0.01762538 -0.1389677
  0.07927079  0.12725221 -0.0343844   0.03913741 -0.17645273  0.0253075
  0.09155059 -0.06521269  0.00872978 -0.1065656   0.06405127  0.0147082
 -0.06585583 -0.05132919  0.01257406  0.05052947 -0.03673107  0.07872019
  0.16464228 -0.02237071  0.03558024 -0.0106278  -0.12986536  0.09037279
  0.05031102 -0.14714713  0.03463035  0.16440511 -0.09728927 -0.06251247
 -0.10394874  0.01330909 -0.16818896 -0.03180938  0.05800926  0.13095305
 -0.02236265 -0.03685809 -0.15593252 -0.16939469 -0.20425211  0.0008318
 -0.22548036 -0.04050686 -0.01167957  0.12474845  0.01472931 -0.02429522
  0.05261366  0.04877725 -0.0721485  -0.04007161  0.05433404 -0.05496812
  0.00998251 -0.01724942 -0.18926616 -0.03856613  0.14787257  0.03754315
 -0.03822955 -0.08866417  0.1587896   0.04851552  0.0420437   0.06277337
  0.06157049  0.01847279  0.06100079  0.02782885  0.06045525  0.01049246
  0.07686826  0.06288473 -0.12817119  0.04346973  0.00800772  0.13878199
  0.11030506 -0.09486277 -0.02436117 -0.11718943 -0.12756051 -0.08738482
  0.02460045  0.00078366 -0.02208789 -0.00688995  0.00219241  0.01452386
 -0.06675136  0.09268826  0.02646436 -0.15018489  0.02885107  0.02876048
 -0.05679489  0.08394191  0.12410138 -0.10053601 -0.04379588 -0.02920404
 -0.07042073  0.09369162 -0.04806289  0.15867626  0.14236931  0.03245994
  0.05262587  0.05002697  0.13877398  0.03149297 -0.09348573  0.12809951
  0.02190468  0.11044638 -0.10304616 -0.07095633  0.05967506 -0.08595057
  0.01398298  0.05860005  0.02742031 -0.06133631 -0.0370196  -0.16591265
  0.20851908 -0.05868168 -0.17245029  0.18130837  0.09034287 -0.10871812
 -0.03244879 -0.05918261  0.12973421  0.00702124 -0.05254821 -0.0660825 ]


第4类： ['为什么电脑安装', '在电脑设置', '总部使用电脑登录', '我用电脑登录', '我电脑登录的', '我电脑链接', '我要用电脑登录', '电脑怎么登陆', '电脑登陆不了', '电脑端登陆了']
语义向量：[-0.22245978 -0.23389947 -0.18274725 -0.09375784 -0.07012415  0.24224445
 -0.18594086  0.42838052  0.13767658  0.58586316  0.06807439  0.21688788
  0.0572487   0.30546588  0.56878435  0.19658882  0.06263364 -0.13472648
  0.12284547 -0.16630738  0.15741973  0.09437657 -0.13994237  0.03419052
 -0.55943176  0.22444118 -0.12845016 -0.09965837 -0.39122854 -0.23115052
  0.02350618  0.01639202 -0.4536722   0.44994202  0.25646973 -0.04948697
  0.12815696 -0.03117514 -0.08479156 -0.41107397 -0.0407825  -0.17704155
 -0.43138062  0.00522475 -0.33096721  0.16752416 -0.25177789 -0.1002869
  0.01707431  0.17116598  0.20097032  0.1127729   0.33033556 -0.43550714
  0.15404161  0.47178732 -0.01556248 -0.32550894 -0.3395175   0.14839544
  0.22690976 -0.30430744 -0.31446251 -0.42576627  0.05721365 -0.09921873
 -0.13955728 -0.40730371  0.28745037 -0.12966385  0.08344268  0.70347529
  0.37138948  0.27105732  0.1853962  -0.24268458 -0.08848333 -0.0493127
 -0.37937033 -0.27828383 -0.10140644  0.04017909  0.16207836  0.48690007
 -0.52305845  0.04840299 -0.31238798 -0.06399452  0.07155434  0.24961312
  0.01343506  0.15796452 -0.19764376 -0.12942094 -0.00448522 -0.01330693
 -0.28309329 -0.20096573 -0.20835082  0.00499464  0.19700838  0.07875247
 -0.03207744  0.23988604 -0.05964906 -0.29775605  0.08145009  0.16005715
  0.28304175 -0.08239132  0.2831898   0.18767294  0.15716703  0.10159524
 -0.4145479   0.07645335 -0.18927291  0.19454806 -0.21922674  0.03281425
  0.03659555 -0.17358979  0.22302298  0.23206995 -0.00273549  0.02196287
  0.32639343  0.11473775  0.08992973  0.14348722  0.02648477 -0.10338186
  0.24978425 -0.09090059  0.2772731   0.45326971 -0.09042227 -0.16602438
 -0.47214379  0.11766936 -0.17984224 -0.02867911  0.09945357  0.24939237
  0.25270475 -0.29799202  0.20489374  0.027587    0.08293622 -0.08223689
 -0.05040334  0.15134933 -0.13544581  0.19718694  0.14898185  0.16944757
  0.04362088 -0.2935248   0.02698218  0.30603125  0.08116262 -0.42842154
  0.21803588  0.30030381 -0.10076536  0.04453124 -0.55137632  0.10031307
  0.18404934 -0.14100861  0.08486367 -0.18235597  0.0752818  -0.05460165
  0.00649422 -0.00655648  0.0032715   0.07800407 -0.16423404  0.23026443
  0.41487868  0.01252655 -0.03671521  0.08703908 -0.32836029  0.15251169
  0.19589185 -0.31195389  0.10640986  0.37910297 -0.23483567 -0.19259229
 -0.28447174  0.0099408  -0.32317894 -0.00263962  0.0251639   0.32205708
 -0.03859082 -0.0653519  -0.36213672 -0.40236925 -0.45130074 -0.04192538
 -0.50756314  0.01794599 -0.07659768  0.32675647 -0.05573204 -0.10499261
  0.13387923  0.13762626 -0.11799001  0.02267976  0.02765837 -0.14904008
  0.01445525  0.01410967 -0.3850769  -0.16823178  0.52335438  0.20274959
 -0.06635689 -0.18158808  0.38512759  0.06494597  0.01540445  0.22388863
  0.18303963  0.24920009  0.2020596  -0.00916096  0.21865609  0.04832615
  0.17776365  0.16111141 -0.22379618  0.12793501 -0.0924216   0.20441476
  0.189474   -0.09919252 -0.07227785 -0.20545909 -0.38304544 -0.10133203
  0.10627305 -0.01829747 -0.11999162 -0.03143617 -0.11911511 -0.06234948
 -0.12146716  0.21008586  0.1166895  -0.38678249  0.11724236  0.14042817
 -0.20643304  0.21216287  0.30838234 -0.27833471 -0.14290405  0.0109337
 -0.15654774  0.18238582 -0.11580702  0.45820873  0.44530744  0.11239048
  0.16049401  0.1024589   0.38399267  0.13328793 -0.23992282  0.1621497
 -0.03582424  0.40913945 -0.12640551 -0.05742173  0.23806398 -0.1626957
 -0.05314827  0.16442188  0.0653624  -0.20846857 -0.14016522 -0.23515
  0.56280169 -0.27397586 -0.35338441  0.28551835  0.16558394 -0.22180568
 -0.06963832 -0.14759102  0.29777473  0.16305171 -0.06159955 -0.28133458]


第5类： ['一般电脑接入', '国外可以接入电脑视频通话', '我电脑语音接入', '自己电脑接入']
语义向量：[-6.65647206e-02 -7.63216391e-02  1.01036899e-01 -1.92550462e-01
 -2.52176311e-01  2.19921004e-01 -2.75671575e-01  2.28361838e-01
  1.52799176e-01  3.70006349e-01 -2.51991514e-01  3.35660327e-01
 -1.39465349e-01  2.11146135e-01  3.25923260e-01  7.22876284e-03
 -1.82528235e-01 -3.92965950e-01 -3.85198267e-02 -1.06384464e-01
  4.21081804e-01  2.47823328e-01 -2.79463436e-01 -2.30243541e-01
 -6.84445351e-01  1.81912638e-01 -2.97359081e-02 -1.43722646e-01
 -1.85000617e-01  3.89567716e-02 -8.13729204e-02 -3.42835583e-01
 -5.67035809e-01  4.85017531e-01  3.30644164e-01  3.41477571e-02
  9.35911257e-02  1.01309190e-01  8.93105641e-02 -5.60534470e-01
 -4.57111659e-02 -4.08447698e-01 -4.05991778e-01 -1.28144071e-01
 -4.03964169e-01  4.21974614e-01 -2.49335762e-01 -1.25510994e-01
 -2.29489654e-02  4.58228616e-02  1.07073924e-04  2.99657907e-01
  4.12080333e-01 -2.28306495e-01  8.08191430e-02  2.46672243e-01
  1.21558195e-01 -2.33304478e-01 -2.90078647e-01 -1.74665451e-03
  7.71131087e-02 -1.17334613e-01 -2.78736234e-01 -4.35166776e-01
 -2.08521374e-01 -8.62841625e-02 -1.70167308e-01 -2.69838620e-01
  3.80466685e-01 -3.00609380e-01  1.73216414e-01  3.58287105e-02
  2.07957286e-01  6.61800833e-03  9.89080481e-02 -2.47519545e-01
 -2.07507018e-01 -1.48786616e-01 -2.43085325e-01 -3.51318479e-01
 -3.06618061e-01  1.72384486e-01  2.50275180e-01  1.35488223e-01
 -1.50708710e-01 -1.68660171e-01 -2.85179913e-01 -9.03481822e-02
  1.72704144e-01  2.83492640e-01  8.79596882e-02 -2.19177123e-01
  5.65315383e-02 -4.20060441e-01 -1.48105968e-02  1.50844951e-02
 -1.96205277e-02 -6.90699935e-01  4.97196130e-02 -6.95602968e-02
  9.33956727e-03 -2.85930736e-02 -1.28921714e-01  1.32220607e-01
  2.01931517e-02 -1.03532756e-01  2.33068435e-01  1.28488239e-01
  1.59457823e-01 -1.42747238e-01  1.37474523e-01  1.49321925e-01
  3.96037675e-01  5.69699346e-02 -5.48438646e-01  6.21352764e-02
 -3.73531677e-01  4.07388590e-01 -2.74719357e-01  4.37509090e-01
 -2.02366542e-01 -2.32702564e-01  1.18658387e-02  1.61069531e-01
  8.54730494e-02  4.64965113e-01  2.04723088e-01  3.97311496e-02
  2.84562074e-01  5.40732325e-02 -2.18033645e-01 -7.92128202e-02
  2.68903956e-01 -4.37308997e-02  8.02484155e-02  6.86049640e-01
  1.59110788e-01 -5.53623199e-01 -4.64393176e-01  3.89353633e-01
 -1.40158314e-01  1.06349620e-01  1.35593960e-01  1.89751595e-01
  2.43530232e-01 -2.82962337e-01  2.50655923e-01  2.85721242e-01
  2.66108830e-02 -1.04567235e-01  8.26524142e-02  2.87906758e-01
 -4.95526008e-02  1.70926876e-01 -9.28936340e-02  7.05736680e-02
  3.46940704e-01 -2.87116595e-01  1.82912569e-01  3.49966548e-01
  1.72609083e-01 -4.76730712e-01  7.10222973e-02  6.72605872e-01
 -2.21571402e-02 -5.30649647e-02 -4.14704010e-01  2.97284368e-02
  2.88415179e-01 -2.86966175e-01  1.40941786e-02 -6.96478494e-01
  1.14351541e-01  2.20289947e-01 -3.97863712e-01 -1.23052786e-01
  3.27192191e-01  4.16386407e-02 -7.30206142e-02  1.27895880e-01
  2.07077753e-01 -7.88186137e-02 -5.26030972e-02 -1.93973191e-01
 -3.39014739e-01  1.62244905e-01 -2.67720304e-01 -5.20774730e-01
 -8.66012014e-02  1.62485424e-01 -4.27555209e-02  3.09829507e-03
 -9.81434565e-02 -7.93373019e-02 -4.09812119e-01 -1.05265506e-01
 -3.05548310e-04  4.65787925e-01 -5.68464054e-02 -8.15535216e-02
 -3.14154916e-01 -4.30697039e-01 -5.54227084e-01  5.35805630e-02
 -5.48741110e-01 -1.16324842e-01  2.82606468e-01  9.28546072e-02
 -4.40264171e-02 -1.72626169e-01 -1.07320119e-01  3.91766202e-01
 -2.92871051e-01 -1.78402551e-01  3.60058121e-01  1.11251542e-02
  5.13977129e-02 -2.25959383e-02 -6.00964591e-01  1.10954858e-01
  1.53600724e-01  3.74329779e-02  1.36290021e-01 -1.79623611e-01
  3.91399696e-01  3.01539987e-01  3.04320650e-02  1.88594993e-01
  2.05163434e-01 -6.64278343e-02  2.15018578e-01  3.20082959e-02
  2.02517696e-01 -3.84658156e-02  2.15172715e-01  1.78050967e-01
 -1.34321366e-01  3.55040594e-02  3.36547531e-01  5.92604719e-01
  1.23874772e-01 -2.13906903e-01 -9.20109935e-02 -3.94597091e-01
 -2.25427005e-01 -2.10759412e-01  9.05708112e-02 -9.60542373e-02
  1.45362251e-01 -1.22023650e-01  3.78613034e-02 -3.70171666e-03
 -1.11607842e-01  1.53356849e-01  2.54759796e-01 -6.50592726e-02
  4.79185916e-02 -3.01408179e-01 -1.86104879e-01  2.20584538e-01
  4.02295366e-01 -1.26778379e-01 -1.02195241e-01 -8.23165017e-02
 -2.63935402e-01  2.17392854e-01  1.32996488e-01  1.45033302e-01
  3.08466189e-01  4.82848063e-02  7.85980888e-02  2.23727904e-01
  3.61432835e-01 -1.25931855e-03 -3.16763204e-01  3.83848600e-01
 -1.07432297e-01  7.49421390e-02 -4.01619159e-01 -1.02883179e-01
  6.68271203e-02 -1.02215538e-01  2.36306924e-01  2.83642948e-01
  1.38531070e-01  1.19265718e-02  2.60891235e-02 -4.50192742e-01
  5.57910115e-01 -1.44560264e-01 -3.23217720e-01  3.10212180e-01
  1.40179371e-01 -1.48609006e-01 -9.24862213e-02 -1.25173448e-01
  4.81566556e-01  2.92638782e-04 -2.82793280e-01 -2.62000293e-01]


第6类： ['一端用电脑', '会议室也有电脑呀', '会议室用一个电脑参', '另外一台电脑', '只有电脑能直接开网页', '大城爱德电脑', '如果是电脑', '如果电脑的话', '录制到电脑', '必须电脑吗', '总部用电脑', '我现在就是电脑网页啊', '我用电脑进入会议室后', '我电脑是', '我电脑是', '我试试电脑', '所以是需要电脑客户端', '控制对方电脑', '是不是我用电脑', '有电脑安装版', '有电脑版嘛', '没有电脑的', '用电脑吧', '电脑上用的', '电脑上的', '电脑也有', '电脑也没有', '电脑只有网页版是吧', '电脑声音正常', '电脑安装版的', '电脑是可以', '电脑是笔记本', '电脑来的', '电脑没有吗', '电脑版吗', '电脑版呢', '电脑版没有客户端吗', '电脑版的', '电脑版的', '电脑版的', '电脑版的', '电脑用不了', '电脑用的', '电脑端似乎更新了', '电脑网页版接入有英文版吗', '自己的电脑', '还是使用电脑', '还要用电脑', '通过电脑吗', '那电脑呢']
语义向量：[-0.09065864 -0.15183526 -0.06293965 -0.02815084 -0.04491337  0.14799929
 -0.12668299  0.26685866  0.12897726  0.38757952 -0.04606509  0.07794496
  0.086901    0.26157268  0.37916528  0.05445451 -0.02832941 -0.13806565
 -0.10771019 -0.07936829  0.23025569  0.12664343 -0.17948155 -0.05617846
 -0.47971623  0.12935442 -0.00829049 -0.08870906 -0.21676566 -0.11060888
 -0.01571956 -0.10913811 -0.32950631  0.27669369  0.15334623 -0.00074147
  0.15561816  0.04738532 -0.07521402 -0.38028686  0.00941607 -0.13694583
 -0.32765106 -0.03715587 -0.25263327  0.13574291 -0.16299014 -0.09332516
  0.08980396  0.12089119 -0.01645088  0.13947393  0.18492636 -0.22561637
  0.05645745  0.34726874  0.02764196 -0.16632104 -0.19354493  0.11287106
  0.09212767 -0.24318541 -0.19840357 -0.30695196  0.00281406 -0.10666722
 -0.03065822 -0.25593924  0.27066754 -0.12098818  0.10759309  0.30081653
  0.28699971  0.17931748  0.12524088 -0.2516488  -0.12331088 -0.01062696
 -0.23065635 -0.15465837 -0.21294515  0.13735512  0.11305605  0.28140032
 -0.2379998  -0.02763338 -0.14021867 -0.10364732  0.01942715  0.19228366
  0.10459355  0.13514128 -0.05192888 -0.19062948 -0.07670238  0.00440011
 -0.14869522 -0.18023795 -0.06870688 -0.05802135  0.14816077  0.01783224
 -0.01585014  0.14142403 -0.00459698 -0.1665481   0.07299508  0.13067599
  0.16832793 -0.05009951  0.17689309  0.15670278  0.1441857   0.1048913
 -0.23199156  0.04219743 -0.17769537  0.14270977 -0.21843416  0.07869077
 -0.00406288 -0.01645918  0.01464709  0.16409558  0.03922485  0.0226506
  0.2015378   0.11113695  0.09525892  0.08220812 -0.0101293  -0.09072458
  0.18616279 -0.12959892  0.12680649  0.36560661 -0.02872637 -0.213607
 -0.39310021  0.18258572 -0.07431377 -0.04787793  0.08937678  0.20365984
  0.10206006 -0.1863772   0.10802367  0.12061278  0.11660214 -0.03034319
  0.10146662  0.07315202 -0.05358391  0.07204504  0.08114021  0.11249309
  0.01609514 -0.20218094  0.01692092  0.18519514  0.0154676  -0.24411292
  0.1299479   0.2109534  -0.05435764  0.06560561 -0.30291489  0.05264416
  0.1633606  -0.10655342  0.02163008 -0.17043246  0.11742351  0.03334877
 -0.13216249 -0.10404862  0.03511919  0.0851788  -0.08599126  0.12273069
  0.28438109 -0.04039047  0.05797708 -0.01247411 -0.23028203  0.17224222
  0.09468388 -0.24679705  0.06248923  0.28577531 -0.16097666 -0.10217143
 -0.19827603  0.02718577 -0.28780199 -0.06274737  0.11546091  0.20659765
 -0.02603266 -0.06637096 -0.26613417 -0.29059611 -0.36302394  0.00224716
 -0.40057163 -0.07370582 -0.01863912  0.20793433  0.01269385 -0.04048298
  0.08387101  0.09471561 -0.11927154 -0.07441224  0.08062155 -0.10192248
  0.02514223 -0.03650584 -0.32686569 -0.07973407  0.26069047  0.06044748
 -0.08208935 -0.16874291  0.29727755  0.06599494  0.06679313  0.10829235
  0.12112651  0.04304393  0.11878562  0.06812064  0.10130135  0.02281847
  0.13860569  0.12089715 -0.2257768   0.10660259  0.01371354  0.23109204
  0.19270647 -0.1769003  -0.03241605 -0.19910461 -0.22133641 -0.15615544
  0.04886457  0.00336749 -0.05628322 -0.00749162  0.0124761   0.04301425
 -0.11173331  0.16676093  0.04998644 -0.25753955  0.0505674   0.05861727
 -0.09627152  0.14287931  0.21773522 -0.17231623 -0.08826735 -0.03584197
 -0.12885419  0.16954619 -0.08393034  0.28108493  0.2412044   0.06002353
  0.10339528  0.08771526  0.23204754  0.05059075 -0.17368407  0.23332444
  0.01821339  0.18386659 -0.19903016 -0.14152628  0.11061639 -0.14984977
  0.03330678  0.09986291  0.04629764 -0.10276049 -0.08777416 -0.29343339
  0.35515399 -0.100779   -0.3125933   0.32891462  0.16312688 -0.20407297
 -0.05906325 -0.10121696  0.22399751  0.01223578 -0.09339978 -0.10116517]


第7类： ['可以操作远程电脑吗', '电脑上如何操作', '电脑上怎么操作', '电脑只能用网页操作吗', '电脑可以直接网页版操作', '电脑怎么操作', '电脑直接网页版操作就可以', '电脑直接网页版操作就可以', '电脑直接网页版操作就可以的', '电脑端直接网页版操作就可以的', '电脑网页版操作就可以', '远程操作其他同事电脑', '需要电脑分配操作是么']
语义向量：[ 0.03254076 -0.10542832 -0.20325344 -0.07593792 -0.03971229  0.12770705
 -0.26466676  0.33803344  0.17571593  0.32632908  0.07032348  0.11733931
  0.04764391  0.14685032  0.3365183   0.05022774  0.00143318 -0.17379648
 -0.02421856 -0.04242465  0.07300253  0.08386564 -0.06238287  0.0536284
 -0.39694027  0.24127531 -0.00616947 -0.0327134  -0.1879013  -0.18067347
  0.01869387 -0.01950316 -0.29210907  0.19396766  0.16982008 -0.02440605
 -0.04980324 -0.15216563  0.0776707  -0.34065231  0.05089392 -0.11098015
 -0.22091619  0.05660236 -0.27103653  0.239513   -0.27925059 -0.15411149
  0.18891068  0.09763786  0.13768234  0.16180229  0.39906065 -0.30362291
  0.14848667  0.25696416  0.03018857 -0.11144194 -0.23770146  0.13790147
  0.11381783 -0.20378715 -0.23097334 -0.19140434  0.03966749 -0.08427917
 -0.09727158 -0.43518817  0.17246122 -0.03507581 -0.03071407  0.43217971
  0.27581301  0.18755128 -0.01763252 -0.32108713 -0.08593732 -0.03114577
 -0.25894556 -0.2894583  -0.14604238  0.07055942  0.06814137  0.33990682
 -0.31803528  0.06590591 -0.23312041 -0.15223426  0.03852093  0.26807478
  0.11735464  0.21869298 -0.15284869 -0.1027694   0.07945469  0.03956214
 -0.20099263 -0.12446612 -0.19826354 -0.07794875  0.21458137  0.22183258
 -0.01333156  0.18506106 -0.10660347 -0.17528383  0.05810564  0.01870397
  0.17832739 -0.12377381  0.25319854  0.0879893   0.10129678  0.07056806
 -0.13753236  0.08002315 -0.10999531  0.06496294 -0.18947752  0.05053474
  0.08090851 -0.10005846 -0.02129286  0.02043757  0.07369953 -0.11632519
  0.13558109  0.24916548  0.0636689   0.13412002 -0.04411662 -0.06519057
  0.13649836 -0.09556085  0.16534989  0.30858901 -0.13200044 -0.16105103
 -0.35389346  0.25413393 -0.10915056 -0.03260043 -0.02320739  0.13528773
  0.25530567 -0.1528728  -0.00224306  0.01432974  0.12584314  0.00126921
 -0.07670806  0.24008588 -0.11803388  0.1284067   0.16565818  0.06240968
  0.05171689 -0.10442918  0.01299461  0.23867582 -0.0809528  -0.33768796
  0.17745713  0.14797842 -0.08864252  0.17318316 -0.38695448 -0.06253682
  0.17939817 -0.06172673 -0.04685013 -0.22977874  0.01824469  0.09906357
 -0.12835809  0.02582019 -0.04112283  0.16697866 -0.05720317  0.09929419
  0.25268241 -0.01499766 -0.02068751 -0.02976038 -0.19504466  0.05987936
  0.25556273 -0.31525777  0.02033245  0.24511675 -0.0712285  -0.20722664
 -0.11285355 -0.13816161 -0.26301672 -0.04710935  0.09254372  0.31388036
  0.00268122 -0.04408186 -0.24477852 -0.33065141 -0.3649737  -0.0464694
 -0.41273121  0.02911803 -0.14923044  0.37165948 -0.03075184 -0.02557599
  0.1546406   0.06892747 -0.08041246 -0.06663822 -0.01094415 -0.06859701
 -0.08367515 -0.0422914  -0.42492842 -0.15634615  0.51232331  0.06231843
 -0.05447741 -0.09551236  0.36118705  0.1239832   0.0405575   0.10023054
  0.07595342  0.31816546  0.16854044  0.02909104  0.170638    0.01482806
  0.15386636  0.15275581 -0.10838097  0.0598449  -0.05977487  0.25470543
  0.11079592 -0.09582977  0.02708615 -0.24864794 -0.23015724  0.04248662
  0.09970785 -0.0196167  -0.16839851  0.02840542 -0.02690613 -0.10363969
 -0.10590927  0.1748538   0.01735334 -0.31991019  0.03080944  0.0950117
 -0.02739787  0.12040732  0.34574979 -0.2059862  -0.1885374  -0.11117957
 -0.21240445  0.12099238 -0.14884711  0.26973771  0.28443929  0.06738134
  0.15907874  0.10201795  0.29532023  0.17269827 -0.30313008  0.06764284
 -0.09468616  0.37050119 -0.11019327 -0.09603964  0.0554068  -0.18024151
 -0.03433241  0.16547833  0.01935843 -0.1556397  -0.13732722 -0.22964068
  0.36317879 -0.11108534 -0.40384142  0.24003556  0.25880151 -0.34210756
 -0.00615639 -0.06474603  0.16616303  0.00339992 -0.00945603 -0.17708733]


第8类： ['一般电脑不自带麦克风对吧', '为什么我的电脑一直登不进去', '也就是一个工位一台电脑是吧', '也换了几台电脑也不行', '企业使用的话只需要一台联网的电脑就可以了', '会议室中的每个人都要携带电脑吗', '但是她的电脑属于进不去桌面的状态', '但是我的电脑上只能看到我自己', '但是用在自己的电脑上效果不好', '你们这个是必须要有一方使用电脑吗', '你说电脑不可以用吗', '像我的电脑这样插上网线', '其实我们的目的就是想让对方通过一台能上互联网的电脑或其他终端输入某个', '办公室一台赛扬双核的小电脑', '办公的台式电脑没有摄像头哦', '另外如果我医院内网电脑跟外网之间交流的话', '只需要跟电脑兼容就好', '可我电脑不是得首先要有一个客户端吗', '台式电脑是否需要配麦克风和摄像头', '因为我们是做电脑和安防的', '因为我要看一下如果我的电脑可以用', '在电脑上我是到时候直接点进去就可以吧', '基本的上就是可以用电脑', '如果我的电脑用户没有管理员权限', '对方可以查阅我的电脑上的文档么', '对电脑操作系统等有要求吗', '就是业务人员每人一台电脑是吧', '就是对方也能看到我电脑上的东西是吧', '就是正常微信聊天和电脑聊天工具聊天', '就是球给我的时候我电脑就蓝屏', '已经换了好几台电脑了', '希望办事处的同事能通过电脑', '录制的东西可以以视频文件保存在电脑随时打开吗', '想问一下我现在公司的电脑不让使用', '我不知道电脑端该怎么进去', '我们很多的人都是这种电脑', '我们的音频视频输入输出都是在电脑端的是吧', '我们都是一个电脑连着投影仪', '我去被邀请人电脑上查看邮件', '我只是想看看公司电脑可以用么', '我在没有思科的电脑端的情况下', '我想知道如果远程控制对方的电脑', '我想问一下你们这个怎么控制别人的电脑', '我理解的是事先在电脑端建一个房间', '我电脑上是不是也要下个', '我电脑的音频是有用的', '我说话的时候电脑会有信号波的动画', '我通过电脑别人听不见我声音', '是终端必须是要在电脑上或者电话机吗', '有没有可以装到电脑上的', '有这个电脑版的应用吗', '本来我们的电脑上都有', '然后和电脑就没关系了的感觉么', '电脑一般直接起会或者入会', '电脑上浏览球是没有问题的是吧', '电脑也是可以使用的对吧', '电脑只要有摄像头就可以吗', '电脑版的安装包麻烦发一个', '电脑用的话我需要配扬声器吗', '电脑的话有操作系统的限制吗', '电脑耳麦就可以了是吧', '直接把电脑接到电视上就可以吗', '直接用电脑登录坐席基于可以打了是吗', '请问在台式电脑上怎能使用', '请问这个在电脑上可以用吗', '还是可以直接在电脑上使用', '还是在电脑开会介面有拔打的程序', '这个不用电脑装东西的吧', '这个主语言是要改电脑那个', '这程序在电脑上可以打开吗', '那个分屏最多可以显示多少台电脑', '那为啥我的电脑能打开', '那就是本地要提供网络电脑等啦', '那我电脑中的资料怎么分享', '那是在电脑上拨打出去的吗', '那电脑上有快速进入的方法吗', '那需要我把电脑麦克风打开吧']
语义向量：[-0.03789999 -0.05630801 -0.02330393 -0.00910389 -0.02178626  0.05663888
 -0.04370841  0.09916851  0.04692653  0.14714322 -0.01649515  0.02810458
  0.03166209  0.0998428   0.14391299  0.0184782  -0.01127338 -0.05363189
 -0.04087887 -0.03240413  0.08889385  0.04788477 -0.06918846 -0.02474246
 -0.18481856  0.04985232 -0.00475813 -0.03824928 -0.0836299  -0.04020949
 -0.01048389 -0.04207335 -0.12975803  0.10532265  0.05577884 -0.00343489
  0.06286356  0.01777785 -0.02367435 -0.14630933  0.00151074 -0.05472252
 -0.12477577 -0.0131213  -0.09555454  0.05030845 -0.06180359 -0.03624505
  0.03175788  0.0468762  -0.007447    0.0523536   0.06909719 -0.08903407
  0.02076357  0.13505793  0.01326798 -0.0665501  -0.0741593   0.03832123
  0.03616466 -0.08928397 -0.07607148 -0.11983528 -0.00154427 -0.04241246
 -0.01218165 -0.09871593  0.10029417 -0.05174101  0.04351495  0.11528669
  0.10973337  0.06682496  0.04741848 -0.09856947 -0.04627078  0.00063611
 -0.08716001 -0.05685724 -0.08286916  0.0494272   0.04619218  0.10269772
 -0.09085646 -0.00953716 -0.05066719 -0.03623868  0.00567952  0.07230064
  0.04096377  0.04611526 -0.02397057 -0.07647073 -0.03048327  0.00045512
 -0.05639468 -0.06919939 -0.02486481 -0.02008722  0.05704299  0.00291149
 -0.00755002  0.0559082  -0.00079256 -0.06154926  0.02743123  0.05328577
  0.06567633 -0.0168491   0.06344264  0.0589202   0.05239561  0.04017601
 -0.08677562  0.01608846 -0.06750251  0.0572328  -0.08612922  0.03186095
 -0.00499467 -0.00922483  0.00781714  0.0635675   0.01565965  0.00804802
  0.07648221  0.03860646  0.03838679  0.0345475  -0.00239235 -0.03554383
  0.07385146 -0.04717964  0.04896239  0.14203292 -0.00599829 -0.08355698
 -0.14986996  0.06279624 -0.03113623 -0.01969955  0.03347903  0.07615502
  0.04292697 -0.07261086  0.03890661  0.05060437  0.04790291 -0.01222092
  0.04024153  0.0223521  -0.02284604  0.02616698  0.03044454  0.04602708
  0.00909033 -0.0798565   0.0079023   0.07184986  0.01224713 -0.09118724
  0.05043786  0.08653085 -0.02206055  0.0232553  -0.11843545  0.02312733
  0.06088093 -0.0412797   0.00848716 -0.06566985  0.04481271  0.01359298
 -0.04933214 -0.03892105  0.01060157  0.03072039 -0.03087418  0.04731202
  0.11117225 -0.01352839  0.02364738 -0.00111783 -0.08572571  0.06614085
  0.03310032 -0.09471115  0.02211298  0.10876835 -0.06494246 -0.04061097
 -0.07289712  0.01239444 -0.1109065  -0.02386729  0.04100826  0.07995739
 -0.0143001  -0.02442086 -0.10405246 -0.10874712 -0.13697738  0.0015093
 -0.15224477 -0.02769811 -0.00645993  0.07743173  0.00680009 -0.01538555
  0.03301375  0.03323339 -0.04692697 -0.03001469  0.03426491 -0.04004795
  0.0100368  -0.01229407 -0.12247421 -0.03062134  0.09830681  0.0256007
 -0.03009846 -0.06305688  0.11065099  0.02658266  0.02707021  0.04210927
  0.0451019   0.01314859  0.04117328  0.02256831  0.03745347  0.00792401
  0.05324613  0.04814593 -0.0887586   0.03791661  0.00448205  0.08569583
  0.07678616 -0.07050071 -0.01251218 -0.0770927  -0.08237838 -0.06352606
  0.01606215  0.0047759  -0.01813487 -0.00435582  0.00439132  0.01653286
 -0.04498705  0.06430454  0.01784475 -0.09973587  0.02046507  0.01902465
 -0.03944312  0.05400334  0.08167575 -0.06437738 -0.03048569 -0.01548614
 -0.04860601  0.06628223 -0.03086601  0.10876313  0.09242194  0.02234689
  0.03738398  0.03045407  0.08573921  0.01617449 -0.06447252  0.09034652
  0.01056888  0.06899295 -0.0732357  -0.05399661  0.04180244 -0.05633733
  0.01322252  0.03869348  0.01634864 -0.04202136 -0.03092663 -0.11270432
  0.13569481 -0.04076221 -0.11784764  0.12298149  0.0597919  -0.07589332
 -0.02069266 -0.03969855  0.08688134  0.00454958 -0.03713474 -0.03826934]


第9类： ['在电脑端', '有没有电脑客户端', '没有电脑客户端', '电脑客户端', '电脑没有客户端', '电脑端怎么参会', '电脑端还是客户端', '请问电脑端']
语义向量：[-1.88837105e-01 -2.97668410e-01 -5.21027609e-02 -8.20210138e-02
  2.43329538e-02  3.40823900e-01 -2.46621905e-01  3.80198251e-01
  2.14091098e-01  6.52815551e-01 -6.88421507e-02  2.92218473e-01
 -7.32953567e-03  3.84714551e-01  6.88314494e-01  1.80765679e-01
 -8.37104246e-02 -2.07600355e-01 -1.69370398e-01 -1.90087976e-01
  2.26667551e-01  2.75064386e-01 -2.45064501e-01 -2.48555038e-02
 -8.77975546e-01  2.49525104e-01  4.64011109e-02 -9.07356255e-02
 -2.20704662e-01 -1.04962851e-01  4.85177941e-02 -1.78445634e-01
 -5.34493130e-01  4.81110413e-01  1.49916818e-01 -4.04452144e-02
  1.68117842e-01  2.98486203e-02 -1.85076492e-01 -5.76740231e-01
 -8.28159647e-03 -1.44366692e-01 -5.90478204e-01 -6.93676411e-02
 -4.97223560e-01  2.71654157e-01 -2.80076303e-01 -1.86144590e-01
  1.27403735e-01  2.63566611e-01  6.74557337e-03  2.43789004e-01
  3.30699589e-01 -2.66187472e-01  3.28317560e-02  4.89292346e-01
  1.02009962e-03 -2.59595830e-01 -3.15700121e-01  2.47068895e-01
  2.08388541e-01 -3.60613044e-01 -3.25122351e-01 -4.83443912e-01
  6.48202596e-03 -7.47246044e-02 -6.73357515e-02 -4.34337966e-01
  4.91961788e-01 -1.68194637e-01  7.85361836e-02  6.18944667e-01
  4.38443001e-01  3.53107931e-01  2.74763841e-01 -5.25948901e-01
 -1.94209134e-01 -6.93858447e-02 -3.78156837e-01 -3.34614795e-01
 -3.45217247e-01  1.74986498e-01  2.76744198e-01  4.76915009e-01
 -4.14455552e-01 -9.51680928e-02 -3.59798670e-01 -1.68794584e-01
  1.55729493e-01  3.39363944e-01  1.50973069e-01  1.99427633e-01
 -2.74735561e-03 -2.51282778e-01 -6.97794501e-02  1.43712573e-02
 -1.79297963e-01 -3.48977419e-01 -5.46744182e-02 -1.16905732e-01
  1.76860096e-01 -3.80835240e-03 -3.36349912e-02  2.55339243e-01
  1.53036497e-02 -2.80081455e-01  1.32596770e-01  1.06499474e-01
  2.75674418e-01 -1.23647574e-01  3.03130869e-01  1.84380243e-01
  3.20871297e-01  1.20827302e-01 -4.86514002e-01  2.31513121e-02
 -3.12917620e-01  3.45597614e-01 -4.55083083e-01  1.54145170e-01
  2.43938644e-03 -1.91876824e-01 -3.00748800e-02  3.09418272e-01
  9.17396359e-02  1.57379901e-01  2.61071900e-01  2.12001685e-01
  1.24501538e-01  2.58841516e-01  6.02225757e-02 -1.46140400e-01
  3.62392377e-01 -1.82686906e-01  2.64522357e-01  6.44689709e-01
 -8.65596295e-02 -3.92424367e-01 -5.52125428e-01  2.32686989e-01
 -1.20686559e-01 -3.64328122e-02  2.29124798e-01  3.37517761e-01
  2.48464484e-01 -3.41135036e-01  2.01439917e-01  5.56230852e-02
  9.79547980e-02 -3.98059897e-02  8.96524736e-02  2.34854331e-01
 -4.01068064e-02  2.11234251e-01  1.76197033e-01  1.03137364e-01
  2.75507717e-02 -3.57239865e-01  1.64685784e-02  4.01761990e-01
  1.65383598e-01 -5.13691451e-01  3.44412537e-01  4.58364692e-01
 -1.48951543e-01  1.77082031e-01 -5.63480951e-01 -1.10480971e-02
  3.45473859e-01 -3.01399980e-01  8.73690222e-02 -2.44941788e-01
  1.85462620e-01  1.19971352e-01 -1.65075749e-01 -1.88353216e-01
  1.51477263e-01  2.17239419e-01 -1.01394740e-01  3.04773629e-01
  4.89610150e-01 -1.60249614e-02  3.44345705e-02 -4.30197688e-02
 -4.02971193e-01  3.39218954e-01  1.10782719e-01 -3.97916317e-01
  1.79567604e-01  4.13981728e-01 -1.87241431e-01 -1.04436683e-01
 -3.59918434e-01  1.71241844e-02 -5.23482259e-01 -1.07570252e-01
  1.23620356e-01  4.09830458e-01  5.44332904e-02 -8.25332678e-02
 -4.55538478e-01 -4.84015923e-01 -6.19441152e-01 -6.04728237e-04
 -6.84756145e-01 -8.50105481e-02  4.23662881e-02  3.68716855e-01
  5.79530165e-02 -1.20399283e-01  1.77207621e-01  3.02317210e-01
 -2.02970283e-01 -9.68441890e-02  7.80531315e-02 -1.61306950e-01
  1.41428849e-01 -6.86329645e-02 -5.87161202e-01 -1.62892044e-01
  4.85807206e-01  6.55231914e-02 -3.55719901e-02 -3.41094874e-01
  5.15763905e-01  4.28997888e-02  1.64433802e-02  2.21970683e-01
  2.46083351e-01  5.83113073e-02  2.96533633e-01  1.65816527e-01
  2.62418857e-01  1.40207865e-01  2.56470103e-01  1.11384700e-01
 -3.30831423e-01  2.06787279e-01  5.73158571e-02  5.88053156e-01
  2.39163848e-01 -2.25307290e-01 -1.72569346e-01 -2.54902026e-01
 -4.20462962e-01 -2.02471955e-01  1.60978823e-01 -2.52518507e-02
 -4.37999754e-02  1.40455109e-02 -1.84918288e-02  5.62300626e-03
 -1.54356449e-01  2.44968357e-01  9.67592029e-02 -3.03233409e-01
  1.33608547e-01  1.00857096e-01 -1.48960934e-01  2.29439730e-01
  3.60016691e-01 -3.02138409e-01 -1.71031240e-01 -8.68005338e-02
 -2.45259104e-01  1.85343088e-01 -1.12134579e-01  3.95187661e-01
  4.71472111e-01  1.11125722e-01  1.01474728e-01  2.25428011e-01
  4.59022216e-01  1.06949981e-01 -3.04666018e-01  3.31343282e-01
  3.25843473e-02  4.52530496e-01 -2.02543322e-01 -2.25969055e-01
  2.56727584e-01 -3.37093778e-01 -1.77153419e-02  1.91597302e-01
  1.33666543e-01 -1.48415197e-01 -1.46880763e-01 -3.78518188e-01
  6.79309778e-01 -1.05067003e-01 -5.20680737e-01  5.92077188e-01
  1.95706356e-01 -3.35512245e-01 -1.72142960e-01 -1.26216696e-01
  4.89091404e-01  3.61877637e-02 -1.03957633e-01 -2.80924276e-01]


第10类： ['如果会议室接入和电脑接入两种方式可以吗', '就是用电脑首次加入', '我想电脑加入', '电脑上是可以加入的', '电脑上的远程链接桌面', '请问试用版最多几个电脑加入', '远程连接到客户的电脑进行操作', '需要学生自己通过电脑加入吗']
语义向量：[-0.12697912 -0.07606264 -0.04046942 -0.07783574 -0.10699819  0.1288004
 -0.07636972  0.21953162  0.00808203  0.22637182 -0.01634442  0.17294444
 -0.03639241  0.0818566   0.27557142  0.10624076 -0.02537752 -0.16101584
  0.04785457 -0.08342275  0.1570218   0.09832321 -0.16791061 -0.05075887
 -0.37733479  0.14015146 -0.11231218 -0.06860062 -0.1695531  -0.06142594
  0.00306451 -0.01055412 -0.38509357  0.25347677  0.15538416 -0.01655036
  0.05131441 -0.0250682   0.0524816  -0.24441702 -0.07357077 -0.11284726
 -0.26201599 -0.03133113 -0.18252154  0.1571929  -0.21860409 -0.13189378
 -0.0882945   0.10666575  0.09557098  0.08533805  0.23065336 -0.19380159
  0.00651881  0.20365881  0.03550536 -0.16120677 -0.15305222  0.00114111
  0.09218528 -0.09510017 -0.19228253 -0.21118842 -0.02781871 -0.03968906
 -0.01412156 -0.23698534  0.16164838 -0.152699    0.11211696  0.31971792
  0.22649612  0.07911045  0.09351444 -0.14282992 -0.07604501 -0.08175561
 -0.24662626 -0.13538124 -0.11510599 -0.03177309  0.0811703   0.24210304
 -0.26787893 -0.01909463 -0.18228895  0.02876602 -0.00416622  0.11531092
 -0.04357662  0.02311568 -0.17621119 -0.14946295 -0.0826395  -0.05519733
 -0.15988859 -0.2314578  -0.07877789  0.02024834  0.07490196  0.06431101
 -0.08290373  0.10377057  0.01326014 -0.07069228  0.06925668  0.0563058
  0.13029153 -0.12594446  0.12340078  0.12169157  0.12924759  0.03902767
 -0.26145115  0.0843336  -0.11511977  0.19322661 -0.12993486  0.11095838
 -0.08686154 -0.13587455  0.08827732  0.05762739  0.0311246   0.0733546
  0.13523932  0.00304728  0.11582713  0.10211686 -0.01892946 -0.03405107
  0.23273209  0.00555826  0.13689332  0.31728048 -0.02909294 -0.2126455
 -0.26647279  0.09681465 -0.15115741  0.01659103  0.01485765  0.05630078
  0.23075369 -0.18407195  0.12657713  0.06820301  0.02620431 -0.05287447
 -0.05721568  0.1300309  -0.08695953  0.09010101 -0.00168122  0.15262428
  0.10495754 -0.13204376  0.03976791  0.16426395  0.12180593 -0.21875942
  0.09807612  0.2918177  -0.01738531  0.01687524 -0.34139087  0.06275095
  0.12239972 -0.14038758  0.00477403 -0.17275865 -0.00160323  0.09774483
 -0.05491442 -0.04396736  0.05527433  0.03502876 -0.00063105  0.08261745
  0.21418165 -0.03761821  0.01667787  0.03899853 -0.12268667  0.07613198
 -0.02218494 -0.21076957 -0.01812824  0.08383914 -0.14858038 -0.03139446
 -0.08782224 -0.00785129 -0.17566843 -0.03606771  0.02243836  0.27308296
 -0.11772441 -0.09470156 -0.18217116 -0.24464392 -0.2556025   0.02172687
 -0.28559975  0.00190958  0.0314072   0.12928692 -0.08658811 -0.13429455
  0.03523176  0.09164007 -0.06628619 -0.03737371  0.09119005 -0.06733553
  0.03498874  0.03391749 -0.31470228 -0.06952961  0.24180663  0.14457569
  0.06439857 -0.12752519  0.23612681  0.09961939  0.01607594  0.17617647
  0.12978085  0.05071565  0.15178313 -0.06645038  0.15014451  0.07534954
  0.14441363  0.10985523 -0.16806586  0.08623765  0.04717725  0.15553231
  0.11447464 -0.17531567 -0.02681221 -0.1765061  -0.15163641 -0.09602426
  0.05055689 -0.03353849  0.02186352 -0.01546929 -0.03246476 -0.04635282
 -0.06110515  0.13151851  0.13918232 -0.1794885   0.03796961 -0.06025393
 -0.15271561  0.13753092  0.28985283 -0.11504111 -0.06510312 -0.02504748
 -0.13324039  0.0925719   0.05258173  0.1984906   0.1469071   0.04233879
  0.00574083  0.10292082  0.1670247   0.03249043 -0.17802054  0.14485178
 -0.06779989  0.10732703 -0.10486244 -0.03524564  0.13242594  0.00107865
  0.01866187  0.1356182   0.08701439 -0.14469183  0.00205634 -0.18605033
  0.35956553 -0.09575325 -0.21557715  0.14836328  0.06968631 -0.14418655
 -0.05067969 -0.07459345  0.26424203  0.0394914  -0.06902159 -0.17371442]


第11类： ['不能直接电脑输入音频么', '你直接连接电脑吗', '和电脑链接就可以了', '在一台电脑上登录提示', '在电脑里直接点击链接', '意思是用电脑的话网页可以登录用', '我电脑上连接两个摄像头', '摄像头连接到电脑上', '是电脑现在客户端的形式登录吗', '电脑上怎么登陆', '电脑上有客户端可以让用户登录么', '电脑上的远程桌面链接', '电脑上这个插件装不上', '电脑又不能打电话', '电脑版的登陆不了', '电脑用户是直接登录', '电脑需要安装什么插件吗', '请问一下电脑客户端的链接也是上面的', '还有电脑连接的话']
语义向量：[-0.17664255 -0.12522668 -0.11043641 -0.04007319 -0.05751736  0.15599135
 -0.12152625  0.2890181   0.04672191  0.31842378  0.0304872   0.13502553
  0.01822469  0.14730177  0.35703363  0.10568638  0.03020022 -0.07778403
  0.04853704 -0.10307658  0.12250409  0.09107632 -0.09876392  0.02265636
 -0.38264726  0.14543027 -0.11262732 -0.06268563 -0.2428627  -0.10964744
 -0.00800952  0.03215005 -0.29250432  0.24741951  0.1499331  -0.0095998
  0.10176523  0.01059703 -0.04945539 -0.25691112 -0.02066716 -0.06930826
 -0.2911377   0.01830781 -0.21394366  0.09726285 -0.14914365 -0.10289187
  0.0105508   0.08787841  0.12260528  0.06348561  0.18053428 -0.25154202
  0.07185394  0.3138738   0.03514836 -0.2079608  -0.18015815  0.07227002
  0.13413133 -0.18875091 -0.20627568 -0.26583297  0.02124308 -0.06134272
 -0.06104898 -0.22100056  0.19863932 -0.09407717  0.06815703  0.43515887
  0.21907627  0.13711842  0.15529076 -0.16464541 -0.06185966 -0.04654651
 -0.24209009 -0.128277   -0.08190358  0.02085897  0.09687855  0.29640168
 -0.32254264  0.01993406 -0.1680517  -0.02901175  0.01048924  0.14356141
 -0.01709474  0.12602411 -0.11999288 -0.08261935 -0.00057838 -0.04545367
 -0.17745296 -0.10719774 -0.11892528  0.00285793  0.13947184  0.05477389
 -0.05214096  0.14315896 -0.01369927 -0.15678625  0.06799302  0.08728628
  0.14615833 -0.07321239  0.17311609  0.1134484   0.11598118  0.07328135
 -0.2482754   0.00430116 -0.12940445  0.13076629 -0.10956756  0.00710683
 -0.00374338 -0.07374745  0.14233934  0.11623619 -0.00407161  0.0310445
  0.21042307  0.07564645  0.04505841  0.08219783  0.03289923 -0.07847993
  0.1830295  -0.03937454  0.16554778  0.28243955 -0.06051613 -0.12476368
 -0.30944924  0.09959532 -0.10002561 -0.00766027  0.06176185  0.14640377
  0.15081498 -0.20408414  0.13100638  0.02131177  0.07694094 -0.03995029
 -0.0093938   0.09365617 -0.082141    0.07900272  0.08274455  0.14437411
  0.0335023  -0.17053332 -0.01374791  0.20362837  0.07936139 -0.25136526
  0.14291968  0.20807796 -0.05937882  0.05595052 -0.34799719  0.064473
  0.09399715 -0.08314072  0.06190013 -0.09731724  0.04765498  0.00587945
  0.00221523 -0.01935579 -0.0040454   0.05105808 -0.09380731  0.11761083
  0.25632828  0.01601216 -0.02122847  0.05619235 -0.1861635   0.09683757
  0.12318681 -0.18069592  0.05467527  0.23785542 -0.15814012 -0.09403943
 -0.16739285  0.00084128 -0.15517666 -0.01673283  0.02012462  0.16919641
 -0.05670381 -0.0492282  -0.23868081 -0.24038869 -0.26024902 -0.03405249
 -0.32689757  0.00376121 -0.01045044  0.16990188 -0.04636499 -0.07011298
  0.09601751  0.07035656 -0.08195937 -0.00408181 -0.00361903 -0.07938117
  0.01819338 -0.02014526 -0.21732406 -0.11220429  0.31896304  0.13808237
 -0.01148299 -0.13487081  0.23224238  0.03875996  0.0407868   0.14026996
  0.15352341  0.14470966  0.12961009 -0.01258116  0.12115914  0.0618372
  0.12407486  0.11890047 -0.17160192  0.08703372 -0.05436926  0.13935954
  0.12581972 -0.11621635 -0.0415241  -0.14019445 -0.21580423 -0.09964095
  0.04479829  0.00299483 -0.05734796 -0.03354575 -0.04887655 -0.06013092
 -0.08122543  0.1285471   0.07868519 -0.22305255  0.05767956  0.06520324
 -0.14794029  0.13009391  0.215708   -0.17861967 -0.11106445  0.0061478
 -0.09649376  0.12700093 -0.04025123  0.29040375  0.25560386  0.09058668
  0.07808759  0.07112869  0.19471923  0.06221605 -0.14248137  0.10393041
 -0.01854332  0.20162519 -0.05422171 -0.03779408  0.14992748 -0.10221444
 -0.0301755   0.10751817  0.06282912 -0.14391084 -0.08653686 -0.15866184
  0.33802251 -0.17116824 -0.20196893  0.1909564   0.08753875 -0.12506893
 -0.02881064 -0.08867773  0.19977772  0.09241372 -0.05185694 -0.18228067]


第12类： ['一个电脑端站点多少钱', '是不是没有电脑客户端', '有电脑客户端吗', '有电脑客户端吗', '有电脑端吗', '电脑上的客户端', '电脑不需要客户端', '电脑客户端有没', '电脑客户端有没', '电脑有客户端么', '电脑有客户端吗', '电脑有客户端吗', '电脑端可以吗', '电脑端怎么使用', '电脑端没有客户端吗', '电脑端连哪个', '这个有电脑客户端']
语义向量：[-0.13741992 -0.22652783 -0.04608361 -0.05789447  0.01373117  0.23290512
 -0.1787635   0.29092485  0.1403525   0.46445619 -0.04281716  0.19777923
 -0.00392967  0.28819521  0.50457788  0.12611089 -0.06835663 -0.14951763
 -0.13995285 -0.12662506  0.16946732  0.20054026 -0.19176465 -0.019419
 -0.62617056  0.18289989  0.03448642 -0.08212861 -0.17567534 -0.07660887
  0.02303677 -0.11308703 -0.37020609  0.33254295  0.09585326 -0.04188882
  0.12931495  0.02919916 -0.13385688 -0.40863429 -0.00271666 -0.11030895
 -0.42251182 -0.04447822 -0.33410958  0.18532251 -0.1956466  -0.13558967
  0.08665659  0.19285769 -0.00651263  0.18740784  0.21842243 -0.19594208
  0.00965034  0.36059745  0.00122515 -0.18037355 -0.21631788  0.16434756
  0.12906244 -0.24604287 -0.23234513 -0.36563934  0.01376704 -0.06694706
 -0.03442933 -0.3058703   0.34159461 -0.12307426  0.06074496  0.44762616
  0.3047322   0.2755188   0.21213687 -0.36721449 -0.13816651 -0.02386708
 -0.27305881 -0.23741537 -0.23671054  0.14195313  0.20530204  0.32128268
 -0.29065104 -0.05652081 -0.22909686 -0.1169145   0.10637946  0.22683902
  0.11025776  0.1486385  -0.00764774 -0.18406919 -0.05001876  0.00128609
 -0.13711504 -0.21951456 -0.04960849 -0.06998496  0.12498663 -0.00597625
 -0.02366529  0.19555927  0.01568959 -0.19579259  0.07914268  0.08410726
  0.19567713 -0.07480091  0.22318606  0.12452658  0.20311403  0.10440971
 -0.34079477  0.01036363 -0.21867481  0.22512767 -0.32103719  0.09875799
  0.00116521 -0.10743741 -0.01361844  0.2165406   0.05877856  0.09709013
  0.18077058  0.14100492  0.08645701  0.18553691  0.05174935 -0.10200645
  0.25896549 -0.14392721  0.19232149  0.45170671 -0.05803957 -0.28313097
 -0.39813096  0.16746945 -0.08355537 -0.03979292  0.16564856  0.248935
  0.17069167 -0.24225183  0.14003733  0.05102887  0.09065208 -0.0218943
  0.06348459  0.15667733 -0.03229064  0.13267649  0.13312602  0.07953329
 -0.00828601 -0.24967524  0.01052197  0.28108088  0.12323148 -0.35883731
  0.25057376  0.31090214 -0.1135074   0.14000544 -0.41384605  0.00730494
  0.23424593 -0.21390498  0.0483391  -0.16103788  0.14084012  0.07561195
 -0.10924661 -0.14820687  0.0857723   0.15446262 -0.07891405  0.2145141
  0.37042464  0.00317809  0.0383236  -0.02055889 -0.28024396  0.26501515
  0.08348228 -0.26578992  0.10689349  0.29414644 -0.13952089 -0.06663298
 -0.26131653  0.01273642 -0.37692433 -0.08049949  0.09657076  0.26664272
  0.04637293 -0.06747722 -0.33626589 -0.33071741 -0.42333029 -0.00546651
 -0.48657404 -0.07335769  0.01965771  0.26023002  0.05590797 -0.07298648
  0.13044446  0.20682049 -0.13786791 -0.08326436  0.04556062 -0.13095453
  0.10848793 -0.05456535 -0.40548457 -0.11429572  0.33363684  0.04189666
 -0.03045197 -0.23688718  0.35423851  0.02610958  0.0210402   0.14537805
  0.16769178  0.04641918  0.19398768  0.11537066  0.16794474  0.12239189
  0.19222646  0.06427174 -0.25486342  0.16259101  0.02696562  0.39893364
  0.17437218 -0.17118158 -0.11411261 -0.17442652 -0.28877107 -0.15517836
  0.11057952 -0.01010397 -0.03051277  0.02123449 -0.01514441  0.01369209
 -0.11789492  0.17896548  0.06205356 -0.21942256  0.07914453  0.07834581
 -0.10070604  0.1520637   0.26650953 -0.21845207 -0.11466667 -0.06730375
 -0.15624023  0.12766172 -0.0866327   0.29553056  0.32419739  0.06377525
  0.07891451  0.1426596   0.31822809  0.06518713 -0.22141131  0.23133263
  0.0472596   0.31301974 -0.13220881 -0.17044166  0.18079822 -0.22840092
 -0.01818903  0.12044098  0.10105076 -0.11870509 -0.10420769 -0.28015523
  0.47724287 -0.06719176 -0.36596851  0.43329834  0.13112778 -0.25098005
 -0.11452013 -0.08519557  0.33040416  0.01495405 -0.08741003 -0.17729566]


第13类： ['电脑对网络']
语义向量：[-5.10108136e-02 -8.55997577e-02 -4.63117957e-02 -3.43986563e-02
 -2.21165538e-01  1.32982805e-01 -1.06488548e-01  1.86223090e-01
  1.47536352e-01  3.35479647e-01 -2.35639024e-03  1.70553625e-01
  1.06685318e-01  2.33079866e-01  3.69975328e-01  7.90655985e-02
 -2.26849675e-01 -1.93510249e-01 -2.14765742e-01 -1.89333126e-01
  2.08032414e-01  2.37581328e-01 -4.72964555e-01 -1.32992312e-01
 -7.99850225e-01  2.41231382e-01 -4.43104170e-02 -2.49600217e-01
 -2.16927290e-01 -1.12055294e-01 -2.21345767e-01 -3.13532919e-01
 -7.94826686e-01  3.17492992e-01  1.82707503e-01 -5.07795028e-02
  2.77027398e-01 -1.11348987e-01  1.06351949e-01 -3.48500162e-01
 -2.11149171e-01 -2.44525075e-01 -4.95873898e-01  3.22753638e-02
 -3.39085460e-01  2.54130006e-01 -4.11242276e-01 -1.62481621e-01
  3.22796591e-02  2.17461750e-01 -1.57248124e-01  2.97563225e-01
  3.61301154e-01 -2.74342835e-01 -1.44332036e-01  3.93952608e-01
  4.45610695e-02 -2.86363333e-01 -2.65664130e-01  3.83313489e-03
  2.02579737e-01 -5.39476089e-02 -3.22889030e-01 -5.03644049e-01
 -6.86749117e-03 -1.70572504e-01 -5.13652200e-03 -4.54039454e-01
  2.22385049e-01 -4.27881807e-01  1.98098347e-01  3.58484745e-01
  4.22351927e-01  2.83719927e-01  1.38509423e-01 -3.70596737e-01
 -1.65680066e-01  1.22475892e-01 -3.15701813e-01 -2.34374240e-01
 -4.63435292e-01  1.49690256e-01  1.81352183e-01  3.47067982e-01
 -2.37790704e-01 -6.39323443e-02 -1.15471482e-02 -2.90720109e-02
 -1.75816968e-01  2.54008949e-01  5.27716428e-02  1.83710456e-03
 -1.72825500e-01 -4.59459335e-01 -2.64374077e-01 -1.27217054e-01
 -1.42310336e-01 -2.61242568e-01  2.92672217e-03  6.98790029e-02
  1.60008773e-01 -7.10087493e-02 -6.07064366e-02  2.69518763e-01
  8.29959437e-02 -1.10601030e-01 -6.07427917e-02  2.04631999e-01
  2.09256053e-01 -2.49517977e-01  9.12098214e-02  2.01084062e-01
  1.94576904e-01  2.46911108e-01 -1.89930215e-01  2.43059084e-01
 -1.27752885e-01  2.48501912e-01 -5.26892960e-01  2.13730335e-01
 -2.12225001e-02 -1.61069378e-01 -1.43521771e-01  1.57609925e-01
  2.33643785e-01 -2.46836338e-02  2.26080105e-01  4.68785055e-02
  2.95477182e-01  2.91543245e-01  5.61551237e-03 -1.32678270e-01
  4.70226198e-01 -7.30662867e-02  1.19698018e-01  5.52761555e-01
 -4.29809093e-02 -5.11396468e-01 -5.54048657e-01  2.06231520e-01
 -1.95114315e-01 -9.15296972e-02  2.47584894e-01  1.62344977e-01
  3.71470928e-01 -1.98212028e-01  7.85940662e-02  2.56699681e-01
  1.73602805e-01  4.17079218e-02  9.30591002e-02  9.91033837e-02
 -2.50347465e-01 -9.62368678e-03 -2.29827370e-02  2.41719857e-01
  2.32205424e-03 -2.95009881e-01  2.24300981e-01  2.07589164e-01
  2.79258698e-01 -1.94844201e-01  2.04868749e-01  5.06094635e-01
 -1.58388540e-01  7.73372278e-02 -5.50176978e-01  7.48680159e-02
  2.73805082e-01 -2.83530504e-01 -8.47931132e-02 -3.08035642e-01
  7.65654817e-02  1.76352337e-01 -9.92536917e-02 -2.15904117e-01
  2.25982517e-02  1.78887770e-01  1.18967086e-01  1.29129127e-01
  4.09029484e-01 -2.49965135e-02  2.29058161e-01  2.15399247e-02
 -2.57338673e-01  3.66379976e-01 -9.89390910e-02 -3.92686754e-01
 -2.03513682e-01  2.23682240e-01 -3.14895600e-01 -6.86903968e-02
 -1.19736515e-01  4.79324721e-02 -4.55670863e-01 -2.52841562e-01
  2.11633503e-01  4.52254742e-01 -2.03350469e-01 -6.36596605e-02
 -3.56452554e-01 -3.52185577e-01 -4.74826664e-01  2.24352684e-02
 -4.78222162e-01 -1.33058682e-01  3.80666144e-02  2.21545324e-01
  8.65750089e-02 -8.43715295e-02  1.02074228e-01  9.16977301e-02
 -8.87824893e-02 -3.59687731e-02  3.54436606e-01 -1.88394308e-01
 -1.95072889e-02  5.56189902e-02 -6.35645151e-01 -5.18943556e-02
  2.30498716e-01  1.08540930e-01  6.03348911e-02 -2.42779091e-01
  2.85205632e-01  1.87137231e-01  1.15435086e-01  1.13201834e-01
  1.85887530e-01 -1.47115752e-01  1.15051098e-01  9.78745054e-03
  7.41578043e-02  8.55429694e-02  2.51620501e-01  1.18944667e-01
 -4.38058525e-01  3.07082627e-02  7.95732737e-02  3.30391735e-01
  2.80725539e-01 -4.46405023e-01 -8.41097236e-02 -2.77268767e-01
 -8.15582648e-02 -2.63847679e-01  5.10905199e-02  5.14908135e-02
  6.06147386e-02  7.02398494e-02  1.69886257e-02  9.72518623e-02
 -2.30314270e-01  2.71566242e-01  2.45336816e-01 -2.69131929e-01
 -2.22729892e-02 -1.58787012e-01 -2.83392698e-01  6.68267459e-02
  4.08142239e-01 -2.12736860e-01  6.37163699e-04 -2.30816543e-01
 -1.95693746e-01  2.17998698e-01  8.90028551e-02  2.90581703e-01
  2.31985390e-01 -1.56351272e-02 -7.18164444e-02  1.60470605e-01
  1.72071815e-01 -1.06103480e-01 -2.87693232e-01  4.40679878e-01
  8.09034407e-02  8.25851560e-02 -2.62300313e-01 -2.89869070e-01
  8.30739513e-02 -2.10358202e-01  5.71637489e-02  2.64509052e-01
  7.76219890e-02 -2.33775184e-01  9.51059535e-02 -5.60773373e-01
  5.01223743e-01 -1.86477806e-02 -3.80897611e-01  3.64618987e-01
  2.14781031e-01 -3.56981665e-01 -5.51062226e-02 -2.06148699e-01
  3.15553337e-01  2.42905822e-02 -2.23212525e-01 -1.78578701e-02]


