第1类： ['为啥登录时要密码', '但是现在登录需要密码', '密码不是我登录的密码吗', '我登录是要密码', '登录密码忘记了', '登录密码是什么', '登录密码是是多少', '登录提示我用户密码错误', '登录时要输入手机号码和密码么', '登录显示密码错误呢', '登录的时候提示要输入密码', '登录的时候要登录密码', '登录要密码', '重置密码登录成功了', '重置密码还是登录不上']
语义向量：[-0.36797312 -0.15660856 -0.18183872 -0.10174414 -0.0561564   0.10383054
 -0.12903115  0.42610494 -0.03786625  0.33244296  0.13898771  0.25438993
 -0.02231876 -0.01547273  0.35351523  0.23975049  0.20404586  0.04315848
  0.42620386 -0.04668001  0.01818142  0.00300446  0.05610142  0.11442893
 -0.1190875   0.22181218 -0.30246227 -0.02639284 -0.40196789 -0.20507
  0.03312458  0.40823358 -0.17757958  0.33466903  0.28864838 -0.06038811
  0.1196185   0.01979655 -0.06341712 -0.06209082 -0.02694104 -0.09423295
 -0.20726605  0.01577904 -0.18465645 -0.05850158 -0.09709485  0.02377802
 -0.17197941 -0.02339522  0.48818544 -0.09530637  0.13484172 -0.47911079
  0.2671926   0.33574237 -0.02102215 -0.42585218 -0.29288651 -0.00716369
  0.18676125 -0.15487937 -0.25675271 -0.27038327  0.13242765  0.02499782
 -0.24648284 -0.20578237  0.1485972   0.04657536  0.04043425  0.79172498
  0.17352124  0.08378376  0.24284631  0.15143847  0.1306668  -0.1373511
 -0.23406637 -0.08594303  0.26647491 -0.21905797 -0.00150392  0.41504094
 -0.48445948  0.18382175 -0.27311115  0.03174534 -0.06665297  0.00463108
 -0.28171316  0.08276862 -0.18274301  0.24586335  0.07134075 -0.03551652
 -0.29394144  0.00804938 -0.25221971  0.0661353   0.08139285  0.1110154
 -0.08674615  0.19644393 -0.09659962 -0.2201487   0.12435575 -0.00274924
  0.19583986  0.03209214  0.26625645  0.04706843  0.04446887  0.06957619
 -0.37747073 -0.07347315 -0.06483233  0.11380085  0.16043325 -0.05730585
 -0.0131614  -0.07083596  0.58708006  0.0861467  -0.2149651   0.03530214
  0.27108233  0.05509983 -0.08289261 -0.03763398  0.13710175 -0.00156571
  0.11923024  0.1491661   0.28000451  0.14024504 -0.06969806  0.21257181
 -0.15931664 -0.06987768 -0.13458223  0.00234365 -0.00873597  0.13639636
  0.19800731 -0.30999209  0.32703812 -0.2487478   0.08279253 -0.09903082
 -0.19847085  0.07792901 -0.08472938  0.09901771  0.08256978  0.11790203
  0.10645569 -0.14082811 -0.07361333  0.25885735  0.15512009 -0.32666986
  0.08183174  0.17051247 -0.03492564 -0.0024962  -0.39112093  0.18730828
 -0.05541521  0.02043658  0.26176766  0.08993689  0.01164733 -0.13876158
  0.30971803  0.27961063 -0.07850384 -0.10054162 -0.28738607  0.11851303
  0.30032779  0.10948041 -0.18574352  0.36268736 -0.14453444 -0.02271789
  0.25390784 -0.10523315  0.06272591  0.19628351 -0.18719292 -0.16445367
 -0.22264208 -0.04766547  0.15139031  0.11156031 -0.25349967  0.08005389
 -0.08220594  0.0268987  -0.16400931 -0.17213739 -0.10530883 -0.07196642
 -0.26057279  0.11051514 -0.01859192  0.14117134 -0.17376278 -0.1304649
  0.06399834 -0.00345768 -0.1303699   0.20760784 -0.19291846 -0.02145458
 -0.0235824  -0.03598175  0.02384854 -0.21461401  0.48073956  0.28798839
 -0.04567822 -0.02358552  0.13420117 -0.01873967  0.04219065  0.21876062
  0.27599111  0.3807615   0.14495409 -0.16758723  0.12772722 -0.02201635
  0.04524578  0.19650643 -0.05596575  0.0367137  -0.2468319  -0.10384779
  0.05156613  0.10367447 -0.09530117 -0.05586153 -0.31388437  0.10002521
 -0.02807217  0.0502441  -0.16104601 -0.11099671 -0.19573144 -0.28901397
 -0.0247377  -0.00416946  0.11370987 -0.25669589  0.11162696  0.16393939
 -0.28659033  0.21064361  0.18811495 -0.20801408 -0.21076354  0.14267082
 -0.08277831  0.05772736 -0.09837734  0.31025738  0.36302618  0.14559228
  0.15978756 -0.02498177  0.29555155  0.17828788 -0.09279488 -0.15362779
 -0.11816252  0.36105199  0.18053372  0.19443331  0.23351098 -0.03059767
 -0.18423275  0.16667093  0.07379399 -0.2595187  -0.13290177  0.12455621
  0.33024391 -0.55703685  0.02219449 -0.08554262 -0.00459604  0.10364464
  0.00704015 -0.19650472  0.19217433  0.30689317  0.03412462 -0.37412173]


第2类： ['三个地方都可以登录用吧', '与会者还是登录网址是吧', '为什么成都上不了登录不了你们的主页呢', '为什么我登录不可以', '人登录的意思吧', '他们登录的界面是中文还是英文喃', '但是就是不能登录网站', '但是我刚才登录的时候', '但是我登录官网帐号密码怎么不对呢', '你的意思是在通过你们的官网登录', '你的意思是第一个人登录的人', '你这个是需要登录网址还是有', '关键是我登录不进去啊', '可是我登录提示需要一个', '可是我网页登录你们网站是可以的', '可是登录进去显示的是', '在网页上登录就可以了吗', '在英文网站登录自动跳中文网站', '如果我不登录网面', '如果要主持会议的话就需要登录', '就是新登录进来的人', '已经登录的同事能看到这里么', '怎么今天登录不了么', '怪不得我现在输入这个号码登录不进去', '感觉登录你们的网站都挺慢的', '我不知道怎么用这个密钥登录', '我不知道该如何登录', '我刚才登录了一下', '我只是想登录进去', '我只是想登录进去', '我可以从快捷工具里面登录没有问题', '我如果要单独可以登录', '我就是要登录成那样的', '我现在登录上去了', '我登录不上我的账户', '我登录了之后呢', '我登录课件都是成功的', '我登录进来怎么是卢然的名字', '我要登录这个网站吗', '我让他们用我的号登录就可以了撒', '我这边登录不了你给我的这个站点', '我需要在哪里登录呢', '方的意思是八个账户登录', '是不是只需要主持人登录账户后更改首选项里面的语言设置', '是在火狐浏览器登录的', '每次我的浏览器登录都需要好久', '登录后会出现一下错误', '登录点了会重新加载出刚才页面', '登录的账号密码是多少', '直接到网站上登录就可以了吗', '直接用手机号码登录吗', '直接登录邀请就可以了吗', '直接登录链接就可以用吗', '确定没有登录后锁定功能吗', '网而登录时哪个网址', '老显示登录的地址不正确', '请问我怎么登录啊', '请问还有其他登录方式吗', '还是在网站上登录', '还是说建立不同账户登录', '这是不登录的', '那为什么我登录不上呢', '那后登录的那个人', '那我每次开会前都需要登录账户操作吗', '那我的登录密码应该是多少', '随便登录哪个站点都可以是吧']
语义向量：[-0.08329773 -0.04956997 -0.09991424 -0.06558579 -0.04049366  0.0495839
 -0.05686626  0.14791091  0.02638365  0.16686309  0.08824105  0.09452384
  0.01367252  0.06348849  0.13512807  0.1023813   0.11150609 -0.01240055
  0.16691375 -0.05754007 -0.03269741 -0.00890567  0.02505022  0.04879061
 -0.05630753  0.05570215 -0.08694315 -0.00165302 -0.17136628 -0.13394387
  0.01651855  0.0903697  -0.08927904  0.15535281  0.10564083 -0.01674492
 -0.01538116 -0.03463209 -0.00794421 -0.02336193 -0.03567736 -0.04116079
 -0.07545256  0.05020709 -0.05622275  0.0275278  -0.07533991  0.0174085
 -0.04188629  0.03211574  0.14426149 -0.01479759  0.13270937 -0.18168904
  0.08944933  0.10611407 -0.05121428 -0.15579035 -0.08794397  0.05401744
  0.12585337 -0.06908673 -0.07193884 -0.11122024  0.05610824 -0.00745084
 -0.0987377  -0.15237885  0.04512868  0.01101206  0.00353381  0.29923476
  0.06288505  0.08318538  0.03577064  0.03512406  0.03685295 -0.01727019
 -0.10157789 -0.12003576  0.07960295 -0.04515358  0.00805288  0.18800004
 -0.21737276  0.08093    -0.11582005 -0.02036532  0.00902731  0.04226902
 -0.05218223  0.01907214 -0.10409072  0.0401649   0.03368495 -0.02285996
 -0.08740467 -0.00995691 -0.10825196  0.05931176  0.05516162  0.05792033
  0.0124499   0.06709066 -0.08646002 -0.13577402 -0.00367358  0.02064209
  0.05833304 -0.00590234  0.06863524  0.07410559  0.0166923   0.00259288
 -0.12395676  0.00495642  0.01625821  0.04330554  0.01580405 -0.05027591
  0.02341913 -0.08977009  0.16790069  0.02877855 -0.04055467  0.01355795
  0.10583053  0.01035066  0.00362087  0.01224606 -0.02064611 -0.01157216
  0.01147783  0.01908906  0.13764702  0.10388609 -0.03452088  0.04988208
 -0.0886725  -0.01173066 -0.07653547  0.01816942  0.00116894  0.0312982
  0.10234176 -0.10174621  0.09416556 -0.03929063 -0.00274534 -0.04409614
 -0.11353585  0.0300085  -0.07661847  0.10470404  0.04781167  0.02277056
  0.01758024 -0.08196593  0.05593374  0.09070355  0.0178336  -0.14865096
  0.04888544  0.04387893 -0.03246267 -0.06266939 -0.14472357  0.03851926
  0.00430906 -0.00815325  0.07161172 -0.00105633 -0.0416679  -0.09740042
  0.10862104  0.10046919 -0.05004377  0.00452141 -0.09452511  0.08953782
  0.09892386  0.03276476 -0.04678734  0.07851265 -0.10491464 -0.02336281
  0.0702376  -0.02854192 -0.00200607  0.08942034 -0.04789233 -0.06023176
 -0.09794472 -0.02534209 -0.0040508   0.00952605 -0.05276507  0.08747865
 -0.00200608  0.00626981 -0.07488395 -0.08905212 -0.09534376 -0.01194304
 -0.08774309  0.06280052 -0.0400341   0.07725824 -0.05742287 -0.03380779
  0.02704459  0.02488867 -0.02226182  0.08000339 -0.03609523 -0.01739904
  0.00640744  0.04492758 -0.02039312 -0.07420708  0.22149035  0.09250731
 -0.04128283  0.00045907  0.05706852 -0.00898472 -0.04247669  0.0788021
  0.08910011  0.18018002  0.08924134 -0.05425803  0.06726489 -0.01969378
  0.03003668  0.06157826 -0.01551805  0.02161228 -0.09149826 -0.04543572
  0.01132     0.07971273 -0.03399796  0.01131849 -0.13294364  0.05462251
  0.06274546  0.00482164 -0.09106987 -0.02814319 -0.10976086 -0.05760175
 -0.01335411  0.0182574   0.03527186 -0.10348152  0.04446484  0.08119676
 -0.10207005  0.07233158  0.05105908 -0.07914732 -0.06164812  0.046844
 -0.02176853  0.00924714 -0.04195048  0.14056531  0.16153365  0.01667057
  0.06085765  0.01120314  0.13926784  0.08366461 -0.06121838 -0.0347635
 -0.04603517  0.19133122  0.02063074  0.02329395  0.08638364 -0.01837514
 -0.07054697  0.0482727  -0.00035692 -0.05910401 -0.07067791  0.01050073
  0.12065951 -0.142659   -0.03961526 -0.05133901  0.02428907 -0.02341799
 -0.03593647 -0.05249888  0.06571275  0.12331342  0.0339738  -0.12669195]


第3类： ['不登录网页', '不能使用网页登录么', '你之前说的登录网页', '只能用网页登录', '我是网页登录', '是通过网页登录嘛', '是需要网页登录后', '登录客户端的时候', '端网页版登录就可以的', '网页登录不是客户端登录吗', '网页登录不进去']
语义向量：[-9.64827632e-02 -1.18587119e-01 -2.46266272e-01 -1.08230032e-01
 -3.68296670e-02  1.18566607e-01 -2.45955716e-01  4.65759226e-01
  1.34980430e-01  4.35007271e-01  2.14182684e-01  1.94040245e-01
  8.41755264e-02  1.63801131e-01  3.69176301e-01  2.19923196e-01
  1.50952173e-01 -5.57733165e-02  1.67159370e-01 -9.73442776e-02
 -2.74674329e-02  8.65398364e-02 -6.74343600e-02  1.44936228e-01
 -3.32831558e-01  1.74781182e-01 -1.49441898e-01  1.15492837e-02
 -3.74454314e-01 -3.34114847e-01  4.37118684e-02  9.14726586e-02
 -3.21961843e-01  3.35677564e-01  2.80566627e-01  2.77630096e-02
 -3.04331209e-04 -4.38813394e-02 -7.61272281e-02 -1.16065560e-01
 -3.62658582e-02 -8.04420510e-02 -3.18518247e-01  8.61181119e-02
 -2.34386860e-01  1.73584327e-01 -2.77121101e-01 -7.64900006e-02
  1.46139887e-02  7.36922358e-02  2.21429118e-01  1.28261754e-01
  3.51627355e-01 -3.42856555e-01  1.77085967e-01  3.02301506e-01
 -8.08823000e-02 -3.41970354e-01 -1.74437673e-01  2.22743431e-01
  2.83942051e-01 -2.32442123e-01 -1.84761026e-01 -3.03668194e-01
  1.66306897e-01  1.59695152e-02 -1.27608447e-01 -4.55942243e-01
  2.28444546e-01  3.90202681e-02  1.35385600e-02  6.91902548e-01
  2.12931206e-01  2.79365158e-01  1.40445951e-01 -4.44485337e-02
 -8.22250498e-03 -9.28508450e-02 -2.80634658e-01 -2.97055049e-01
  3.90057753e-02  5.55836673e-02 -5.10360008e-02  5.29445399e-01
 -4.66302582e-01  1.48154825e-01 -2.76003447e-01 -1.31145062e-01
 -6.33307533e-02  1.87628215e-01 -9.52326804e-02  2.18420636e-01
 -1.47812236e-01  1.84741824e-02  4.58897806e-02 -1.23948836e-01
 -2.28990269e-01 -6.05548232e-03 -2.39966674e-01  5.34378841e-02
  1.47085521e-01  1.92619133e-01  6.98619427e-02  1.72240295e-01
 -2.09366109e-01 -2.92843659e-01 -2.21964824e-02 -4.78517107e-03
  9.47157876e-02 -1.29267603e-01  2.58597878e-01  1.86990124e-01
  1.25854555e-01  1.11103380e-01 -2.65253391e-01  1.73686413e-02
  1.26353755e-02  5.23951648e-02 -3.61571552e-02 -1.17293150e-01
  1.13026387e-01 -1.06959730e-01  2.01452530e-01  3.52094743e-02
 -3.74483137e-02 -9.70800170e-03  2.71567085e-01  1.68319593e-01
 -2.06949600e-02  6.42622313e-02 -6.71953417e-02 -1.46672405e-02
  7.05588243e-02 -6.67351058e-02  3.16019018e-01  3.40944497e-01
 -1.69457398e-01  1.40365686e-02 -3.14122662e-01  2.07161874e-01
 -1.55926636e-01 -2.92450532e-03  3.76077138e-02  1.61397970e-01
  2.24647353e-01 -1.84299976e-01  2.44906434e-01 -1.50127888e-01
  5.70530979e-02 -4.07654719e-02 -2.09252433e-01  1.66281619e-01
 -1.95262975e-01  1.49899666e-01  1.54042207e-01  6.76740696e-02
 -6.73325346e-02 -1.71416662e-01  7.96890889e-02  1.72269913e-01
 -5.39012859e-02 -3.86274649e-01  1.38325705e-01  1.00244838e-01
 -9.16806906e-02 -1.24953916e-02 -3.41221564e-01 -2.95962180e-03
  1.06187716e-01 -4.67403224e-02  1.43307206e-01 -4.84908569e-02
 -5.93132951e-02 -1.19300102e-01  1.26683310e-01  9.47745670e-02
 -4.61095580e-02  1.24279469e-01 -1.98888488e-01  1.47133910e-01
  3.18840334e-01  3.23494214e-02 -4.62949153e-03  8.27381638e-02
 -3.17416114e-01  9.18002166e-02  2.04948859e-01 -1.41034121e-01
 -2.66516594e-02  2.82052745e-01 -9.43476009e-02 -1.24540038e-01
 -2.73905449e-01 -7.09698358e-02 -5.61208022e-02 -8.25356695e-02
  6.57075364e-02  2.25915906e-01 -3.29455962e-03 -4.72795147e-02
 -2.24025008e-01 -2.85813646e-01 -3.87467550e-01 -2.02328885e-02
 -3.85114713e-01  5.48144769e-02 -6.12400926e-02  2.69624435e-01
 -1.28813729e-01 -4.41173119e-02  1.27178865e-01  9.40615812e-02
 -5.45059270e-02  1.91689232e-01 -8.41155342e-02 -4.72482135e-02
  2.52683594e-03  6.30822857e-02 -2.68117115e-01 -1.83502296e-01
  5.78888587e-01  1.63807186e-01 -9.20790132e-02 -1.03538170e-01
  2.45683667e-01 -4.05410938e-02 -6.23620064e-02  1.47158314e-01
  2.81088738e-01  3.67973375e-01  3.07456438e-01 -5.89616576e-03
  1.46428590e-01  2.58918464e-02  1.43569771e-01  1.59522229e-01
 -1.19740508e-01  7.83501362e-02 -1.38372413e-01  9.21994204e-02
  8.66930322e-02  2.79423231e-02 -5.25682039e-02 -3.09634398e-02
 -3.00515211e-01  6.66453092e-02  2.02567726e-01  4.14056458e-02
 -2.61171138e-01  4.13409768e-02 -1.68083154e-01 -6.54621371e-02
 -6.24194987e-02  9.04376249e-02  1.16623916e-01 -2.67196581e-01
  7.48474307e-02  1.87927090e-01 -1.82914449e-01  1.18593805e-01
  2.88111134e-01 -2.37611455e-01 -2.36535869e-01  2.85635857e-02
 -1.38134197e-01  7.74176882e-02 -1.29809333e-01  3.27334568e-01
  3.61644861e-01  3.24303909e-02  1.20758160e-01  9.99839861e-02
  3.30682587e-01  1.82392543e-01 -2.85267543e-01  6.16249909e-02
 -1.05445399e-01  4.41023220e-01 -6.41718292e-02 -6.65027431e-02
  2.10375183e-01 -1.37338234e-01 -1.42077065e-01  1.44625335e-01
  6.05581762e-02 -1.13280674e-01 -2.39318018e-01 -1.59751096e-01
  3.28632207e-01 -2.25365211e-01 -2.47052129e-01  6.58611635e-02
  1.83690688e-01 -2.20555421e-01 -1.16156218e-01 -1.09639788e-01
  1.42708482e-01  2.31925275e-01  6.03465485e-02 -2.16740799e-01]


第4类： ['点击登录']
语义向量：[-5.76699495e-01 -3.10500503e-01 -5.80700874e-01 -4.48813528e-01
 -2.25138962e-01  1.80106223e-01 -3.54371428e-01  1.03100443e+00
 -3.60140279e-02  1.00636411e+00  5.14342189e-01  5.07260084e-01
  2.44139880e-01  2.14753777e-01  8.78413677e-01  6.71489596e-01
  8.12627554e-01  1.91307798e-01  1.08364713e+00 -1.61708757e-01
 -2.06286609e-02 -1.15403928e-01  2.13452786e-01  3.90236229e-01
 -4.38299000e-01  4.07791853e-01 -4.95595574e-01  1.66271016e-01
 -1.14733517e+00 -8.40431094e-01  1.84848666e-01  7.07060099e-01
 -5.81959307e-01  1.03811502e+00  7.42949843e-01  1.65699169e-01
 -7.67038167e-02 -8.90098289e-02 -2.08853334e-01 -9.06471238e-02
 -1.98868334e-01  1.25907809e-01 -4.39720511e-01  4.31134582e-01
 -3.25162649e-01  1.14697382e-01 -4.19990242e-01 -5.15933931e-02
 -2.90214479e-01  5.77375218e-02  9.19871807e-01 -2.61312842e-01
  6.99634194e-01 -9.56759810e-01  5.27578950e-01  6.47629261e-01
 -3.45465571e-01 -8.29952002e-01 -2.93160319e-01  3.50741208e-01
  8.00927401e-01 -5.40331900e-01 -3.40402186e-01 -5.47571838e-01
  4.08584058e-01 -2.30311118e-02 -4.39350784e-01 -6.51013076e-01
  4.23120558e-01  2.67042935e-01  2.12172151e-01  1.72739625e+00
  5.52586257e-01  4.52712059e-01  3.84674162e-01  3.97248864e-01
  2.46495381e-01 -1.53572857e-01 -7.75235653e-01 -4.92440253e-01
  5.01459181e-01 -3.12290967e-01 -1.21204861e-01  1.27044010e+00
 -1.33123136e+00  4.30039346e-01 -6.26478434e-01 -2.43512705e-01
 -1.22069083e-02  2.41923705e-01 -5.33520997e-01  3.64316255e-01
 -5.50141931e-01  3.66432369e-01  1.01272613e-01 -2.16779172e-01
 -5.51952958e-01  1.18275121e-01 -5.41327059e-01  4.12988305e-01
  3.48578513e-01  4.30717409e-01 -1.07456781e-02  2.23999441e-01
 -4.12124515e-01 -8.11361372e-01  2.06223410e-02 -9.71692055e-03
 -4.94129360e-02 -1.01514198e-01  4.56456333e-01  6.12583220e-01
  6.75624907e-02 -7.95241259e-03 -5.89736044e-01 -2.43411869e-01
  2.85509706e-01  2.68855572e-01  1.90782592e-01 -5.15773356e-01
  1.41184092e-01 -3.48824203e-01  1.16088259e+00  7.10653290e-02
 -3.95704746e-01  1.12309434e-01  7.33323574e-01 -6.62601739e-02
  2.64123939e-02 -1.74911082e-01 -8.68469626e-02 -1.38353527e-01
  2.37183020e-01  1.55899897e-01  8.13470721e-01  4.86577928e-01
 -4.81463283e-01  2.14042678e-01 -6.63236856e-01  6.03333265e-02
 -2.66952723e-01  1.12113357e-01 -6.73257932e-02  2.69701123e-01
  4.05259401e-01 -7.01437533e-01  8.09397161e-01 -4.37705964e-01
 -6.39442354e-04 -2.45091423e-01 -8.40075314e-01  2.42430553e-01
 -3.61778796e-01  5.89613557e-01  3.24852824e-01  1.79338738e-01
  6.03486896e-02 -4.31305051e-01  1.49060398e-01  4.85376179e-01
  5.95196038e-02 -8.08946371e-01  1.18858367e-01  2.67673656e-02
 -8.68280381e-02 -4.81517404e-01 -7.65955687e-01  2.49562621e-01
  1.39580518e-02  8.78329724e-02  4.66574132e-01  3.01465094e-01
 -2.06365511e-01 -6.21065617e-01  7.06728697e-01  6.24316692e-01
 -4.05754983e-01  7.11045228e-04 -5.36312699e-01  5.71495891e-01
  4.08168644e-01  2.55534500e-01 -2.94180453e-01  5.19919217e-01
 -4.94326830e-01 -3.35469991e-01  6.36781216e-01 -7.19982460e-02
 -1.04399763e-01  5.49971104e-01 -4.06196803e-01 -3.60031277e-01
 -7.42149234e-01  3.33239883e-03  2.85045028e-01  1.38515532e-01
 -1.56355664e-01  3.97122204e-01  5.53645240e-03 -2.22694531e-01
 -2.69819260e-01 -4.03747141e-01 -5.84596395e-01 -2.93613076e-02
 -4.89162326e-01  4.68223929e-01 -2.25733370e-01  2.16912195e-01
 -5.55089772e-01 -1.57106102e-01 -4.06621471e-02  3.58620733e-02
 -5.70439324e-02  5.68694234e-01 -3.18223268e-01 -1.04096510e-01
  1.13456130e-01  3.25188756e-01 -2.10817337e-01 -5.51776350e-01
  1.09970069e+00  6.40717745e-01 -1.91063598e-01 -2.07103357e-01
  2.79837072e-01 -3.47153664e-01 -2.01894760e-01  5.58258772e-01
  7.52638459e-01  1.19367576e+00  4.91486967e-01 -2.23335057e-01
  2.79718935e-01 -8.41618478e-02  1.57093138e-01  3.38007927e-01
 -2.20122114e-01  3.00186217e-01 -5.94651461e-01 -5.30619442e-01
  1.95976458e-02  4.57637876e-01 -2.42146969e-01  1.19688317e-01
 -8.01927507e-01  3.37360740e-01  3.39615971e-01  1.46491364e-01
 -4.66413379e-01 -1.57402337e-01 -6.69259191e-01 -4.29331243e-01
 -4.65510599e-02  1.45959303e-01  2.80014813e-01 -5.56146264e-01
  2.34671921e-01  5.66017270e-01 -6.56763911e-01  3.93125653e-01
  2.86307991e-01 -3.86553824e-01 -3.57817918e-01  4.55616653e-01
  1.07995830e-02  1.28732100e-01 -1.66888386e-02  9.09928262e-01
  8.76411676e-01  1.92405492e-01  3.85133773e-01  1.81227513e-02
  5.77862203e-01  2.95772761e-01 -3.00035179e-01 -1.96979284e-01
 -3.02032650e-01  9.10062194e-01  3.76796164e-02  1.05674863e-02
  5.46163678e-01  8.54550600e-02 -5.13051689e-01  3.27619135e-01
 -1.46496939e-02 -3.99988174e-01 -5.14329553e-01  9.82587114e-02
  6.34263277e-01 -7.08217263e-01 -1.25832111e-01 -1.82802320e-01
 -8.82775337e-03 -7.73797035e-02 -2.48254389e-01 -2.26865396e-01
  3.11310589e-01  7.26875901e-01  3.16724330e-01 -7.28890657e-01]


第5类： ['不能登录', '不能登录', '吴发登录', '怎么登录', '怎么登录', '怎么登录', '我现在登录官网', '无法登录', '登录名称', '登录失败', '登录界面', '登录的话', '登录练剑', '登录账户', '直接登录', '那个登录']
语义向量：[-2.34315554e-01 -1.46913565e-01 -2.89117137e-01 -2.09506536e-01
 -1.10519157e-01  1.41424797e-01 -1.51238340e-01  4.17750552e-01
  8.76223610e-02  5.08075342e-01  2.68189715e-01  2.66156779e-01
  5.42031794e-02  2.02741649e-01  3.77941536e-01  3.14450186e-01
  3.44975321e-01 -3.12912145e-02  5.08476704e-01 -1.74517603e-01
 -1.13133324e-01 -5.23931081e-02  9.40422472e-02  1.44475006e-01
 -1.17984029e-01  1.38156947e-01 -2.40867543e-01  1.22820132e-02
 -5.04694505e-01 -4.09514995e-01  6.43789899e-02  2.56277037e-01
 -2.36552101e-01  4.81520168e-01  3.14298499e-01 -5.27493301e-02
 -6.80466923e-02 -1.06976762e-01 -4.15359666e-02 -3.92162732e-02
 -1.02316950e-01 -1.22719633e-01 -2.04612130e-01  1.50448856e-01
 -1.43155221e-01  8.57456098e-02 -2.15542171e-01  8.42758124e-02
 -1.28275814e-01  1.02464302e-01  4.18558409e-01 -6.18546454e-02
  3.94762702e-01 -5.35004833e-01  2.68283889e-01  2.93754518e-01
 -1.92852695e-01 -4.54557328e-01 -2.46230356e-01  1.80759183e-01
  3.78558094e-01 -2.04787784e-01 -1.93401096e-01 -3.07695417e-01
  1.71735168e-01 -1.24801369e-02 -2.99181020e-01 -4.45498379e-01
  1.20402127e-01  5.23963924e-02  1.30787319e-03  8.70330967e-01
  1.75443624e-01  2.50323715e-01  7.11107780e-02  1.34862920e-01
  1.21910934e-01 -5.28205923e-02 -2.88445108e-01 -3.71390486e-01
  2.56265502e-01 -1.38129958e-01  7.39118521e-03  5.61179992e-01
 -6.28689382e-01  2.42664867e-01 -3.46153274e-01 -6.99584810e-02
  4.26928245e-02  1.28499457e-01 -1.36198831e-01  4.22131035e-02
 -3.12495516e-01  1.26662278e-01  8.45704814e-02 -5.67470915e-02
 -2.48035680e-01 -2.72231747e-02 -3.18654079e-01  1.76710741e-01
  1.56704430e-01  1.74094056e-01  6.07759515e-02  1.81998092e-01
 -2.73932438e-01 -4.23984924e-01 -2.24791889e-02  5.45688742e-02
  1.74611273e-01 -4.14649207e-03  1.85847593e-01  2.38954211e-01
  2.86749243e-02 -1.51744639e-02 -3.61472098e-01  3.72957545e-02
  7.11713885e-02  1.09987182e-01  5.39593266e-02 -1.60711229e-01
  8.39805270e-02 -2.70787246e-01  4.88144906e-01  9.45588842e-02
 -1.21097036e-01  3.07607041e-02  3.08332549e-01  1.80441770e-02
  1.21638174e-02  2.71470465e-02 -7.64930123e-02 -2.30107561e-02
 -3.22677376e-03  5.08247870e-02  4.08041058e-01  2.83507129e-01
 -9.47317658e-02  1.78515368e-01 -2.39520139e-01 -5.02299452e-02
 -2.28807455e-01  5.70244810e-02 -6.12872309e-03  8.43909387e-02
  2.83779647e-01 -2.82901060e-01  2.83205234e-01 -1.17038378e-01
 -3.58642948e-02 -1.38687820e-01 -3.49910546e-01  6.99243057e-02
 -2.21235196e-01  3.39684092e-01  1.40808179e-01  4.89257935e-02
  4.46762261e-02 -2.33663364e-01  1.88134340e-01  2.42771504e-01
  2.78331349e-02 -4.29179741e-01  1.39911776e-01  8.52111070e-02
 -8.94788741e-02 -2.16560030e-01 -3.93386594e-01  1.15131600e-01
  8.65772687e-03 -1.41729290e-02  2.16891034e-01  3.35707632e-03
 -1.27202098e-01 -3.23690305e-01  3.29431016e-01  3.07722488e-01
 -1.45264223e-01 -1.27097592e-04 -2.77941143e-01  2.72842931e-01
  2.73056275e-01  8.77887853e-02 -1.32332836e-01  2.31358801e-01
 -3.19347436e-01 -8.58401007e-02  1.99020721e-01 -6.49359678e-02
 -4.16859702e-03  2.51188113e-01 -1.28702035e-01 -1.75702179e-01
 -2.95356998e-01 -7.14267455e-02 -1.23221785e-02  3.68937975e-02
 -1.36783236e-01  2.59567713e-01  1.28050304e-02  2.29675614e-02
 -1.95479137e-01 -2.63863550e-01 -2.84340918e-01 -2.79407578e-02
 -2.27782923e-01  1.86345636e-01 -1.32311834e-01  2.28221214e-01
 -1.69741728e-01 -1.02306193e-01  7.41728419e-02  7.21677938e-02
 -5.79905789e-02  2.53541207e-01 -9.91529822e-02 -3.73961388e-02
  1.98310954e-02  1.53335698e-01 -4.07195610e-02 -2.12110008e-01
  6.43555427e-01  2.60548813e-01 -1.44311894e-01  1.63043840e-02
  1.62248427e-01 -3.63045164e-02 -1.50553847e-01  2.35571751e-01
  2.47383302e-01  5.37301816e-01  2.79384214e-01 -1.63742863e-01
  2.04494896e-01 -7.76117716e-02  7.36038578e-02  1.72891356e-01
 -3.00892865e-02  6.56616266e-02 -2.73256989e-01 -1.63358084e-01
  2.10670576e-02  2.78610805e-01 -9.51840174e-02  5.90350588e-02
 -4.01849596e-01  1.85818616e-01  1.90846402e-01  7.92691816e-03
 -2.87437318e-01 -6.93426776e-02 -3.39201121e-01 -1.45826174e-01
 -3.20443984e-02  4.50414652e-02  9.32155778e-02 -3.05492787e-01
  1.33403144e-01  2.55716903e-01 -2.80636748e-01  2.14930288e-01
  1.14273232e-01 -2.26349877e-01 -1.72886350e-01  1.57575349e-01
 -5.16577032e-02  1.75807060e-02 -1.33656783e-01  4.00067735e-01
  4.72598953e-01  4.39439835e-02  1.80596612e-01  3.50894439e-02
  4.21605168e-01  2.63588965e-01 -1.71546815e-01 -1.05227114e-01
 -1.39707207e-01  5.76827377e-01  4.48027741e-02  6.68081823e-02
  2.49427698e-01 -4.06724296e-02 -2.15807003e-01  1.31173417e-01
 -1.50239071e-02 -1.53959929e-01 -2.12408532e-01  5.13222164e-02
  3.35051659e-01 -4.12130952e-01 -1.18409727e-01 -1.78325212e-01
  7.10113514e-02 -6.82832499e-02 -1.21614310e-01 -1.44419436e-01
  1.73251349e-01  3.76171568e-01  1.05189427e-01 -3.68975841e-01]


第6类： ['为什么我登录不了', '为什么登录不了', '也不需要登录', '但我登录不上', '但无法登录', '可以多少用户登录', '可以登录了', '可以登录了', '可是我登录不了', '可是我登录进去', '台式机都得需要登录网页吗', '如果我登录了', '就是可以登录的', '就是登录不进去', '就是登录的这个', '已经登录了', '怎么登录呢', '怎么登录直播', '怎样才能登录科天云', '您在官网登录下来之后', '我先登录试试看', '我已登录', '我已经到官网登录了', '我已经登录', '我已经登录上去', '我已经登录了', '我已经登录了', '我已经登录了', '我怎么登录呢', '我怎么登录啊', '我是登录不了', '我正常操作是登录发起', '我没有办法登录', '我点击支付进去让我登录', '我点击登录没有反应啊', '我现在可以登录', '我用得客户端登录得站点', '我用账户无法登录', '我登录上了', '我登录了', '我登录了', '我登录了', '我登录了然后', '我登录后', '我登录的时候', '我要怎样可以登录', '我要登录呢', '最后登录时', '没有站点登录不了呢', '然后登录不上去', '现在也在登录你们官网', '现在登录不了', '界面是登录吗', '登录不进去', '登录之后呢', '登录之后看不到已经登录了', '登录了之后', '登录了啊', '登录了科天云', '登录你们的平台', '登录好了', '登录成功了啊', '登录成功后跟没登录显示是一样的', '登录时候要我输入', '登录的时候要求我输入站点', '登录的网址呢', '登录科云天', '登录过了', '登录过了', '登录进去之后', '直接登录官网就可以', '网址进去要登录', '网站可以登录', '网页版登录地址是这样吗', '而且在网页上等登录总显示密码错误', '而我可以登录', '要登录一个', '请问如何手机号码登录', '请问如何登录', '请问我怎么登录', '请问我登录', '还是登录页面', '还是直接登录网站', '还没登录', '还没登录进', '进去要登录嘛', '那我没有登录密码怎么办呢', '重新登录的时候']
语义向量：[-1.38558694e-01 -8.62955100e-02 -1.71237397e-01 -1.19531330e-01
 -6.52543255e-02  8.09700045e-02 -9.49284145e-02  2.52725348e-01
  4.68462603e-02  2.94377941e-01  1.53480836e-01  1.58481513e-01
  2.89340395e-02  1.13207563e-01  2.25931554e-01  1.83034224e-01
  1.96892992e-01 -1.70973586e-02  2.90616064e-01 -9.74548621e-02
 -6.15292980e-02 -2.39790198e-02  5.10548278e-02  8.39328967e-02
 -8.26385600e-02  8.81229983e-02 -1.42424763e-01  4.89999967e-03
 -2.96460496e-01 -2.37447359e-01  3.56547487e-02  1.51328520e-01
 -1.43404551e-01  2.75342612e-01  1.84263754e-01 -2.79548166e-02
 -3.45357295e-02 -6.08097250e-02 -2.55661133e-02 -2.80044845e-02
 -5.93046592e-02 -6.84912765e-02 -1.25548922e-01  8.91861229e-02
 -9.03170064e-02  4.93038898e-02 -1.28076330e-01  3.93779646e-02
 -7.23253343e-02  5.72644999e-02  2.45674995e-01 -3.15255264e-02
  2.28415882e-01 -3.11228827e-01  1.56506367e-01  1.76169802e-01
 -1.03008474e-01 -2.65547471e-01 -1.47999556e-01  1.02510762e-01
  2.20446324e-01 -1.22795646e-01 -1.18500765e-01 -1.84132700e-01
  1.00068940e-01 -6.15183200e-03 -1.69752964e-01 -2.60024942e-01
  7.57789286e-02  2.90164980e-02  3.39636092e-03  5.11797075e-01
  1.06975476e-01  1.45994836e-01  5.18559961e-02  7.32781635e-02
  6.80435628e-02 -3.17439264e-02 -1.71837204e-01 -2.12087574e-01
  1.46454731e-01 -7.84624084e-02  5.21883220e-03  3.29397861e-01
 -3.70123927e-01  1.39843075e-01 -2.01935911e-01 -4.17036095e-02
  1.88472906e-02  7.51568925e-02 -8.32012464e-02  3.21462077e-02
 -1.78616870e-01  7.33315048e-02  5.21275163e-02 -3.67161450e-02
 -1.48115016e-01 -1.35156318e-02 -1.86384380e-01  9.90200082e-02
  9.39272799e-02  1.03939710e-01  3.10384173e-02  1.11057193e-01
 -1.55509858e-01 -2.43350915e-01 -1.04263628e-02  3.21989844e-02
  9.75925898e-02 -8.06679407e-03  1.16116469e-01  1.35608558e-01
  2.27654640e-02 -1.02782323e-03 -2.12131896e-01  1.48423124e-02
  3.51348508e-02  6.68612749e-02  3.03520596e-02 -9.43758060e-02
  4.72974686e-02 -1.52881472e-01  2.84826741e-01  5.24095852e-02
 -7.10186086e-02  2.04337484e-02  1.82066427e-01  1.48476774e-02
  6.57040968e-03  1.48739455e-02 -4.13342091e-02 -1.46833023e-02
  7.99089288e-03  2.88080276e-02  2.38552768e-01  1.71367325e-01
 -5.88669386e-02  9.70513225e-02 -1.46100623e-01 -1.90958590e-02
 -1.33075390e-01  3.25067265e-02 -1.72924753e-04  5.28895551e-02
  1.68198601e-01 -1.70192774e-01  1.67245244e-01 -7.02681865e-02
 -1.41850943e-02 -7.62057733e-02 -2.01464941e-01  4.66534514e-02
 -1.28188791e-01  1.90377874e-01  8.41593921e-02  3.30704367e-02
  2.71452801e-02 -1.38539587e-01  1.00615606e-01  1.46496960e-01
  1.95840076e-02 -2.53135991e-01  8.31643442e-02  5.65859098e-02
 -5.26206887e-02 -1.15728035e-01 -2.36431090e-01  6.55813466e-02
  8.45628936e-03 -9.54592715e-03  1.26089551e-01  3.18933473e-03
 -7.05468307e-02 -1.80072611e-01  1.90148110e-01  1.74774327e-01
 -8.54459729e-02  4.57408917e-03 -1.61610514e-01  1.56695647e-01
  1.63093176e-01  5.28648393e-02 -7.72759247e-02  1.33164972e-01
 -1.85653616e-01 -4.47991362e-02  1.21104373e-01 -4.07108669e-02
 -3.98948853e-03  1.51304759e-01 -7.87707966e-02 -1.02507130e-01
 -1.72555677e-01 -4.18387587e-02 -5.24334008e-03  2.05963529e-02
 -8.01639330e-02  1.51081900e-01  3.05563264e-03  9.91304492e-03
 -1.18972538e-01 -1.56746849e-01 -1.68043422e-01 -1.83959270e-02
 -1.42778461e-01  1.09270508e-01 -7.23021809e-02  1.34413745e-01
 -9.95295342e-02 -5.81502962e-02  4.46397753e-02  4.13945451e-02
 -3.51173851e-02  1.43948409e-01 -6.05064398e-02 -2.36686527e-02
  1.08141139e-02  8.24030771e-02 -3.18766508e-02 -1.24841524e-01
  3.77376035e-01  1.52704562e-01 -8.04072826e-02  2.45280418e-03
  9.93552200e-02 -2.06967554e-02 -7.99650298e-02  1.36633982e-01
  1.51062532e-01  3.14380650e-01  1.61680631e-01 -9.27514796e-02
  1.16831156e-01 -3.81349633e-02  4.65827074e-02  1.02383764e-01
 -2.23278961e-02  4.05364668e-02 -1.58999370e-01 -8.70617810e-02
  1.50041376e-02  1.52473847e-01 -5.77030959e-02  2.82288278e-02
 -2.33645721e-01  1.02562633e-01  1.10586652e-01  6.01335918e-03
 -1.65879094e-01 -4.13638744e-02 -1.94338595e-01 -9.02713725e-02
 -1.93212689e-02  2.67636893e-02  5.86299379e-02 -1.79425267e-01
  7.60703916e-02  1.45717922e-01 -1.68458234e-01  1.23626040e-01
  7.80090745e-02 -1.38017265e-01 -1.05770324e-01  8.70439086e-02
 -3.27573472e-02  1.18008312e-02 -7.54342250e-02  2.35576713e-01
  2.74768465e-01  2.75919041e-02  1.06624406e-01  2.00478441e-02
  2.42990474e-01  1.50268685e-01 -1.03482315e-01 -6.10710815e-02
 -8.02155533e-02  3.32157690e-01  2.76036295e-02  3.85294920e-02
  1.47974580e-01 -2.55444939e-02 -1.23853033e-01  7.71666151e-02
 -3.16248037e-03 -9.49503211e-02 -1.25310289e-01  2.45630002e-02
  2.02787972e-01 -2.40825530e-01 -6.92347431e-02 -9.27426986e-02
  4.29570523e-02 -3.98429793e-02 -6.93957335e-02 -8.71247466e-02
  1.06223645e-01  2.17431748e-01  6.11427236e-02 -2.15011337e-01]


