第1类： ['不需要其他硬件了吧', '不需要增加其他硬件投入', '两边都需要什么硬件', '但是我们想要带硬件的那种', '你们也提供硬件吧', '你们也有硬件吗', '你们可以给我们提供硬件的搭配吗', '你们官网上面没有这个硬件的信息', '你们有没有摄像头和咪的硬件推荐呢', '你们有没有硬件整体的方案给到我这里', '你们的硬件有什么', '你们这个是没有硬件的是吧', '前期就用硬件可以吗', '可以兼容华为硬件吗', '咱们的科天云需要购置硬件么', '咱们这个怎么跟宝利通硬件结合用呀', '因为我之前选了几家硬件公司', '如果我是把这个部署在自己的硬件上呢', '如果硬件我们自己提供的话', '如果采用硬件的方式', '对各方硬件有要求', '对硬件有什么要求吗', '对硬件设施有要求吗', '就是不需要硬件设施', '就是在主会场如果有硬件是不是会好些呢', '就是硬件方面是我们自己配置的', '就是纯硬件只能用您这边的和软硬件结合在一起的', '就是说硬件是我们自己提供的', '开通需要配置哪些硬件', '意思是硬件自己配', '我不知道你们现在有没有推荐的硬件', '我们已采购了思科的硬件和', '我们想有那种采购了硬件', '我们是否可以用自己的硬件环境呢', '我们现在做的都是硬件方面的方案', '我现在只需要硬件这一块的', '我用其他品牌的硬件可以吗', '我看也没有硬件啊', '是纯云服务还是需要硬件搭配的', '最终的目的是用户能直接通过语音控制硬件', '有什么硬件的要求吗', '有得需要摄像机硬件', '有没有搭配硬件的呢', '每个地点的硬件设备都是一样的吗', '没有其它硬件可以加速之类的', '然后自己添加各种硬件周边', '的配套硬件有吗', '硬件上有什么要求', '硬件扶持是什么意思', '硬件是不是我们自己准备', '硬件有连接给我看看么', '硬件需要自己接的', '纯硬件的有吗', '要和硬件兼容啊', '要哪些硬件才能用呢', '请问你们有没有硬件呀', '请问你们需要布置硬件吗', '跟别人的硬件有什么不一样', '还是随便什么硬件都可以', '这个需要投入额外的硬件设施吗', '那你们合作的硬件厂商是那家', '那光硬件不按年的', '那您推荐一下硬件吧', '那能跟我现有的这几套硬件视讯互通吗', '都有哪方面的硬件呢', '需要买你们的硬件谁被还是怎样', '需要什么样的硬件才可以完成', '需要先问下我们这边需要哪些硬件', '需要配套的硬件设施', '需要额外的硬件吗']
语义向量：[ 2.96199649e-02  6.51735940e-02 -1.03642807e-03  2.11595042e-02
 -3.11080436e-02  9.22438629e-02  3.86845079e-02 -8.03078480e-02
  4.06182533e-02  3.77723402e-02 -1.70846720e-02 -1.30883172e-02
  4.07086250e-03  5.25183042e-02  1.28780354e-02 -1.06025588e-01
 -2.49795885e-02 -1.11798995e-01  2.75865076e-03 -9.93440699e-02
 -3.95438004e-02  5.52033148e-02 -3.40301274e-04 -6.23361783e-02
 -1.16162521e-01  1.32544592e-02  3.16208545e-02 -1.50087487e-02
  4.20138409e-02  1.03429103e-02 -5.49712763e-02 -1.77341758e-01
 -6.83141698e-02 -5.57637578e-03 -4.34155174e-02 -3.96481163e-02
 -1.08008692e-02 -8.55887119e-02  3.46368421e-02 -4.96882828e-02
 -6.77359098e-02 -7.01932385e-02 -3.39730265e-02  8.56469072e-02
 -4.82781480e-02  2.88920067e-02 -7.95860578e-03  3.43418593e-02
  8.23492199e-02  3.80402419e-02 -1.10414060e-01  3.14645112e-02
  8.41588641e-02 -4.82995940e-04 -9.51676556e-02 -7.17290209e-03
  7.89146359e-02 -5.22184667e-02 -2.57064096e-02 -3.03702904e-02
  7.52662220e-02  2.37474561e-02 -5.64032882e-02 -1.20222334e-01
 -1.12301387e-01 -2.11790592e-02 -5.40886547e-02 -1.04523531e-01
  4.77454642e-03 -1.38066943e-01 -1.32155862e-02 -2.03665700e-02
 -1.96753455e-02 -6.81882093e-03  1.27946009e-02 -1.43556538e-01
 -4.54910795e-02  8.17933344e-02  2.14122325e-02 -8.52036103e-02
 -9.09564901e-02  3.57325750e-02  1.34521915e-01 -9.15544254e-02
 -2.42280699e-02  1.71023599e-02  3.34330466e-03  2.05898889e-02
  1.21942997e-02  9.46586104e-02  8.09140967e-02 -1.13043760e-01
  2.42840775e-02 -1.05744917e-01  4.03298141e-02 -4.04105316e-02
  7.88653531e-02 -6.47896460e-02  5.11641685e-02 -3.15352149e-02
  1.84195001e-03 -5.88188897e-02  4.82672306e-02  4.86955355e-02
 -1.06387244e-02 -1.93637234e-02 -3.01547383e-02  1.05652616e-01
  9.53654146e-03 -3.22980763e-03 -5.10734788e-02  2.64030678e-02
  4.28156699e-02 -3.19021087e-03 -3.74642591e-02  3.71689273e-03
 -1.46349336e-02  6.57617353e-02 -1.25122420e-01  3.95788262e-02
 -6.67566860e-04 -1.85324636e-01 -6.98720968e-02  9.53477439e-03
  7.48344170e-02  1.21567693e-01  5.69608551e-03  4.95759147e-02
  2.48847720e-02  7.69167472e-02 -9.70555646e-02 -4.87740739e-02
  9.52294315e-02 -1.98103562e-03  5.05282184e-02  1.82687785e-01
  9.73007129e-02 -1.32940931e-01  1.69211366e-02 -6.61637122e-03
 -8.49304963e-02  4.71083497e-02  8.86626008e-02 -1.81307059e-03
  5.50207406e-02 -1.31502110e-02 -1.25174767e-01  1.51584695e-01
  1.02097377e-02 -1.95233735e-04  3.74926360e-02 -2.09255898e-02
 -2.92358218e-02  7.26623111e-03  3.11030831e-04  4.38604314e-02
  1.43984676e-02 -2.05696075e-01  9.01775299e-02  6.65695085e-02
  7.98073624e-02 -6.43538740e-02  4.56903787e-02  1.53122999e-01
 -8.19764706e-02 -3.94398568e-03 -2.02715879e-02 -6.59622751e-02
  3.25971916e-02 -6.10752698e-02 -7.47031517e-03 -1.60499279e-01
 -2.35890605e-03  1.34172570e-02 -1.45405793e-02  9.72776240e-03
 -2.86917365e-02  8.51169716e-02  6.15118175e-02  5.57430814e-02
  8.94040132e-02  1.26648581e-03  5.69251434e-02 -1.13793116e-01
 -1.08471808e-01  3.31259547e-02 -1.65020499e-01 -3.92912035e-02
 -4.11244964e-02  7.57119714e-02  1.99351114e-02  4.72387845e-02
  4.14125790e-02 -4.46448089e-02 -7.09749139e-02 -6.79376321e-02
 -4.89963851e-02  1.72055068e-01 -5.81573037e-02 -9.63378393e-03
 -1.60698725e-01 -3.35722075e-02 -3.94360886e-02  1.48425437e-02
 -6.84111558e-02 -4.09490541e-02  9.71841988e-02 -7.09839874e-03
  8.65609895e-02  4.56025030e-03  7.50723826e-02  1.88171678e-02
 -7.82065881e-02 -4.29757039e-02  1.07535842e-01  3.33997640e-02
  4.09386267e-03  1.74518083e-02 -3.78323488e-02  7.23445852e-02
  1.07289691e-02 -5.81152011e-03  3.23092113e-02  2.07557005e-02
 -4.43768267e-02  8.88840048e-02 -1.48336379e-02 -1.14618936e-02
  7.82831014e-03 -3.32719500e-02 -1.30230162e-02 -4.70878750e-02
  2.54238180e-03 -9.01451610e-03  3.70404074e-02  1.81045877e-02
 -7.46209975e-02 -1.13936042e-01  3.90489753e-02  1.85278305e-01
  3.03743356e-02  8.81754582e-03 -3.51486861e-02 -5.84002789e-02
  3.62844280e-03 -9.26690176e-02  3.19736255e-02  3.45397295e-02
  6.01709433e-02 -2.55323214e-02  5.99376303e-03 -4.44006929e-03
 -4.75243063e-02 -4.18429968e-03 -7.39288765e-02  1.16664197e-02
  1.28305107e-02 -8.57674583e-02 -1.09290040e-02  8.82860242e-03
  5.37816482e-02 -3.91092165e-02  4.28905446e-02 -1.23930463e-01
  4.70085542e-02  1.36886699e-03 -6.01017930e-04 -1.02478044e-02
  7.16031522e-02 -4.61503566e-02 -2.70068136e-02  4.42303258e-03
  8.79218279e-02  5.67723377e-02 -2.34584059e-02  4.81394557e-02
  8.30436497e-02  5.66689452e-02  3.21471581e-02  2.66522327e-02
 -3.56226856e-02 -7.66165373e-02  2.72779370e-02 -9.68467357e-03
  6.29227429e-02  1.13566325e-02  4.47130740e-02 -1.22983323e-01
  3.29912362e-02 -1.45088982e-02 -6.63687122e-02  3.71746200e-02
  1.65994596e-02 -5.23223182e-03 -4.62786421e-03 -5.40334565e-03
  1.14719663e-01 -1.66743797e-02 -8.78629370e-03 -7.02239476e-02]


第2类： ['不是硬件', '不是硬件', '你们提供硬件设备吗', '你们有没有硬件设备', '单独硬件', '您这边没有硬件设备', '是硬件还是服务', '有没有硬件设备呢', '有硬件设备吗', '有硬件设备吗', '没有硬件', '硬件一套设备多少钱', '硬件设备卖吗', '硬件设备呢', '还有需要什么硬件设备', '需要买几件硬件设备', '需要什么硬件设备', '需要什么硬件设备', '需要什么硬件设备吗', '需要使用什么硬件设备', '需要哪些硬件设备']
语义向量：[ 6.66741793e-02  1.34976931e-01 -3.34940245e-03  3.49121294e-02
 -9.87440156e-02  2.58465572e-01  1.14872705e-01 -1.37973992e-01
  8.32204634e-02  8.45170261e-02 -4.76995575e-02  2.05102577e-02
 -4.71595754e-02  1.77913937e-01  1.00302425e-01 -2.50213756e-01
 -8.04384523e-02 -2.92018189e-01  2.62800399e-03 -2.34950517e-01
 -1.05853164e-01  1.94106957e-01 -6.48057645e-02 -1.79667568e-01
 -3.53239946e-01  6.03807633e-02  5.68031638e-02 -9.86818884e-02
  8.82456789e-02  1.36841771e-02 -1.71217605e-01 -4.15726642e-01
 -1.68617373e-01 -2.83595249e-02 -1.05833258e-01 -1.12334548e-01
 -2.87020125e-02 -2.12189139e-01  1.08115778e-01 -1.31006325e-01
 -1.85894352e-01 -2.06813103e-01 -1.09143798e-01  1.61593765e-01
 -1.10849312e-01  6.49914694e-02 -3.56936502e-02  4.74954409e-02
  1.92869180e-01  1.51304814e-01 -3.00247321e-01  1.66660329e-01
  1.97980632e-01 -2.31110524e-04 -3.21836930e-01  2.71993490e-03
  2.42698071e-01 -1.19200561e-01 -9.21064150e-02 -1.20370830e-01
  1.27712355e-01  9.83366952e-02 -1.62722312e-01 -3.65849150e-01
 -2.82499851e-01 -6.69527966e-02 -7.28893610e-02 -2.53646900e-01
  2.89167888e-02 -3.68661521e-01  2.91789242e-02 -1.17457988e-02
 -3.25310690e-02 -7.06155319e-03  1.06654675e-01 -3.43964387e-01
 -1.39417196e-01  2.29435560e-01  2.95851649e-02 -2.02349437e-01
 -2.47669571e-01  1.18707456e-01  3.52961879e-01 -2.65624116e-01
 -1.01227467e-01  1.72351341e-02  2.78403994e-02  9.67043581e-02
 -1.95295695e-03  1.76589532e-01  2.04273352e-01 -3.16950959e-01
  2.73485819e-02 -3.06886569e-01  7.06716709e-02 -1.40663974e-01
  1.62259699e-01 -1.90818215e-01  9.62623523e-02 -4.45118223e-02
 -4.07922985e-02 -1.81816551e-01  8.18700159e-02  1.80398483e-01
 -1.20592229e-02 -2.93743356e-02 -8.32391218e-02  2.90323991e-01
  5.29919316e-03 -1.02702118e-02 -1.05864301e-01  1.61562649e-02
  9.49876372e-02  3.52784899e-02 -1.47517885e-01  1.49936625e-02
 -5.55417067e-03  1.97992089e-01 -3.55074643e-01  1.08813370e-01
 -2.12559348e-02 -4.64077016e-01 -1.78506042e-01  4.33956383e-02
  1.78570086e-01  3.11708034e-01 -2.07983990e-02  1.01922583e-01
  6.26730832e-02  2.52881359e-01 -2.13155697e-01 -1.00078698e-01
  3.31421780e-01 -3.38923807e-02  1.25819436e-01  5.28094794e-01
  2.42408102e-01 -4.29333538e-01  3.11205474e-02 -3.72415034e-02
 -2.42084879e-01  9.48664920e-02  2.62117301e-01  1.31731070e-02
  2.10140010e-01 -3.79178876e-02 -3.33720267e-01  4.01261963e-01
  1.94693305e-02  3.08698583e-02  4.71995599e-02 -2.04469546e-02
 -7.49255761e-02  8.32876814e-03 -1.10163656e-02  1.39208684e-01
  8.04939658e-03 -4.88897062e-01  2.22215899e-01  1.87804986e-01
  2.46279179e-01 -1.81131124e-01  1.28540109e-01  4.38625796e-01
 -2.39792384e-01  9.74595454e-03 -9.77666598e-02 -1.30500273e-01
  1.11034649e-01 -1.92886303e-01 -5.28576773e-02 -3.98861278e-01
 -3.11318587e-02  3.82633397e-02 -3.80999473e-02 -3.67346693e-02
 -8.03867389e-02  1.97217310e-01  1.58879019e-01  1.53890627e-01
  2.69678229e-01  3.36378822e-02  1.57676580e-01 -2.32722877e-01
 -2.59642469e-01  1.45171891e-01 -4.55771858e-01 -7.63714722e-02
 -1.07472313e-01  2.02294912e-01  2.85763383e-02  1.58786796e-01
  9.60990588e-02 -1.15006317e-01 -2.31242724e-01 -2.03774656e-01
 -1.48155248e-01  4.26809192e-01 -1.58823210e-01 -4.97963436e-02
 -4.18358282e-01 -8.32688023e-02 -9.89269289e-02  3.00029906e-02
 -2.35268209e-01 -1.22726715e-01  2.66420236e-01 -5.78243889e-02
  2.13645014e-01 -2.70571249e-02  1.55836676e-01  4.55671367e-02
 -1.68667198e-01 -1.62124097e-01  2.81290210e-01  1.69058393e-02
  3.22580224e-02  3.00087529e-02 -1.17730687e-01  2.06948514e-01
 -1.39875614e-02 -3.37080444e-02  1.02341989e-01  4.99795019e-02
 -1.06357999e-01  2.22973157e-01 -1.74480920e-02 -3.82144762e-02
  2.57989897e-02 -1.15200406e-01 -7.46433000e-02 -1.14531454e-01
  1.85890081e-02  9.08848977e-02  1.08560151e-01 -4.26239420e-03
 -2.16634643e-01 -2.60116078e-01  9.87804759e-02  4.97386986e-01
  9.35413202e-02 -8.09182843e-02 -9.78299535e-02 -1.51851497e-01
  7.64039456e-03 -2.83085743e-01  1.27273631e-01  9.30547977e-02
  1.85096278e-01 -4.95295862e-02  3.04479413e-02  1.00414964e-02
 -1.28985148e-01  4.11760174e-02 -1.61731248e-01  6.62523785e-02
  1.67408941e-02 -2.14798339e-01 -5.64538235e-02  8.56434488e-03
  1.64531007e-01 -1.00086732e-01  1.34460609e-01 -3.26719620e-01
  1.21614392e-01 -3.12680053e-02 -2.48012264e-02  2.14516528e-02
  1.64432076e-01 -1.42678427e-01 -8.51576177e-02  1.60646926e-02
  2.36247680e-01  6.30042702e-02 -8.67136291e-02  1.56908063e-01
  2.16169867e-01  1.19851143e-01  9.31687252e-02  4.61217215e-02
 -5.04339845e-02 -1.55520720e-01  3.76577755e-02 -6.21120671e-02
  1.99908781e-01 -5.98823233e-03  1.49694194e-01 -3.56627710e-01
  1.05935770e-01 -7.75883651e-04 -1.46164293e-01  1.56746322e-01
  3.86042912e-02 -3.36128597e-02 -2.69742389e-02  3.20705711e-02
  3.38460569e-01 -5.92353049e-02 -3.50459176e-02 -1.29036293e-01]


第3类： ['不用其他硬件', '不用其他硬件吗', '不用硬件是吧', '不需要任何硬件', '不需要硬件', '不需要硬件吗', '不需要硬件吧', '不需要考虑硬件', '主要是硬件', '你们不是硬件', '你们也有硬件', '你们卖硬件吗', '你们提供的是否包括硬件设备', '你们提供硬件么', '你们是有硬件', '你们有推荐的硬件设备吗', '你们有硬件吗', '你们有软件系统还是有硬件设备', '你们需要带硬件设备吗', '加上硬件呢', '包含哪些硬件', '另外如果我需要硬件设备', '含硬件吗', '如果没有硬件', '如果配置一套硬件', '客户用的硬件是思科的', '对方只是思科的硬件', '就是硬件的语音识别', '已经具备硬件条件', '思科美国那边是可以提供硬件设备的', '我们已经有思科硬件了', '我们硬件是', '我们需要准备什么样的硬件设备', '我们需要硬件类', '我有硬件', '是一般硬件还是特殊硬件呢', '是否需要增加硬件', '最好都是硬件', '有没有什么硬件要求', '有没有基于硬件的', '有没有硬件什么的', '有相应的硬件设备吗', '有硬件吗', '有硬件投资吗', '有硬件要求吗', '没有硬件吗', '没有硬件是吗', '现在是纯硬件', '由于自己配置的硬件设备', '电视用的硬件', '直播有哪些硬件要求', '硬件也是和', '硬件也是思科的吗', '硬件我们齐全', '硬件我是想要思科模块', '硬件有什么套餐', '硬件有什么要求', '硬件有吗', '硬件有哪些', '硬件有推荐吗', '硬件有没有要求', '硬件设备指的是什么', '硬件这一块', '硬件这一块呢', '硬件需要什么要求', '纯硬件吧', '请问咱们这个有没有硬件设备', '还是只卖硬件的', '这个硬件需要什么', '这是硬件学习吗', '那么硬件呢', '都需要什么硬件', '需不需要单独的硬件', '需要什么硬件', '需要什么硬件吗', '需要哪些配套的硬件设备', '需要增加什么硬件', '需要硬件吗', '需要硬件吗', '需要硬件吗', '需要购置硬件吗', '需要配哪些硬件', '需要配置什么硬件', '需要配置硬件吗']
语义向量：[ 0.0558513   0.11523711  0.00067508  0.03631565 -0.06010816  0.16542478
  0.07298584 -0.13388745  0.07362059  0.06723222 -0.03050452 -0.02067459
  0.00448709  0.09619971  0.0231016  -0.18432787 -0.04574602 -0.19293623
  0.00168982 -0.16697981 -0.06617812  0.10159707 -0.01737075 -0.11193846
 -0.20693025  0.02300499  0.05145328 -0.03420888  0.0684007   0.01845432
 -0.09527723 -0.31090102 -0.11684354 -0.00580512 -0.06571708 -0.06376498
 -0.00801277 -0.13811004  0.06377564 -0.08434626 -0.1125031  -0.12693369
 -0.0654129   0.13461381 -0.08075943  0.05195491 -0.01518736  0.05719026
  0.14069122  0.06912583 -0.19783329  0.06356337  0.14590668  0.00252236
 -0.17661683 -0.01045193  0.14257637 -0.09456364 -0.04494182 -0.05379839
  0.12124929  0.0436667  -0.0924487  -0.21618016 -0.19189758 -0.03630199
 -0.08351677 -0.17840418  0.01393987 -0.23284811 -0.01321728 -0.03612293
 -0.03094564 -0.01558639  0.03330835 -0.24602493 -0.0780487   0.13987413
  0.04116953 -0.14345096 -0.15879781  0.06370858  0.22562853 -0.1648692
 -0.03835858  0.02222757  0.00891464  0.03902602  0.01435425  0.1563548
  0.14331187 -0.19842886  0.04055009 -0.19362473  0.06556142 -0.07271665
  0.12958955 -0.11758004  0.08622451 -0.05354326 -0.00464797 -0.10735305
  0.08389687  0.088663   -0.01842523 -0.02627791 -0.05649907  0.18410179
  0.008924   -0.00666245 -0.08520846  0.04584005  0.07840401  0.00172976
 -0.0694443   0.00881535 -0.02080043  0.11386375 -0.22463504  0.07282833
 -0.00238134 -0.31303039 -0.12029988  0.01841565  0.12950123  0.2152852
  0.01212265  0.08484906  0.03863207  0.13441651 -0.16833558 -0.07549572
  0.17138867 -0.01244459  0.08263778  0.32082023  0.17223956 -0.23417888
  0.02755243 -0.00750219 -0.14725329  0.07579249  0.15910492 -0.00208167
  0.09532453 -0.0166237  -0.21437475  0.26541851  0.01725792  0.00389051
  0.06986342 -0.03976427 -0.0483808   0.00339396 -0.0049804   0.07706425
  0.02182866 -0.34852308  0.15768179  0.10991041  0.13622137 -0.11384725
  0.07416645  0.27046538 -0.14114804 -0.00980186 -0.03521872 -0.10720445
  0.06629161 -0.10965308 -0.01178948 -0.27711695 -0.00916238  0.01974429
 -0.03107943  0.00982628 -0.04352788  0.14365096  0.10112615  0.09113915
  0.16107813  0.00076076  0.10682746 -0.18730744 -0.18587036  0.07052475
 -0.29388849 -0.06384676 -0.0708067   0.1367888   0.03187689  0.08827616
  0.07082505 -0.07691613 -0.12347954 -0.12506705 -0.08446451  0.29133342
 -0.1040319  -0.01944072 -0.28247884 -0.05060557 -0.07182772  0.02449378
 -0.12977726 -0.07868239  0.17018623 -0.02296145  0.14903667  0.00937282
  0.12634157  0.02963415 -0.13077153 -0.07507529  0.18809079  0.05491839
  0.00721836  0.02673513 -0.06930931  0.12460702  0.01036279 -0.01409707
  0.04981329  0.03383505 -0.07485918  0.1506792  -0.02183653 -0.02581718
  0.01784198 -0.06343479 -0.02686662 -0.07762904  0.00390739 -0.00552743
  0.06214272  0.03015306 -0.12799736 -0.19269295  0.07395749  0.31865738
  0.05977062 -0.0067801  -0.05540957 -0.101235    0.00878    -0.17058602
  0.05607107  0.06369734  0.10117538 -0.03700747  0.01494363  0.0075975
 -0.08321899 -0.00150501 -0.12592742  0.0260193   0.01989692 -0.14991274
 -0.02548912  0.00355049  0.09597111 -0.06438545  0.07867019 -0.21437839
  0.07576952  0.00080032 -0.00250122 -0.01146381  0.11909723 -0.08205131
 -0.05414207  0.00899463  0.14984494  0.08584087 -0.0452634   0.09595852
  0.131192    0.09331819  0.04535492  0.04048513 -0.05806332 -0.1242735
  0.04639171 -0.02214085  0.10854784  0.02238309  0.07566353 -0.22029562
  0.0569404  -0.01966345 -0.11723116  0.06726365  0.03718196 -0.01314622
 -0.0112784  -0.00718695  0.19808761 -0.03171133 -0.01870806 -0.11152402]


第4类： ['硬件设备']
语义向量：[ 0.12878995  0.2625201   0.00213722  0.06741516 -0.21821506  0.54945278
  0.24025084 -0.23212124  0.16372925  0.15793604 -0.0989446   0.04481906
 -0.12801424  0.36097437  0.25554919 -0.49177277 -0.13994846 -0.59987158
 -0.00509353 -0.45108879 -0.19902715  0.42497993 -0.18210767 -0.3731181
 -0.7717213   0.12768584  0.09859217 -0.23298819  0.13548076  0.0226204
 -0.35694999 -0.80727053 -0.35355979 -0.08559176 -0.19262061 -0.22468995
 -0.03457708 -0.40839854  0.23787108 -0.26344106 -0.3746866  -0.39969194
 -0.24583377  0.2848841  -0.21332029  0.1169452  -0.09551886  0.06663018
  0.37510493  0.34086931 -0.61388654  0.36974624  0.38472635  0.00640852
 -0.69789672  0.01413106  0.51484275 -0.25332794 -0.21797441 -0.24441096
  0.2205562   0.18742165 -0.34893861 -0.74950123 -0.53993213 -0.14793274
 -0.08280589 -0.4891879   0.1037637  -0.7296083   0.09392624  0.00526374
 -0.03899018  0.00284519  0.26572406 -0.70650369 -0.28269413  0.45812923
  0.03883094 -0.37735695 -0.50432897  0.23084393  0.69870389 -0.52836126
 -0.23062766  0.00392481  0.0462938   0.19867611 -0.04784025  0.29975405
  0.39171648 -0.61451125  0.03070278 -0.63493681  0.12841126 -0.32185769
  0.29473451 -0.39035106  0.17376128 -0.07825407 -0.10005724 -0.3720471
  0.14127776  0.39405018 -0.0212659  -0.04036075 -0.18019505  0.57206601
 -0.02934822 -0.04248282 -0.18884504  0.02387987  0.20798925  0.10464087
 -0.31267327  0.02955762  0.02155065  0.42917976 -0.735511    0.22930205
 -0.05974527 -0.90033519 -0.34083816  0.08471438  0.35244665  0.63681376
 -0.04432098  0.1999743   0.11837523  0.54497302 -0.41199031 -0.18715119
  0.72941935 -0.08042541  0.23387025  1.10301852  0.4854784  -0.90357995
  0.04248407 -0.08837672 -0.50143313  0.17887357  0.56238401  0.03238991
  0.47191471 -0.07878534 -0.672194    0.80407506  0.03419697  0.09148725
  0.08265589 -0.04522539 -0.16678868 -0.00968691 -0.02485634  0.28496817
  0.00505752 -0.94444776  0.43906078  0.37500966  0.50473392 -0.36960584
  0.27536988  0.87958825 -0.48922491  0.03054863 -0.19374773 -0.23238021
  0.23042063 -0.40218487 -0.12401584 -0.77894241 -0.07880321  0.09109922
 -0.06294131 -0.10400787 -0.17200795  0.39485431  0.31826738  0.30280548
  0.57710671  0.06654128  0.34099275 -0.42525476 -0.48972827  0.32711115
 -0.92297429 -0.12880534 -0.22907823  0.43925452  0.03049792  0.34508315
  0.18320441 -0.23444396 -0.4703387  -0.44704533 -0.2888231   0.84702116
 -0.32358527 -0.12845424 -0.85781795 -0.16969317 -0.21353754  0.06885514
 -0.52557087 -0.25416815  0.56053901 -0.13439286  0.41846967 -0.08284999
  0.27339298  0.06910594 -0.32218778 -0.34210926  0.55903757  0.01437885
  0.06971857  0.03758188 -0.24265629  0.41098642 -0.04664818 -0.0899304
  0.21208662  0.09365719 -0.21216395  0.44478294 -0.0285281  -0.08264774
  0.0813271  -0.24100254 -0.17526318 -0.2276338   0.02846287  0.25490767
  0.22596887 -0.00453359 -0.4602896  -0.49570489  0.19705072  1.01441073
  0.20627099 -0.26084897 -0.19897601 -0.31383029  0.02639534 -0.6124419
  0.26519257  0.21498591  0.36513332 -0.09369729  0.07628316  0.05497353
 -0.25720072  0.12944221 -0.32286119  0.16130765  0.02138201 -0.43017602
 -0.14657167 -0.00342211  0.36487025 -0.20184031  0.26564965 -0.64896429
  0.23484758 -0.05493268 -0.04197359  0.08806149  0.30031091 -0.29536116
 -0.18734246  0.05454833  0.48368761  0.10567755 -0.18604746  0.32993901
  0.41598517  0.22809902  0.18123883  0.06276573 -0.07586569 -0.28417528
  0.05595003 -0.13111018  0.42185789 -0.00892082  0.29304624 -0.737993
  0.22918923  0.00461975 -0.27287382  0.35926443  0.10519053 -0.08137548
 -0.08752981  0.09950705  0.70516968 -0.14102192 -0.07387487 -0.22796562]


第5类： ['不需要买硬件对吧', '如果我们买了那种硬件类型的', '我想买的是硬件', '是不需要自己买硬件设备', '硬件招谁买啊', '还是一定要买硬件', '还是要单独买硬件', '除了买云我需要买硬件设备吗', '需要买硬件吗', '需要的配套硬件要额外买']
语义向量：[ 0.01445743  0.0625645  -0.10947467 -0.01578886 -0.0271489   0.08710528
  0.07982341 -0.03331511  0.03660542  0.13094216  0.0273061   0.09600451
  0.02359424  0.1824346   0.05367383 -0.12723679 -0.05405288 -0.16157139
  0.07179459 -0.20655397 -0.08987797  0.04446022  0.0456259  -0.14981931
 -0.09933306  0.03882827  0.01065516 -0.0254227   0.04401469 -0.10784895
 -0.11202777 -0.26773048 -0.08711836  0.07018569 -0.03268707 -0.12397761
 -0.11602718 -0.16997305  0.01265117 -0.06770518 -0.18924525 -0.27947737
 -0.0524149   0.1216471  -0.05849259  0.04856501  0.02689648  0.06524553
  0.11251528  0.05380592 -0.10844414  0.08274147  0.11836687 -0.09449174
 -0.10407542  0.07535768  0.12321333 -0.10578745 -0.05024193 -0.16871984
  0.1713488   0.1244343  -0.09440899 -0.31003508 -0.22017759  0.04139969
 -0.17961737 -0.24535075 -0.11924694 -0.35392243  0.00677711  0.05149098
 -0.04278037 -0.01791327  0.01935699 -0.05226811 -0.09629396  0.14568974
  0.01315513 -0.20640234 -0.1461911   0.1006102   0.23715753 -0.16289663
 -0.13664165  0.12872088  0.07012547  0.13748859  0.0292858   0.2052041
  0.15024335 -0.28541933 -0.0450659  -0.21781667  0.00278317 -0.05263047
  0.05268609 -0.12460572  0.01200387  0.0136873  -0.03979692 -0.1287079
  0.07432261  0.09198185 -0.06467173 -0.11259276 -0.03333045  0.3097885
  0.1587807   0.05763713 -0.04610911 -0.00845138 -0.05141576 -0.03254077
 -0.1497519   0.08654956 -0.03122952  0.06255302 -0.12341312  0.00061131
 -0.03913694 -0.40577546 -0.10878765  0.0984256   0.09325179  0.12782175
 -0.00822859  0.03289287  0.05359707  0.12950375 -0.18741977 -0.06336913
  0.12431745 -0.02801986  0.14695777  0.34926841  0.14406599 -0.18126135
  0.07928241 -0.05422412 -0.23405251  0.00950817  0.08002154  0.00883912
  0.13545934 -0.00995797 -0.21440263  0.27109026  0.01513119 -0.04644357
 -0.06440947  0.0107682  -0.04656911  0.11769413  0.02771451  0.14077781
 -0.00569364 -0.40292687  0.14780551  0.11309938  0.16914229 -0.14136946
  0.01494294  0.3173854  -0.1876839  -0.05634798 -0.12978271 -0.14379371
  0.07220638 -0.10438117 -0.00515825 -0.28279363 -0.01486792 -0.07728063
 -0.04420926  0.00213717 -0.08929675  0.08563289  0.08069272  0.09441015
  0.14969494  0.05921797  0.03218183 -0.17841435 -0.26745196  0.08159121
 -0.31552343 -0.05406415 -0.05017836  0.08334982  0.02953424  0.02651501
  0.04060432 -0.08091426 -0.18681725 -0.01408029 -0.14367603  0.36495844
 -0.12450992  0.0126993  -0.23022124 -0.08816898 -0.04772601  0.00080673
 -0.11680595 -0.04140112  0.09837336 -0.03195149  0.13866455 -0.06007145
  0.17493982  0.03364234 -0.10649839 -0.11112304  0.19933991 -0.04579761
  0.01320102  0.14565349 -0.05124267  0.18679847  0.08073731  0.10031249
  0.05845459  0.04930163 -0.05880889  0.16855958 -0.00719458  0.00507557
 -0.05873265 -0.02595398 -0.01798269 -0.11287658  0.07894777 -0.02589978
  0.05789836 -0.00300963 -0.0773932  -0.23434351 -0.00420749  0.23753649
  0.06283933  0.15701084 -0.06869915 -0.06837777 -0.0811118  -0.12641216
  0.14902983  0.02409369  0.13840485 -0.03795305 -0.05221123 -0.06567382
 -0.09954016 -0.01474159 -0.04506093 -0.06245174  0.08602598 -0.10832021
  0.00565161  0.07046696  0.06147058 -0.1168842   0.09177313 -0.21868736
  0.11938408 -0.04501432 -0.1156173  -0.02316573  0.22458044 -0.11365326
  0.02287285 -0.05302904  0.17856843  0.04443236 -0.09017694  0.07601985
  0.19057824  0.13336703  0.14118328  0.13271059 -0.01326465 -0.12533807
  0.06103323 -0.11515859  0.12912939 -0.12395393  0.17512008 -0.22755101
  0.09754515 -0.05908026 -0.09981677  0.02734861 -0.03625737  0.0168665
  0.03841959 -0.04226339  0.20712126  0.10375293  0.00307604 -0.10816761]


第6类： ['一年包含硬件吗', '包含所需硬件费用吗', '您说的是硬件方案', '我没看到硬件设备的价格啊', '有基于硬件的方案吗', '硬件打通有费用吗', '那硬件的价格呢', '需要提供硬件的相关价格以及功能介绍']
语义向量：[ 0.07523544  0.08608595  0.01387692  0.02575091 -0.04206342  0.10132233
  0.02907117 -0.13429845  0.02881632 -0.06394841 -0.03237745  0.04897316
 -0.07622679  0.07339573  0.0086585  -0.16312941 -0.07555287 -0.17401864
 -0.02021665 -0.11467138 -0.09255034  0.13000649 -0.00057924 -0.06293907
 -0.13768479  0.05227413 -0.00437487 -0.06477246  0.1570899   0.03069919
 -0.15788075 -0.17161192 -0.09442197 -0.08499409 -0.13462443 -0.10486598
 -0.06262952 -0.19545212  0.13416669 -0.11858238 -0.11164815 -0.11873251
  0.01147157  0.14832205 -0.09072921  0.03610018 -0.03482847 -0.02423864
  0.12592984  0.06859667 -0.18000224  0.13262426  0.12530915 -0.00101941
 -0.14073959  0.01838026  0.15737978  0.00651556 -0.03718628 -0.12916966
  0.07949166  0.13779953 -0.06636787 -0.20280322 -0.21581849 -0.09334142
 -0.10561926 -0.18486588 -0.04650186 -0.22281716 -0.01404508 -0.01286841
 -0.05930777 -0.06197391  0.02986119 -0.21649671 -0.08128901  0.19221106
  0.03869632 -0.14174192 -0.15054882  0.11295503  0.25282299 -0.18689517
 -0.04765791  0.04007157  0.03939648  0.08929191  0.00050147  0.09250207
  0.138636   -0.22289354  0.02643235 -0.13345811  0.08143946 -0.03577187
  0.14059815 -0.06935885  0.05360183 -0.007663    0.04427998 -0.05467886
  0.02435852  0.12013193  0.02644348 -0.01988132  0.01432556  0.12982647
  0.0526544   0.05661309 -0.09774249 -0.09073602  0.01945294  0.03010265
 -0.04321502 -0.05982805 -0.02749053  0.13428063 -0.21818109  0.07182208
 -0.00132498 -0.29323816 -0.12475904 -0.04284987  0.10562156  0.15780052
 -0.10268986  0.10143691  0.02694645  0.15836657 -0.06848322 -0.08378954
  0.18420069  0.06205302  0.09142728  0.27140516  0.11437911 -0.29877158
  0.00780769 -0.06033579 -0.13408112  0.05757147  0.11697676 -0.01602119
  0.18254284 -0.07400687 -0.25456751  0.25408627  0.06059384  0.00688552
  0.02112617  0.04966106 -0.02876481  0.02383573 -0.00903761  0.05796171
  0.0341155  -0.25242275  0.14439538  0.16737375  0.20855847 -0.08453662
  0.08400386  0.34618764 -0.15178645  0.06294113 -0.13321414 -0.12240299
  0.03614791 -0.13322598 -0.06696903 -0.23911584 -0.06104709  0.11744524
 -0.014715    0.00882796 -0.07258678  0.13787863  0.10256691  0.10376707
  0.13247094  0.04342814  0.068633   -0.12488803 -0.13138482  0.0574848
 -0.21436763 -0.11611198 -0.02628782  0.03438297  0.02209565  0.04380869
  0.10577895 -0.10804417 -0.1526569  -0.09943213 -0.1820355   0.22912788
 -0.08553448  0.05148928 -0.23383353 -0.06251135  0.02743099  0.02323881
 -0.07077247 -0.06579787  0.10609239  0.030847    0.15882502  0.01923178
  0.11081404  0.03348805 -0.1075513  -0.13902973  0.15138351 -0.03034664
  0.02340594 -0.00990906 -0.0469275   0.1235211   0.02304579 -0.00719413
  0.1041919   0.04233014 -0.05631644  0.16320995  0.02848742 -0.00948646
 -0.0104813  -0.04865789 -0.07101129 -0.09549331  0.0409782   0.05519064
  0.09465544 -0.04211093 -0.11823175 -0.17793047  0.0325313   0.33607963
  0.05783892  0.00960308 -0.0648193  -0.0785535   0.03025996 -0.10381099
  0.0416148  -0.01794654  0.16265422 -0.04919761  0.02442348 -0.10656049
 -0.11686369 -0.01215501 -0.10908588  0.03401327 -0.03371493 -0.11591915
 -0.02927087  0.05394507  0.07201599 -0.03735428  0.0866349  -0.22427682
  0.04433046 -0.07668787 -0.06878508 -0.05066496  0.10792677 -0.07031013
 -0.02852158 -0.03190116  0.13286438  0.02893149 -0.0121282   0.05092569
  0.14677384  0.06242868  0.1131994   0.02814352 -0.09709297 -0.12773486
 -0.01145024  0.00711964  0.09230396 -0.05393802  0.10535751 -0.16626178
  0.00646445  0.00914569 -0.07458391  0.04904072 -0.02644301 -0.02872067
  0.04798745  0.01311774  0.21488215 -0.08699886 -0.01277543 -0.08852886]


