第1类： ['一个终端多少钱', '一个终端要多少钱', '两个终端吧', '个终端就是', '个终端就是', '个终端左右', '个终端要多少钱', '你们一个终端多少钱', '你们的硬件终端包括哪些设备', '同时在线终端数', '外加多个外接终端', '多少钱一个终端', '多终端协同', '大概四五个终端吧', '应该不止一个终端', '思科的终端一体化设备有哪个', '总终端不超过', '我们没有终端数', '我们还有思科硬件终端', '是卖硬件终端', '最多的终端数目', '有思科终端的', '有终端可以采购', '每终端一年多少钱呢', '没有专用终端', '用于解决终端', '直播按终端数量吗', '硬件终端也有吧', '硬件终端在我们的总部', '硬件终端用什么', '终端一般在', '终端不会太多', '终端不会超过', '终端不会超过', '终端基本上就主持方一个', '终端客户暂时不方便', '终端数量不多', '终端是指', '终端的硬件设备都需要什么', '这个终端哪里买', '这个终端是指移动设备', '这算几个终端', '这终端都是', '那一个终端多少钱', '那如果我有硬件终端']
语义向量：[-3.69255940e-02  8.12341170e-02  6.88799484e-02  8.08382675e-03
 -2.22348073e-01  1.41863956e-01  1.42831400e-02  6.11150082e-02
 -8.37836639e-02 -1.70533612e-02 -8.48122588e-02  2.19211862e-01
 -1.65638314e-01  1.30757471e-01  7.53801129e-02 -2.52575640e-01
 -7.38934300e-02 -3.01254337e-01 -3.34341249e-02 -5.51816673e-02
  2.98049495e-01  2.53295572e-01 -1.05034447e-01 -2.61064876e-01
 -2.86846412e-01  4.48670671e-02  7.31869878e-02  4.08362689e-03
  4.28932418e-02  1.16116504e-01 -1.74383777e-01 -1.16298066e-01
 -1.98420053e-01  1.69351064e-01 -8.08482744e-03  6.07207328e-02
 -1.33674729e-01  2.00331733e-01  1.71759555e-01 -2.64858735e-01
  1.66413111e-02 -2.23307203e-01 -6.61241411e-02 -7.78754563e-03
 -4.71749100e-02  1.05826812e-01  7.51614505e-02 -1.13829388e-01
  7.59973899e-02 -1.61235330e-02 -1.54620419e-01  8.49136898e-02
  1.70006213e-01 -2.57460159e-02 -1.23854650e-01  4.51269767e-02
  2.63916575e-01 -3.36516680e-03  9.74382082e-02 -2.24131916e-01
 -6.74815050e-02  6.87129858e-02 -1.17845443e-03 -2.10808697e-01
 -2.16100634e-01  6.42221230e-02 -2.03973078e-01 -9.16877007e-02
  1.95462807e-01 -2.17466396e-01  1.40988178e-01 -2.31021263e-01
  6.99101990e-02 -2.42716895e-01  1.16550759e-01 -2.12028932e-01
 -2.95735055e-02  1.93086891e-02  8.67024714e-03 -5.04468324e-02
 -3.95030939e-01  1.56450026e-01  1.08442693e-01 -2.85700139e-01
 -2.58590323e-02 -8.40615964e-02  1.85114633e-01  5.45339197e-02
 -3.13142152e-02  5.34221408e-02  1.83565932e-01 -2.83553794e-01
 -9.24965471e-02 -3.40676146e-01 -1.70565776e-01  2.17684165e-02
  1.25671263e-01 -2.75684495e-01  1.75828944e-01  1.28392357e-01
  1.44410620e-02 -7.13431504e-02 -1.85974133e-01 -1.17337532e-02
  4.73476676e-02 -3.54782953e-02  2.23239419e-01  3.10305448e-02
 -8.82832384e-02  9.24711502e-02 -1.03805763e-02  6.05773086e-02
  6.70396713e-02 -1.26009128e-01 -1.29753348e-01 -2.01659321e-01
 -7.39851865e-02  2.67324054e-01 -1.13332462e-01  2.67144540e-01
 -3.56741409e-01 -2.46647839e-01 -6.47846200e-02 -2.08477856e-02
  5.21552128e-04  2.88423908e-01 -1.23465351e-01 -7.34048045e-02
  4.11409506e-02  3.60677298e-02 -1.27727739e-01 -1.23986845e-01
  1.95026056e-01 -9.50503909e-02 -8.36740759e-02  3.56710802e-01
  2.52202511e-01 -3.35328284e-01 -1.15679503e-01  1.84261831e-02
 -1.15728301e-01  1.94822405e-01 -1.28043460e-01 -1.16728302e-01
  2.00489760e-01 -8.46951015e-02 -1.44659875e-01  4.27899805e-01
  4.25257115e-02  5.15337182e-03  2.36957734e-02  2.14273011e-02
  1.16070411e-01 -2.64972733e-02 -1.64756191e-01  1.11358179e-01
  2.10898917e-01 -2.73975105e-01  6.17543266e-02  3.59060911e-01
  2.16721348e-01 -1.02032018e-01 -5.38032903e-02  5.03774558e-01
 -2.00499238e-01 -1.02433981e-01 -9.74819902e-02  7.52087327e-04
 -8.61670356e-03 -1.50639579e-01 -5.24474853e-02 -3.06246070e-01
 -6.56882762e-02  2.72089154e-01 -2.77905060e-01  2.22886416e-04
  2.99111095e-03 -7.69496018e-02 -5.10575427e-02 -4.53208561e-03
  3.57659887e-02  1.27347952e-01 -6.44490636e-03 -2.12173886e-02
 -1.86665208e-01  1.11920163e-01 -2.84377597e-01 -5.78785849e-02
 -9.66539385e-02 -3.79888812e-02  8.38229938e-03  1.52759552e-01
  9.44809779e-02 -1.69527537e-01 -7.73379704e-02 -1.58002381e-01
 -1.96365397e-01  1.94381571e-01 -9.17303493e-02  2.70600629e-02
 -1.33996330e-01  5.10490708e-02 -1.09877279e-01 -6.15602998e-03
 -2.42736163e-01  6.18653925e-02  1.39879038e-01 -3.27942069e-01
 -5.45413908e-02 -1.02655457e-01 -4.58476298e-03  7.71982546e-02
 -1.50636883e-01 -3.87971500e-01  1.02086810e-01  3.61431554e-02
  1.83023885e-01 -3.10837509e-02 -1.69539069e-02  3.57476357e-02
 -7.06068025e-02 -8.78582847e-03  7.73458404e-02 -1.23345195e-01
  8.30214971e-02  4.45901139e-02 -6.28554306e-02  4.19373911e-02
  1.59591707e-01 -1.11702097e-03 -4.18034054e-02  9.19705523e-02
  1.23034857e-01  6.33467326e-02  1.92766051e-01  1.41963010e-01
 -1.33409405e-01  4.80398357e-02  1.45743447e-01  2.05179747e-01
 -2.31522748e-02 -1.80068058e-01 -2.43987664e-02 -2.43417069e-01
  3.26069343e-02 -2.90705174e-01  4.70187761e-02  4.34739996e-02
  1.93570603e-01 -1.13617202e-01  2.14875771e-01  9.72320948e-02
 -9.34717279e-02  7.08667747e-02  2.48448973e-02  1.05366921e-01
 -4.68869861e-02 -1.85874879e-01 -7.20233539e-02  6.81925447e-02
  6.01636366e-02  1.40781316e-01  1.74735843e-01 -9.97693320e-02
  6.81358407e-02  3.09172312e-02  3.81628110e-02  3.36454505e-02
  7.29482605e-02 -2.45106630e-02 -3.87601673e-02  5.70477565e-02
  9.31514154e-03 -7.84799362e-02 -2.30077134e-01  1.69627618e-01
 -4.41915058e-02 -7.41206574e-02 -3.91917242e-03 -1.51527798e-01
 -1.83547191e-02 -2.47036253e-02  1.24369348e-01  3.69431562e-02
  1.43098974e-01 -1.06477316e-01  6.40462837e-02 -2.04665224e-01
  2.90025151e-02 -5.19980379e-02 -1.18026116e-01  7.53716455e-02
 -7.49877629e-02 -8.33939859e-02  9.46304183e-02  8.23968880e-02
  5.07181544e-01 -2.70642111e-02 -1.26849516e-01  2.24589665e-02]


第2类： ['一个终端', '一个终端', '三个终端', '两个终端', '五六个终端', '几个终端', '十个终端', '参与的终端', '四个终端', '是终端客户', '终端不同', '终端可能', '终端后期', '终端客户', '终端的话', '终端里面', '远程终端', '除了终端']
语义向量：[-7.54415627e-02  1.51537809e-01  1.08948257e-01  3.50087778e-02
 -4.28922585e-01  2.08086903e-01  7.55755065e-03  1.20395769e-01
 -1.60303165e-01 -7.35627475e-02 -1.77777140e-01  3.69170926e-01
 -2.95415887e-01  1.60828079e-01  1.01236761e-01 -4.40549579e-01
 -9.43239631e-02 -5.36237639e-01 -6.00850390e-02 -6.06782389e-02
  6.06224477e-01  4.31470563e-01 -2.05817593e-01 -4.90023755e-01
 -4.80622568e-01  5.39661057e-02  1.21837293e-01  3.21699343e-02
  3.10803475e-02  2.21702651e-01 -2.95391472e-01 -1.59860769e-01
 -3.80543537e-01  2.94328070e-01  5.45022704e-02  1.56276502e-01
 -2.35603941e-01  4.31537210e-01  3.11591549e-01 -4.48451074e-01
  3.80093276e-02 -3.57818355e-01 -1.15300544e-01 -4.21556359e-02
 -7.35750306e-02  1.53375487e-01  1.27021059e-01 -2.14049318e-01
  8.14686830e-02 -5.37575705e-02 -2.33130712e-01  7.25365173e-02
  2.93767466e-01 -3.78703134e-02 -1.51018157e-01  4.91234867e-02
  4.70846367e-01 -2.42014594e-02  1.56139894e-01 -3.83958610e-01
 -1.23188152e-01  9.11313627e-02 -1.88620078e-03 -3.04701608e-01
 -3.18366935e-01  1.51033916e-01 -3.38223472e-01 -1.04677992e-01
  3.95203749e-01 -3.19055454e-01  2.60543186e-01 -4.45037233e-01
  1.45883949e-01 -4.69217362e-01  1.97576351e-01 -3.41930507e-01
 -2.14173450e-02 -4.54723347e-02  8.64118545e-04 -3.04357359e-02
 -6.87205234e-01  2.16117637e-01  1.08526544e-01 -4.42433129e-01
 -1.26966485e-02 -1.70675402e-01  3.38709021e-01  8.82619470e-02
 -1.05939711e-01  6.58899411e-02  2.70398531e-01 -4.34696676e-01
 -2.07114974e-01 -5.83348163e-01 -3.58492865e-01  5.64366273e-02
  1.94110307e-01 -4.84894751e-01  3.22818151e-01  2.42177871e-01
  3.35238133e-02 -6.51453638e-02 -3.56073151e-01 -5.48771330e-02
  1.04619273e-01 -5.06304550e-02  4.35734035e-01  7.69793159e-04
 -1.79977783e-01  1.38507645e-01  2.36307708e-02  1.57370477e-01
  1.51292608e-01 -2.53024279e-01 -2.02480527e-01 -3.53751472e-01
 -1.49588355e-01  4.78726866e-01 -1.20580625e-01  4.89624260e-01
 -6.98749642e-01 -3.42695784e-01 -7.82514344e-02 -5.42325021e-02
 -6.91669406e-03  5.18091384e-01 -2.07610782e-01 -1.53555176e-01
  6.74050668e-02 -6.07799790e-04 -2.34867946e-01 -2.20113105e-01
  3.20110093e-01 -1.58182301e-01 -2.40094776e-01  5.84425251e-01
  4.57242671e-01 -5.00076524e-01 -2.31952037e-01  5.06268988e-02
 -2.18590385e-01  3.75518420e-01 -2.76438299e-01 -2.53002594e-01
  3.48896787e-01 -1.62231743e-01 -2.09793629e-01  7.52426699e-01
  6.05267815e-02  1.13176122e-02  7.86651528e-02  3.63177920e-03
  2.17053562e-01 -8.36431094e-02 -3.23055837e-01  1.95496264e-01
  4.18247680e-01 -4.41808119e-01  6.57172932e-02  6.24238749e-01
  3.20702716e-01 -1.26065766e-01 -1.26365417e-01  8.35511380e-01
 -2.83997876e-01 -2.22630318e-01 -1.09978611e-01  3.00104309e-02
 -4.64180756e-02 -2.41559027e-01 -8.35872075e-02 -5.09118852e-01
 -1.15940267e-01  5.22975102e-01 -5.04971021e-01  1.61908434e-02
  7.53952501e-03 -1.93361548e-01 -1.10006615e-01 -6.67933453e-02
  7.45594685e-03  1.79038678e-01 -4.49707628e-03 -1.47929559e-02
 -2.90175324e-01  1.76759994e-01 -4.55414527e-01 -6.97089739e-02
 -1.78711987e-01 -1.02980354e-01 -1.33260267e-02  2.83629895e-01
  1.51057661e-01 -3.05187562e-01 -6.72767820e-02 -2.75458067e-01
 -3.07740938e-01  3.11325803e-01 -1.60611942e-01  4.06355562e-02
 -1.69244036e-01  8.81505836e-02 -1.93619792e-01 -5.87583457e-03
 -4.23876656e-01  1.47685221e-01  2.54636680e-01 -5.96080424e-01
 -1.54993306e-01 -2.19384231e-01 -3.00821211e-02  7.58701294e-02
 -2.62413420e-01 -6.77865803e-01  1.25821635e-01  1.07916645e-01
  3.24949799e-01 -7.38147825e-02  1.33539033e-02  3.22378750e-02
 -1.21070314e-01 -2.80613215e-02  1.16380369e-01 -2.57123676e-01
  1.72730509e-01  8.75358654e-02 -1.13767498e-01  9.16354379e-02
  3.16488483e-01  8.48740008e-03 -4.52441695e-02  1.75479180e-01
  2.30557418e-01  8.41129275e-02  3.33034187e-01  3.42444206e-01
 -2.15349847e-01  1.25645842e-01  2.57406914e-01  2.72476864e-01
 -5.09919723e-02 -3.50542804e-01 -4.56547004e-02 -4.50552982e-01
  6.90190614e-02 -5.09888338e-01  2.44584986e-02  6.53751278e-02
  3.06403147e-01 -2.26309606e-01  4.11257641e-01  2.05872486e-01
 -1.31138125e-01  1.22263604e-01  1.12949436e-01  1.86088595e-01
 -1.07636842e-01 -3.52353916e-01 -1.79146525e-01  1.09828406e-01
  1.21863200e-01  2.68017859e-01  2.83167855e-01 -1.16031495e-01
  9.09252382e-02  9.05752002e-02  1.14702502e-01  4.88815246e-02
  4.61559695e-02 -2.42720354e-02 -7.10117625e-02  1.55637890e-01
 -1.50750573e-02 -7.57988089e-02 -4.05620179e-01  2.70966926e-01
 -1.63892327e-01 -1.78700104e-01 -4.59856967e-02 -2.97211118e-01
 -2.18407827e-02 -1.18523153e-02  2.54965926e-01  8.79907115e-02
  2.33032324e-01 -1.70213341e-01  1.03367294e-01 -3.09757538e-01
  5.85052346e-02 -1.40336379e-01 -1.72680322e-01  9.70322984e-02
 -1.06418775e-01 -1.12540119e-01  1.36712557e-01  1.13102707e-01
  9.23880600e-01 -3.94786340e-02 -2.41255587e-01  6.84965019e-02]


第3类： ['一个终端可以好多人一起使用的', '你们有这个终端吗', '你们的产品可以多终端登陆吗', '你们的产品可以多终端登陆吗', '你所谓的终端就是人数吧', '你指的终端是', '你的终端指的是什么', '入会终端不定期增加减少', '前期安装终端的费用呢', '可以将终端分配到每个会议室里面吗', '多少终端这个没法统计', '宝利通的硬件终端可以通吗', '就是那种终端带摄像头和', '想了解一下终端可以用什么设备', '我们讲师是一个终端吗', '我们这终端数不固定啊', '我这里暂时倒是不多两个终端参与也是可以的', '摄像头算一个终端吗', '是按照接一个终端多少钱还是说在一个范围内多少钱', '是根据最多终端数来算的吗', '桌面分享对终端有要求吗', '每个终端就几个人而已', '每场有俩三个终端', '每次终端应该在八人以下的', '每终端的概念是一个异地端点', '比如要给终端店面进行在线产品培训', '用科天云的终端可以吗', '目前情况下参与的终端最多', '硬件终端是否需要进行参数配置', '终端也想要一起采购', '终端应该不会太多', '终端数大概在二十个以内', '终端有数量限制吗', '终端机器硬件需要有什么要求吗', '终端部是个变量吗', '自带的线是要连接到终端的', '请问你们有思科终端卖', '这个云平台可以兼容思科终端吗', '这个终端数具体指什么', '这个终端是指实时在线的人么', '这里说的每月费用是按照终端数算的么', '那么终端连接可以满足我发的那几个么', '随时可以加终端总量吗']
语义向量：[-2.32834442e-02  4.96511701e-02  3.97704464e-02  9.49056687e-03
 -1.36732504e-01  7.56363844e-02  4.96829448e-03  4.67197994e-02
 -4.95902126e-02 -1.22139797e-02 -4.32059233e-02  1.21954358e-01
 -1.03592660e-01  6.52246296e-02  4.15652422e-02 -1.40072529e-01
 -3.82892437e-02 -1.73011549e-01 -1.84747865e-02 -3.27956152e-02
  1.76147674e-01  1.43081215e-01 -6.29060015e-02 -1.53105249e-01
 -1.76082574e-01  2.57531065e-02  3.54764056e-02  3.28679143e-03
  9.77451964e-03  6.45878988e-02 -1.00074388e-01 -6.17387642e-02
 -1.31252586e-01  9.56066050e-02  1.95585102e-03  3.64563366e-02
 -7.32944892e-02  1.16463645e-01  1.04961933e-01 -1.43526542e-01
  8.06365574e-03 -1.18154016e-01 -4.32020071e-02 -3.38477190e-03
 -2.78388986e-02  6.53613306e-02  2.94533703e-02 -7.72671303e-02
  3.34028995e-02 -6.65317030e-03 -8.56611832e-02  4.30797535e-02
  1.07607131e-01 -1.58918450e-02 -6.19468025e-02  2.56688513e-02
  1.46354088e-01 -1.37388876e-02  4.77982676e-02 -1.27717501e-01
 -3.21775641e-02  4.21443521e-02 -9.72559058e-04 -1.17301724e-01
 -1.10442007e-01  4.45530646e-02 -1.12801809e-01 -5.84049949e-02
  1.11914285e-01 -1.19776717e-01  8.02321369e-02 -1.18107610e-01
  4.74439952e-02 -1.33972649e-01  6.08759645e-02 -1.23449974e-01
 -1.15157748e-02  6.86603748e-03  2.09562296e-04 -3.05365015e-02
 -2.23298418e-01  7.81987321e-02  5.26601193e-02 -1.51517929e-01
 -1.75642774e-02 -4.76648795e-02  1.04417450e-01  2.85501841e-02
 -3.15944462e-02  2.78647528e-02  9.89905443e-02 -1.51754168e-01
 -6.36501667e-02 -1.93806221e-01 -9.69190434e-02  2.98176641e-03
  6.37965857e-02 -1.55801800e-01  1.00159694e-01  7.96917995e-02
  1.33755561e-02 -3.66937495e-02 -1.04963175e-01 -2.15521908e-03
  2.78290782e-02 -2.60595992e-02  1.30815713e-01  8.65856384e-03
 -6.20222357e-02  4.35684262e-02  1.32626240e-03  3.68233938e-02
  4.14063071e-02 -6.91112886e-02 -7.16590085e-02 -1.16648611e-01
 -4.10054266e-02  1.56721955e-01 -6.54396345e-02  1.56044900e-01
 -2.08721312e-01 -1.38031808e-01 -3.39007698e-02 -1.87363258e-02
  1.85900347e-03  1.63554923e-01 -6.20951389e-02 -4.04828267e-02
  2.48748105e-02  2.12364896e-02 -7.40318086e-02 -6.64350535e-02
  1.08628403e-01 -4.79097624e-02 -5.24342123e-02  2.08092444e-01
  1.43583862e-01 -1.82677092e-01 -7.45730127e-02  1.34305395e-02
 -7.54727904e-02  1.15674141e-01 -7.26954234e-02 -7.54186652e-02
  1.28712063e-01 -4.88998036e-02 -7.76371729e-02  2.39262225e-01
  2.11024232e-02  8.28347702e-03  1.08841707e-02  9.40155489e-03
  6.02511565e-02 -2.02636475e-02 -9.04046135e-02  6.52174256e-02
  1.29465976e-01 -1.49855641e-01  3.31755906e-02  2.07767368e-01
  1.21384745e-01 -5.82307670e-02 -2.86472581e-02  2.90581324e-01
 -1.12650303e-01 -5.61318778e-02 -6.05319072e-02 -1.64540919e-03
 -8.25382451e-03 -9.09350891e-02 -2.70231009e-02 -1.70664453e-01
 -3.81433384e-02  1.67045845e-01 -1.60051756e-01  2.18615234e-03
 -5.18591466e-03 -4.46690857e-02 -3.37063236e-02 -6.86875116e-03
  2.91153992e-02  6.86017536e-02  3.26760459e-03 -5.77380974e-03
 -1.03711637e-01  6.37015130e-02 -1.51128216e-01 -3.11673035e-02
 -6.66314522e-02 -1.78799495e-02 -2.93905530e-03  8.34163092e-02
  5.91223309e-02 -9.90709204e-02 -3.54764102e-02 -9.18300460e-02
 -1.07733047e-01  1.13769437e-01 -5.35340698e-02  1.88996690e-02
 -7.70379872e-02  3.04127982e-02 -7.05640020e-02  3.11671644e-03
 -1.40837575e-01  4.17826262e-02  7.81710236e-02 -1.79163943e-01
 -3.54580548e-02 -6.50251164e-02 -9.97993923e-03  3.39922064e-02
 -8.40709272e-02 -2.19032688e-01  5.83465532e-02  2.70862322e-02
  1.01809826e-01 -1.64228534e-02 -1.06965835e-02  8.06543756e-03
 -2.95632714e-02 -3.23399195e-03  5.14849172e-02 -7.89777360e-02
  5.54530213e-02  2.56438841e-02 -3.68977045e-02  2.99394492e-02
  1.03103445e-01  1.27500457e-02 -1.89086086e-02  5.03568797e-02
  6.92982398e-02  3.90288585e-02  1.15441984e-01  9.45215288e-02
 -7.82659579e-02  3.35525185e-02  8.56165962e-02  1.08338418e-01
 -9.81615114e-03 -1.12147591e-01 -1.32403761e-02 -1.41924800e-01
  2.31901184e-02 -1.71599071e-01  1.36678995e-02  3.36954771e-02
  1.01812276e-01 -6.12757280e-02  1.20859928e-01  5.96464466e-02
 -5.21099809e-02  4.29122757e-02  2.42211633e-02  5.52554817e-02
 -2.57931665e-02 -1.13293849e-01 -5.19140137e-02  3.68244665e-02
  4.58154502e-02  7.44431106e-02  9.69096067e-02 -5.44148034e-02
  2.92385173e-02  2.14614791e-02  2.60838084e-02  2.48457964e-02
  4.07272282e-02 -8.61358753e-03 -3.03884475e-02  3.35694937e-02
 -6.01258892e-04 -3.75925533e-02 -1.38769349e-01  9.33974383e-02
 -3.14119164e-02 -4.11716140e-02 -6.20507921e-03 -9.67090063e-02
 -1.07075012e-02 -5.26147059e-03  7.00784727e-02  3.33813654e-02
  8.35825251e-02 -6.87713686e-02  2.96811017e-02 -1.06742568e-01
  2.81675699e-02 -4.18112771e-02 -6.18633594e-02  3.28937156e-02
 -3.95876458e-02 -4.86743828e-02  5.19513692e-02  4.21263439e-02
  2.90079078e-01 -8.79741952e-03 -7.10116881e-02  1.25035798e-02]


