第1类： ['上门解决的还是网络上', '上面写着要登录网络科室', '主要的通讯都是通过网络吗', '之前问你们如果网络不稳定', '也是分钟数而不是网络', '会不会有网络的限制', '但是我们的校园网络可能只有', '你们服务器如果在国内的话网络肯定没有把握', '只要在有网络的地方', '可能在没有网络的情况', '可能是我这边的网络问题', '咱们这个是必须要有网络才能使用吗', '因为可能有网络不稳定的情况只能打电话拨入', '因为有时候出现网络问题我也不知道应该如何处理', '在网络上点进去拔打', '如果网络上课的的话用', '如果网络环境不太好或者是内网的情况下就不能使用了是么', '对于网络要求是怎样的', '对网络有什么要求吗', '就是和网络上的图标一样', '您好我在网络上无法使用', '想通过网络的方式进行使用', '意思是说没有网络的情况下', '我主要是想通过网络互动的方式学习英语', '我以为简单的网络直播的平台呢', '我们公司自己的网络可能不稳定', '我们是深圳市牛商网络股份有限公司的', '我们有使用校园网络的成员', '我们目前做的这个因为网络因素', '我们要做一次网络研讨会', '我已经开启了无线和移动网络', '我怕我们这边的网络不是很稳定', '我想做一个网络学术会议', '我是想进行网络授课用的', '我现在在外面使用的是外部的网络', '是不是受网络影响比较大', '是不是对网络地域有什么限制', '是通过网络方式呼出的吗', '有时候网络不稳定的时候', '有没有官方的网络配置要求', '有没有是可以只通过网络就可以看到画面和听到声音的直接交流的', '没有网络端口的限制吧', '理论上网络会有限制来着', '福州龙腾简合网络技术有限公司', '网络为什么这么卡的呢', '请问我们这边除了网络好之外', '跟网络有没得直接关系', '还是对方也必须是网络', '还有这个对网络有要求吗', '这个对网络信号有要求吗', '这个对网络有什么要求吗', '这个对网络要求很高吗', '这个系统对网络有什么要求么', '这种对设备和网络环境要求较高吧', '那是可以通过网络方式加入的对吧', '那这个对网络要求高吧', '麦克和和摄像头还有网络都没有要求']
语义向量：[ 1.28993831e-02  2.76671611e-02  4.44752801e-04 -6.52635647e-03
 -7.57155157e-02 -6.73117735e-03  7.16820215e-03 -2.70607026e-02
  5.86836460e-03 -2.43391814e-02  2.22795479e-02  4.93862847e-02
  2.05774897e-03 -1.51646268e-02 -2.24479376e-05  1.34246325e-02
 -7.90609054e-02 -2.26430670e-02 -3.68372628e-02 -4.67385834e-02
 -1.43779180e-02  4.98558322e-02 -1.21106438e-01 -3.19792516e-02
 -1.38071641e-01  5.25200837e-02 -2.23353246e-02 -6.88547210e-02
 -4.29809929e-03 -5.75534386e-03 -8.67457789e-02 -8.00277358e-02
 -1.97472506e-01  1.87252212e-02  1.50932840e-02 -2.14002902e-02
  4.71120725e-02 -6.89041143e-02  7.86485250e-02  1.87197836e-02
 -9.73589849e-02 -4.34870810e-02 -7.18013912e-02  3.41197901e-02
 -4.04647079e-02  5.02062807e-02 -1.06863229e-01 -3.21131517e-02
 -2.91865595e-02  4.13748839e-02 -5.21031250e-02  6.89202180e-02
  8.22519012e-02 -2.08775550e-02 -8.51919695e-02  1.90496407e-02
  1.17846025e-02 -5.64892530e-02 -3.13799989e-02 -5.00230824e-02
  5.23768167e-02  8.50149406e-02 -5.34823860e-02 -9.14317696e-02
 -3.47420220e-03 -2.20474647e-02  1.02892916e-02 -8.94829435e-02
 -2.03232108e-02 -1.29869352e-01  3.83929480e-02  3.78934440e-02
  5.38248304e-02  4.23196843e-02  1.56108935e-02 -4.58509021e-02
 -1.86171980e-02  5.60890331e-02 -3.96633183e-02 -3.64272117e-02
 -1.00447661e-01  2.60642916e-03  3.17648330e-02  3.19596820e-02
 -9.49717148e-03 -1.15689800e-02  5.06225880e-02  3.47567420e-02
 -8.37102481e-02  2.60441880e-02 -3.04554682e-02 -5.97687475e-02
 -5.38753334e-02 -1.10702797e-01 -7.40117300e-02 -6.07060470e-02
 -1.66114721e-03 -3.47797496e-02  2.57507877e-02  5.74845142e-02
  8.16746166e-05 -3.55480301e-02 -1.90155579e-02  5.82945805e-02
  3.50178747e-02  2.29169962e-02 -5.67572730e-02  3.31125637e-02
  1.36118966e-02 -8.55148815e-02 -2.96157565e-02  1.55441140e-02
  2.45718313e-02  6.16386932e-02  1.19112526e-02  7.92649008e-02
  2.57794177e-02  5.03314985e-02 -1.28757962e-01  5.28368159e-02
 -1.02696280e-02 -6.86604696e-02 -5.84411047e-02 -5.68998775e-03
  8.01399584e-02 -1.10520797e-02  9.96092236e-03 -2.62932619e-02
  8.16208422e-02  9.03996242e-02  2.65521989e-03 -1.64217319e-02
  1.28885448e-01  2.83151418e-02  4.52540330e-03  8.78266295e-02
 -8.70410630e-03 -1.28469380e-01 -6.30902408e-02  9.51528214e-03
 -5.63803812e-02 -1.67640415e-02  6.73880017e-02 -1.79593871e-02
  1.20045951e-01 -1.08758436e-02 -9.83874134e-03  5.19532151e-02
  2.42539464e-02  2.90124484e-02 -1.36979144e-02  1.81095105e-02
 -8.49559043e-02 -3.26797363e-02 -4.19331968e-02  5.48250278e-02
 -5.79211782e-03 -4.50154647e-02  8.70283941e-02  1.36503717e-02
  1.16905559e-01  1.19768698e-02  2.95823021e-02  1.33297575e-01
 -4.49081427e-02  3.03549385e-03 -1.09668313e-01  4.63072755e-03
  4.88475824e-02 -7.74996950e-02 -3.94697793e-02 -5.56452272e-02
 -2.38992813e-02  5.84419225e-02  2.08906687e-02 -4.39529497e-02
 -7.46928161e-03  4.49352588e-02  8.45063799e-02  3.11537109e-03
  5.77592019e-02  1.14630145e-02  6.93744988e-02  1.55908432e-02
 -1.26797455e-02  8.29571238e-02 -8.48114007e-02 -5.91241779e-02
 -1.13769127e-01 -2.60101208e-02 -6.14529998e-02  1.77310644e-02
  2.98183555e-02  5.94515157e-03 -6.36891118e-02 -8.28885531e-02
  3.20239644e-02  1.09680666e-01 -7.62257200e-02 -7.46089263e-04
 -4.15605623e-02 -2.29412925e-02 -4.71538346e-02  1.00412367e-02
 -3.67047361e-02 -2.39359210e-02  2.94708391e-02  2.73054201e-03
  2.77813871e-02 -1.98528410e-02  8.11070809e-03 -5.83827544e-04
  1.14056316e-02  1.60330206e-02  1.12842113e-01 -3.72624138e-02
 -1.53038721e-02  4.36378632e-02 -1.30037948e-01  1.30855798e-02
 -5.55901064e-03  2.59165916e-02  6.60611905e-02 -3.26847898e-02
 -7.46862136e-03  5.02554120e-02  1.88098530e-02  5.52941423e-03
  3.45389014e-02 -7.29201297e-02  2.04263420e-03 -2.96948354e-02
 -7.06850054e-03  3.32172536e-02  4.75925208e-02  1.59762365e-04
 -8.99510999e-02 -3.30187408e-02  2.43716351e-02  4.40449577e-02
  3.80200045e-02 -1.11111381e-01 -2.71008399e-02 -3.10788033e-02
  5.60055531e-02 -4.47067271e-02  6.29320543e-03  2.07684724e-02
  5.03970971e-02  3.04447962e-02 -5.36674140e-03  1.31027204e-02
 -4.98002102e-02  4.09685978e-02  8.88713129e-02 -1.80475036e-03
 -2.74988685e-02 -9.32443848e-02 -8.65977072e-02 -3.22636682e-02
  8.82713608e-02 -1.93577089e-02  3.61829531e-02 -8.69080822e-02
 -2.83574863e-02  1.20949563e-02  7.50103918e-02  4.32265066e-03
  8.37834013e-04 -3.45602056e-02 -7.36280176e-02  2.91251415e-02
 -2.03342752e-02 -6.66780833e-02 -5.28107737e-02  8.31278256e-02
  2.35794818e-02 -3.72960792e-02 -1.90869656e-02 -5.70733052e-02
 -6.73596904e-03 -2.35054093e-02  5.54181365e-03  6.63357080e-02
  1.80364302e-02 -6.16232835e-02  7.84895506e-02 -1.12796303e-01
  6.41559384e-02  3.20651037e-02 -2.50756766e-02  1.11054775e-02
  1.72365061e-02 -6.15063645e-02 -7.45426162e-05 -4.57251556e-02
  4.54499672e-02  8.74392998e-03 -5.01367748e-02  2.62362017e-02]


第2类： ['华舜网络', '四级网络', '对于网络', '康桥网络', '恒石网络', '水木网络', '网络不大号', '网络不太好', '网络公司', '网络公司', '网络占地', '网络技术', '网络拨号', '网络推广', '网络教学', '网络教学', '网络活动', '网络稳定', '网络窗口', '网络语言', '金鼓网络']
语义向量：[ 0.06635717  0.10449132  0.0187478  -0.01828248 -0.26009265 -0.03338342
  0.02420128 -0.11717125  0.02282406 -0.10093385  0.06729679  0.16549404
  0.01811531 -0.05723681 -0.02420026  0.04161736 -0.29381558 -0.07695764
 -0.15009367 -0.15777007 -0.04871608  0.17413948 -0.43770301 -0.1104863
 -0.47238266  0.16969918 -0.06005899 -0.23206657  0.0053601  -0.00944133
 -0.30335364 -0.29875019 -0.68765807  0.054855    0.05014645 -0.06918468
  0.16573165 -0.2407985   0.2710928   0.07718664 -0.33794218 -0.15810613
 -0.24542929  0.1135456  -0.12960719  0.17693609 -0.37241843 -0.1029513
 -0.0926916   0.13993151 -0.20257995  0.24155261  0.27700976 -0.05661265
 -0.30926695  0.04847305  0.03289443 -0.17845799 -0.10173526 -0.17023405
  0.1698118   0.29788268 -0.18140057 -0.29850209 -0.01168039 -0.07838792
  0.03703302 -0.29778177 -0.07569628 -0.45345157  0.12975986  0.08854926
  0.1858467   0.14964324  0.03728501 -0.15506989 -0.0662014   0.19333495
 -0.12596132 -0.12547871 -0.36468503  0.02045811  0.09909853  0.10077503
 -0.00200913 -0.05143005  0.19599299  0.11402517 -0.29893017  0.08727685
 -0.09573961 -0.20566022 -0.17274201 -0.393904   -0.27374417 -0.2056101
  0.01131994 -0.11666465  0.10587979  0.19843991  0.00166779 -0.12728642
 -0.0661405   0.19140995  0.13112377  0.08751699 -0.20456876  0.10497541
  0.04219544 -0.30593532 -0.11477391  0.05906517  0.08573399  0.21709844
  0.05714611  0.29097295  0.0881584   0.16005456 -0.45038664  0.19597594
 -0.02868019 -0.22649837 -0.23484775 -0.02146562  0.29119432 -0.05165451
  0.02816142 -0.09470414  0.2930344   0.30620378  0.00978207 -0.05732346
  0.43220171  0.09154047 -0.00837075  0.28151283 -0.03154385 -0.44748291
 -0.22066313  0.0487561  -0.18406159 -0.05715302  0.24238613 -0.06981019
  0.40598977 -0.01635582 -0.03850674  0.18980308  0.07702004  0.11244719
 -0.03028747  0.06186681 -0.29253164 -0.12327288 -0.16295271  0.18391265
 -0.0277047  -0.14244063  0.31272432  0.03340552  0.39783248  0.06605142
  0.09903641  0.44834986 -0.1557907   0.01609119 -0.36496106  0.01570931
  0.16973002 -0.27155572 -0.15571892 -0.20046131 -0.0769657   0.21647434
  0.05971644 -0.16550528 -0.01534842  0.15255055  0.30565134  0.00230762
  0.17853253  0.02982351  0.24863347  0.04435346 -0.04296415  0.29334706
 -0.30317754 -0.20521355 -0.40853274 -0.10765393 -0.21182337  0.06819403
  0.11915218  0.01794905 -0.23019841 -0.29585892  0.12935439  0.37295398
 -0.26279929  0.00447261 -0.12705719 -0.07854939 -0.15740815  0.02966622
 -0.1105193  -0.08718475  0.09979097  0.00371441  0.10467038 -0.06766109
  0.02101281  0.00157906  0.04959834  0.06115427  0.40291074 -0.12276809
 -0.06168872  0.14380743 -0.46184671  0.05236476 -0.04696852  0.07237078
  0.22723822 -0.11448345 -0.02759757  0.17862025  0.06482884  0.00486662
  0.11155042 -0.27481174  0.00471236 -0.08809932 -0.0365351   0.10632943
  0.16792627 -0.00989346 -0.30722374 -0.11226304  0.09875234  0.15665306
  0.11995875 -0.39180133 -0.08721206 -0.10772005  0.216028   -0.15230769
  0.01624871  0.06459868  0.17755942  0.11567289 -0.00164445  0.06843925
 -0.16962157  0.14306663  0.31250298  0.00544286 -0.11332467 -0.33460546
 -0.28758878 -0.1220629   0.29768586 -0.06090957  0.12995228 -0.30243042
 -0.09543284  0.04836829  0.27054226 -0.00557596 -0.01968748 -0.12146509
 -0.26676771  0.11132068 -0.08593891 -0.2352507  -0.18072228  0.30045077
  0.08127943 -0.15396735 -0.08460578 -0.21433984 -0.04005008 -0.08477589
  0.03007099  0.23733468  0.0606914  -0.19955871  0.28096935 -0.39838532
  0.20979552  0.12790501 -0.08857378  0.03972193  0.06904203 -0.22211224
  0.00238804 -0.15702811  0.14425474  0.02540918 -0.18560246  0.11684567]


第3类： ['上海渡正网络', '办公室网络呢', '厦门雅迅网络', '只是需要网络', '唐山时空网络', '四衡网络有限公司', '如果我们做网络培训', '如果我们做网络培训', '如果有客户网络不好', '如果网络不好', '安徽六道网络', '广州乐派网络', '我们需要网络', '是通过网络实现的', '沈阳华赢网络', '现在网络忙', '用于网络讨论', '福建创达网络', '网络不好的话', '网络显示的号码', '网络没有问题', '网络直播有些什么特殊', '网络要求怎样', '网络语音音质不行啊', '网龙网络公司', '请问如何加入网络', '请问网络直播这个平台', '走网络的', '需要网络面试']
语义向量：[ 3.21668716e-02  5.65051370e-02 -2.10937961e-03 -1.83175850e-02
 -1.72137534e-01 -2.42033649e-02  2.34074529e-02 -6.90656800e-02
  9.27006559e-03 -6.74673426e-02  3.42866957e-02  1.14199706e-01
  1.87443232e-03 -3.10184316e-02 -1.36046584e-03  2.58748664e-02
 -1.79827122e-01 -5.30625340e-02 -8.66151587e-02 -1.03408651e-01
 -3.52688714e-02  1.12156155e-01 -2.71017860e-01 -7.78490455e-02
 -3.13142922e-01  1.14136377e-01 -5.34115314e-02 -1.64637302e-01
  2.13314980e-04 -1.56223358e-02 -2.02398656e-01 -1.84827278e-01
 -4.36507641e-01  3.18070019e-02  2.67338982e-02 -5.70439443e-02
  1.08268547e-01 -1.64006359e-01  1.78825537e-01  4.37872470e-02
 -2.26216082e-01 -1.03331211e-01 -1.57370708e-01  8.65607733e-02
 -1.01132768e-01  1.06032320e-01 -2.44203455e-01 -7.51694774e-02
 -6.80257480e-02  1.01783622e-01 -1.24241433e-01  1.64766229e-01
  1.83318774e-01 -4.27798681e-02 -1.94460094e-01  3.95934474e-02
  4.01716744e-02 -1.25005571e-01 -7.98823114e-02 -1.19892539e-01
  1.15948003e-01  1.96901968e-01 -1.23798895e-01 -2.16836365e-01
 -2.71410717e-02 -5.59043999e-02  2.91592732e-02 -2.02712939e-01
 -5.26448019e-02 -3.03471513e-01  9.32986890e-02  7.68381755e-02
  1.11785516e-01  9.19059026e-02  4.21428533e-02 -1.00269398e-01
 -5.70905336e-02  1.36852910e-01 -8.56987948e-02 -8.49961573e-02
 -2.22919118e-01  7.74942172e-03  8.95018655e-02  6.32919474e-02
 -2.00864599e-02 -2.53218910e-02  1.15569444e-01  8.29246214e-02
 -1.83645081e-01  6.51287501e-02 -6.00922135e-02 -1.49438113e-01
 -1.13017775e-01 -2.51807601e-01 -1.65866635e-01 -1.39686459e-01
  4.73109941e-05 -8.19469356e-02  5.77037604e-02  1.22307421e-01
 -4.51224504e-03 -8.48680365e-02 -4.04269690e-02  1.44392900e-01
  8.15784557e-02  5.28265975e-02 -1.26985566e-01  9.56349022e-02
  3.63833374e-02 -1.83879297e-01 -7.03267244e-02  2.97795037e-02
  5.59394589e-02  1.44668833e-01  2.43233347e-02  1.78153380e-01
  5.44469818e-02  1.23258802e-01 -2.90981675e-01  1.14800172e-01
 -2.24908835e-02 -1.61094804e-01 -1.38521179e-01 -7.05835509e-03
  1.89281573e-01 -7.15314179e-03  1.04298660e-02 -6.32170577e-02
  1.90056647e-01  2.04548495e-01 -2.82328340e-03 -3.85741324e-02
  3.04621504e-01  7.31011785e-02  1.85154440e-02  2.13699699e-01
 -1.57247625e-02 -3.10138619e-01 -1.35792952e-01  2.28091608e-02
 -1.36165688e-01 -4.19210734e-02  1.64260947e-01 -3.37329263e-02
  2.73101033e-01 -4.15754242e-02 -2.76288637e-02  1.31292516e-01
  6.29729095e-02  6.49321485e-02 -2.53493076e-02  4.77998437e-02
 -1.87133071e-01 -6.79963563e-02 -9.35100259e-02  1.22052945e-01
 -1.26158444e-02 -1.09851768e-01  2.00049087e-01  3.09588806e-02
  2.69274315e-01  2.58533776e-02  6.56138217e-02  3.09553277e-01
 -9.40498881e-02  6.17687942e-03 -2.47852658e-01 -4.57765807e-04
  1.18256327e-01 -1.79484533e-01 -8.71456418e-02 -1.27675429e-01
 -5.47624083e-02  1.30844464e-01  4.98417171e-02 -1.06290892e-01
 -1.78530853e-02  1.11723224e-01  2.04038941e-01  1.07764593e-02
  1.29737697e-01  2.28661200e-02  1.58631288e-01  2.74567397e-02
 -2.97439326e-02  1.84975928e-01 -2.02211201e-01 -1.36780758e-01
 -2.51772995e-01 -5.65873574e-02 -1.35839128e-01  4.48456816e-02
  6.89123535e-02  1.55397967e-02 -1.52734242e-01 -1.87701416e-01
  6.23198819e-02  2.56058867e-01 -1.73878291e-01 -1.24228839e-03
 -9.83844060e-02 -5.44152129e-02 -1.04222281e-01  2.59236045e-02
 -8.01796914e-02 -6.55087290e-02  7.74698028e-02  1.14138905e-02
  7.24661522e-02 -4.28829056e-02  1.88280153e-02  5.83290018e-05
  1.64867844e-02  2.57040786e-02  2.64648757e-01 -9.02632696e-02
 -3.51368150e-02  9.97733780e-02 -2.94279515e-01  5.07862578e-02
 -2.06868264e-02  5.88576480e-02  1.56177614e-01 -7.16731280e-02
 -2.43222173e-02  1.26725533e-01  5.42634064e-02  1.05064306e-02
  6.73485997e-02 -1.76446593e-01  4.48527655e-03 -7.95405018e-02
 -1.24310187e-02  8.01740366e-02  1.02720736e-01 -6.19398159e-03
 -2.03148616e-01 -8.25329369e-02  5.51862363e-02  1.18308617e-01
  9.87069871e-02 -2.45199736e-01 -7.04292121e-02 -6.83460290e-02
  1.24004912e-01 -1.06751085e-01  1.34674211e-02  3.81127831e-02
  1.24761155e-01  5.95732659e-02 -1.50292409e-02  1.48192875e-02
 -1.13805417e-01  8.44380127e-02  2.04501298e-01 -5.39685351e-03
 -6.14682432e-02 -2.22099565e-01 -2.00873260e-01 -6.58071125e-02
  1.99005622e-01 -5.04431457e-02  8.37449944e-02 -2.10773497e-01
 -5.99568512e-02  1.40585734e-02  1.70276251e-01 -3.46142889e-03
 -4.03959057e-03 -7.85515888e-02 -1.62732274e-01  5.94123576e-02
 -3.21405934e-02 -1.48510802e-01 -1.10260088e-01  1.92212293e-01
  6.66906619e-02 -8.76923843e-02 -4.38909310e-02 -1.17221636e-01
 -2.32697905e-02 -5.24910361e-02  1.14218143e-02  1.33114147e-01
  4.79702594e-02 -1.43979348e-01  1.96080127e-01 -2.63864316e-01
  1.43772527e-01  7.75962254e-02 -5.52541286e-02  2.87066693e-02
  3.05715167e-02 -1.24411207e-01 -5.56344098e-03 -1.07549826e-01
  1.16618664e-01  1.16599274e-02 -1.20300480e-01  5.34638790e-02]


第4类： ['你们是网络直播', '你的网络直播', '就是网络直播', '怎么网络打电话', '网络外呼服务', '网络直播是指', '网络直播有什么功能可以介绍下', '网络直播这种', '网络语音不限时', '网络语音及共享']
语义向量：[ 0.05102451  0.06869673 -0.04159474 -0.04950949 -0.19895711 -0.02747481
  0.03410267 -0.09588066 -0.0057118  -0.10698853  0.00945303  0.14016713
 -0.01779194 -0.01630398 -0.01586749  0.00699053 -0.23259318 -0.08414568
 -0.10829215 -0.12931504 -0.1086588   0.15187108 -0.26762606 -0.0843445
 -0.38860486  0.12964274 -0.07950027 -0.2302557   0.05067098 -0.04404459
 -0.27902139 -0.28056402 -0.4742137  -0.03581264 -0.02242301 -0.10960575
  0.09183183 -0.27700803  0.20315958  0.08257247 -0.27363976 -0.14289369
 -0.16672364  0.21181888 -0.18687684  0.10900175 -0.3151142  -0.08323903
 -0.05059005  0.1506011  -0.17716065  0.25443178  0.25161546 -0.03876609
 -0.26638129  0.0331813   0.12382761 -0.13602375 -0.12962082 -0.1558733
  0.15558754  0.24882626 -0.18905474 -0.31378182 -0.1263447  -0.09808411
  0.03345849 -0.28454165 -0.09226037 -0.42390043  0.1000034   0.08998854
  0.09122681  0.09060907  0.0761177  -0.1311801  -0.14492829  0.23412804
 -0.08707693 -0.14500293 -0.23976859  0.05661369  0.17101213  0.03456959
 -0.05511538 -0.00545208  0.13098575  0.11405987 -0.20904033  0.14161977
 -0.02809738 -0.23001148 -0.10193965 -0.29603011 -0.15582708 -0.19143678
  0.04031214 -0.08300903  0.053068    0.06607369  0.01790183 -0.09477988
 -0.01046275  0.24216513  0.08901153  0.04317505 -0.16897031  0.21552033
  0.06383704 -0.20875295 -0.10288935  0.01345405  0.08230744  0.20561259
  0.01661605  0.20640359  0.05797877  0.15387187 -0.36715902  0.09430557
  0.02552939 -0.24827724 -0.21195672 -0.02448065  0.26923549  0.03467131
 -0.02425397 -0.06077559  0.23412674  0.26226154 -0.05704677 -0.05147549
  0.42269824  0.10082979  0.10768219  0.31272171 -0.01576573 -0.49016133
 -0.13105087  0.08750327 -0.2092656  -0.02045712  0.24439266 -0.01652625
  0.33752235 -0.09039439 -0.10046274  0.21275673  0.07626354  0.0882843
 -0.01901405  0.10781605 -0.21996368 -0.055084   -0.09717154  0.18973623
 -0.02308108 -0.21090503  0.25863629  0.04624533  0.35460734  0.00973659
  0.09754581  0.40957746 -0.10872487  0.04825278 -0.31637389 -0.05764125
  0.16674522 -0.22493943 -0.11116425 -0.20634556 -0.08992146  0.15593365
  0.10883516 -0.15413172 -0.02539574  0.21329683  0.31398298  0.02795347
  0.16729367  0.05036185  0.20185701 -0.04171289 -0.07557328  0.21070688
 -0.28825866 -0.19715846 -0.28712822 -0.03214423 -0.13430233  0.07984677
  0.14339513 -0.00839944 -0.19682338 -0.23846673  0.0320585   0.3420386
 -0.26762001 -0.00501357 -0.16860653 -0.11527664 -0.13530891  0.02171447
 -0.10624005 -0.12551436  0.12408815  0.05306428  0.12237422 -0.00185392
  0.07997571  0.03271211 -0.01625404 -0.0134564   0.34962376 -0.08789495
 -0.06167993  0.08029795 -0.36798377  0.15700439 -0.01776373  0.06555487
  0.22345613 -0.05793025 -0.04248044  0.22181411  0.10403556 -0.00173578
  0.05040113 -0.23019542  0.04137904 -0.13695399  0.01248296  0.1441312
  0.12192089 -0.05032789 -0.24554852 -0.16204572  0.05408113  0.27580274
  0.13891702 -0.26458842 -0.09565025 -0.08502818  0.14920396 -0.14681134
  0.03583007  0.00891561  0.17362901  0.05798748 -0.03820778 -0.04766129
 -0.13831711  0.03515697  0.22916649 -0.0296605  -0.0920499  -0.30029322
 -0.2365592  -0.03796579  0.26283742 -0.12003941  0.10463473 -0.3484218
 -0.03750444 -0.04253352  0.19896894 -0.0619714  -0.01048602 -0.08565756
 -0.19859247  0.05781955  0.01577034 -0.15213984 -0.11891109  0.24910524
  0.15827388 -0.11117441 -0.04313362 -0.07120675 -0.07022174 -0.06653597
 -0.00264655  0.08004922  0.11976389 -0.18170617  0.28224826 -0.38015887
  0.15681245  0.12477199 -0.09096271  0.06255093  0.02098235 -0.11987711
  0.01439625 -0.12213964  0.18973378 -0.00453056 -0.16447504  0.01558158]


第5类： ['一般网络没有限制的话', '一般都有网络吧', '一边接电话一边网络', '上海甘客网络技术有限公司', '不是都走网络吗', '不需要网络的', '不需要网络的那种', '中国网络的特殊性', '也就是没有网络时', '也就是说我网络卡了', '但是一般我们有网络', '你们是网络的', '你们这个网络会议室的费用怎么收', '你这个还是找网络语音', '使用网络语音是怎么说', '刚才没网络了', '只能通过网络拨入', '因为我们的网络没有问题', '因为网络不大稳定', '如果网络质量较差', '宝洁一面是网络面试', '对于网络有要求吗', '对网络有什么要求', '对网络有什么要求', '对网络有什么要求', '对网络的要求', '对网络要求高么', '对网络要求高么', '对网络要求高吗', '就是说一些人用网络', '就是说如果身边没有网络', '就是说网络是没有连接的', '山西智鸣网络公司', '工作的时候需不需要网络', '想举办网络研讨会', '我们公司建立的远程网络包括', '我们公司想建立网络在线平台', '我们公司网络有些限制', '我们希望能用作网络培训', '我们是一家网络公司', '我们是一家网络公司', '我们的网络也没有问题', '我们计划尝试网络教育', '我对网络直播这块不是很熟悉', '我本身是做网络直播的', '我的网络是翻墙后的网络', '或是只要对方有网络', '打算做一个网络直播课三方合作项目', '无网络能用吗', '有没有不需要网络的', '正常最好都用网络', '比如由于网络不稳定', '深圳水木网络技术有限公司', '然后我还想做网络直播的话', '现在网络课程结束了', '用网络的形式', '硬件要求网络怎样的呢', '福建网龙网络股份有限公司', '管公司网络的', '系统对网络有要求吗', '网络外呼了解一下', '网络就是必须要', '网络教学能用吗', '网络是正常的', '网络的效果如何', '网络的那种呢', '网络直播我也不是很了解', '网络线路信号不好吧', '网络要求怎样的', '网络要求最低是多事', '网络还要在拉出一根', '网络需要专线吗', '能用网络摄像头么', '要是网络不佳如何处理', '要网络的是吧', '请问可以做个网络直播吗', '跟网络没有关系', '这个不依赖网络', '这个是通过网络的', '那网络方式呢']
语义向量：[ 0.02639936  0.04263981  0.00291789 -0.01030634 -0.1126908  -0.01427553
  0.01457531 -0.05155974  0.0083064  -0.04400416  0.02499429  0.07330546
  0.00564615 -0.02056619 -0.00603262  0.01519153 -0.12518231 -0.03610788
 -0.0639106  -0.0699158  -0.02407002  0.0772729  -0.18406209 -0.05028041
 -0.21219945  0.07707792 -0.03023193 -0.10598244  0.00271182 -0.00853403
 -0.13633616 -0.13164859 -0.29647753  0.02083035  0.01571025 -0.03608879
  0.0722287  -0.11158286  0.11804655  0.0310688  -0.14958847 -0.06904104
 -0.1064477   0.05974859 -0.06490788  0.07378892 -0.16202374 -0.0455662
 -0.03863713  0.0656606  -0.08908445  0.10913025  0.12451074 -0.02626485
 -0.13667659  0.02408765  0.0228841  -0.0802515  -0.04844668 -0.07764004
  0.0759062   0.13103428 -0.08264793 -0.13974939 -0.01522446 -0.03772074
  0.01505104 -0.1353649  -0.03405622 -0.20604264  0.05759576  0.04250754
  0.07933659  0.06363063  0.02363278 -0.07146375 -0.03590587  0.09333821
 -0.05584708 -0.05706095 -0.15668615  0.01093898  0.05634233  0.04001187
 -0.0096643  -0.01895633  0.08273404  0.05141029 -0.12726697  0.04395958
 -0.03762819 -0.09736173 -0.07262329 -0.17209986 -0.11338988 -0.09346084
  0.00478698 -0.0525805   0.04397548  0.08209311  0.00120132 -0.05749144
 -0.02677045  0.09244861  0.05632206  0.03533606 -0.08835017  0.0583393
  0.02013059 -0.12812172 -0.04995832  0.02274548  0.0381637   0.09683807
  0.02148276  0.12118816  0.03766394  0.07692303 -0.20038167  0.08021025
 -0.01125253 -0.10738363 -0.0990795  -0.00816308  0.12870053 -0.01304785
  0.01043321 -0.04038092  0.12859317  0.13719464 -0.00056827 -0.02678216
  0.19942937  0.04366286  0.00735267  0.1359463  -0.01155627 -0.20920332
 -0.0931148   0.02042727 -0.08555827 -0.0245635   0.11049023 -0.02561559
  0.17923689 -0.01729424 -0.02075923  0.08792935  0.03962964  0.04675592
 -0.01400717  0.03059491 -0.12655848 -0.05035373 -0.06690343  0.08301324
 -0.01153004 -0.07489269  0.13687035  0.02017125  0.17987257  0.0224888
  0.04337924  0.20392036 -0.06920201  0.00809874 -0.16325748  0.0012942
  0.07628822 -0.12131728 -0.0644376  -0.08848862 -0.03522677  0.09261324
  0.03164277 -0.07224874 -0.00884729  0.0745751   0.13682947  0.00432197
  0.08398235  0.0165181   0.10865099  0.01522232 -0.02157519  0.12658154
 -0.13618816 -0.09299858 -0.17452152 -0.04013328 -0.0901612   0.03053166
  0.05249509  0.00746953 -0.10286777 -0.12961044  0.04785738  0.17072281
 -0.11844379 -0.00035948 -0.06408967 -0.03627006 -0.07066882  0.01409555
 -0.05104001 -0.04242956  0.04806986  0.00394646  0.04969145 -0.02650347
  0.01286417  0.0027442   0.01515954  0.01935843  0.17901917 -0.05540309
 -0.0250597   0.06437209 -0.2013945   0.03048517 -0.01859832  0.03450405
  0.10295641 -0.04815868 -0.01495019  0.08265234  0.03218908  0.00435196
  0.04740034 -0.1190374   0.00216906 -0.0458251  -0.01277737  0.05093956
  0.07228462 -0.00599976 -0.13879861 -0.0552604   0.04027184  0.07989614
  0.05827308 -0.16719691 -0.0434255  -0.04843134  0.09052557 -0.07171907
  0.0086906   0.02771415  0.08252639  0.04469035 -0.00579473  0.01830256
 -0.07682372  0.05689502  0.13364483 -0.0020223  -0.04651146 -0.14796161
 -0.12776947 -0.04786603  0.13239497 -0.03145     0.05882811 -0.14176911
 -0.03710441  0.01432932  0.11642947 -0.00389584 -0.00382525 -0.05407098
 -0.1135701   0.04192446 -0.02918341 -0.10083936 -0.07668549  0.13186539
  0.04408968 -0.06433041 -0.03263731 -0.08454027 -0.01953701 -0.03827264
  0.00992506  0.09538715  0.03234541 -0.09391317  0.12735147 -0.17938631
  0.09200869  0.05425187 -0.03968692  0.02029087  0.02443055 -0.09111499
  0.00187961 -0.07032067  0.07273008  0.0088457  -0.08103705  0.0413937 ]


第6类： ['在线网络培训', '网络直播', '网络语音']
语义向量：[ 9.59107441e-02  1.25617906e-01 -6.79434712e-03 -1.05014731e-01
 -3.13434556e-01 -9.02928760e-02  1.23545473e-01 -2.36857047e-01
  1.09620020e-02 -1.30670197e-01 -2.40228226e-02  2.01800580e-01
 -7.28556762e-03 -2.05840791e-02 -3.57362566e-02  5.59833106e-02
 -3.64441589e-01 -1.08172677e-01 -1.94320068e-01 -1.86305317e-01
 -1.66845088e-01  2.29053656e-01 -4.60265825e-01 -1.54192939e-01
 -7.06891517e-01  2.42208223e-01 -1.17240516e-01 -4.20948486e-01
  6.70485217e-02 -1.07108842e-01 -4.69044507e-01 -5.29694925e-01
 -8.52717241e-01 -6.31265529e-03 -3.85080924e-02 -2.22759023e-01
  2.26976802e-01 -5.06144722e-01  3.08306704e-01  1.61462595e-01
 -4.72822398e-01 -2.48037492e-01 -2.93715800e-01  3.55143726e-01
 -3.32251092e-01  1.53700991e-01 -5.26624948e-01 -1.08903989e-01
 -1.04335774e-01  2.86591977e-01 -3.22438906e-01  4.09328540e-01
  4.09896632e-01 -3.03812114e-02 -4.69166557e-01  3.39785988e-02
  1.58418929e-01 -2.27765853e-01 -2.02861749e-01 -2.54993220e-01
  2.60980075e-01  4.39858397e-01 -3.02866355e-01 -5.11086067e-01
 -1.99640972e-01 -1.92047551e-01  1.04108860e-01 -4.62294847e-01
 -1.49374617e-01 -7.37975518e-01  2.28631839e-01  8.65728992e-02
  2.13113089e-01  2.00221161e-01  1.54958144e-01 -1.82630410e-01
 -2.72860040e-01  4.71902062e-01 -1.77828153e-01 -2.34163349e-01
 -3.62103418e-01  8.63188282e-02  3.18737388e-01  4.55009441e-02
 -1.00740554e-01 -8.28507418e-03  2.32252647e-01  1.71513076e-01
 -3.70326827e-01  2.02605121e-01 -4.50600237e-02 -4.39462751e-01
 -1.21145633e-01 -5.11652609e-01 -2.69984653e-01 -3.60318055e-01
  5.61440103e-02 -1.65878028e-01  1.46676034e-01  1.04044614e-01
  2.34145547e-03 -2.09788655e-01 -2.29238098e-03  4.12412514e-01
  1.83842895e-01  8.54891129e-02 -3.04471299e-01  3.64101042e-01
  1.65755904e-02 -3.31690763e-01 -1.93238728e-01  3.68815890e-02
  1.39131945e-01  3.89356713e-01  5.51577297e-02  3.42968181e-01
  1.35943041e-01  3.00748865e-01 -7.15465287e-01  1.48068069e-01
  6.64348602e-02 -4.15330460e-01 -3.08986882e-01 -1.12373518e-02
  4.58285987e-01  7.00275550e-02 -1.28550256e-02 -1.76276873e-01
  4.44743564e-01  4.47567801e-01 -1.01341084e-01 -5.35753810e-02
  7.49059359e-01  1.77887507e-01  1.94910556e-01  5.64245443e-01
 -1.37949786e-02 -9.09937163e-01 -2.18445137e-01  1.09273044e-01
 -3.57205103e-01 -5.99795021e-02  4.64713017e-01  5.23770352e-03
  5.64935803e-01 -1.57551285e-01 -8.03796326e-02  3.23384841e-01
  1.55134814e-01  1.40440509e-01 -4.28243695e-02  1.48279803e-01
 -3.83165638e-01 -8.04518362e-02 -1.61478646e-01  2.96043247e-01
 -4.94191547e-02 -3.99115572e-01  4.62617944e-01  5.25312393e-02
  6.18329704e-01  2.95040148e-02  1.16818376e-01  6.83615247e-01
 -1.75028262e-01  4.29905223e-02 -4.98432924e-01 -7.03148246e-02
  3.18141113e-01 -4.37095314e-01 -1.84520488e-01 -2.95285811e-01
 -1.42119549e-01  2.61983941e-01  1.99674134e-01 -2.88249612e-01
 -8.91463334e-03  3.50376666e-01  5.52115262e-01  8.35554364e-02
  3.04612289e-01  7.71957884e-02  3.91868363e-01 -4.71914932e-02
 -1.00261547e-01  3.38390395e-01 -5.16664157e-01 -3.42589354e-01
 -4.90939607e-01 -7.81993940e-02 -2.54282678e-01  1.02457204e-01
  2.30687569e-01  3.66502519e-02 -3.68780355e-01 -4.11585093e-01
  7.09342901e-02  6.22214556e-01 -4.57192093e-01 -7.16000423e-02
 -2.48833105e-01 -1.93543176e-01 -2.90781046e-01  5.51415123e-02
 -1.50857266e-01 -2.32531349e-01  2.34010587e-01  5.70127331e-02
  2.31329446e-01 -2.26552716e-02  6.32737304e-02  6.51474235e-02
 -3.23964190e-02  1.40606115e-02  6.34549757e-01 -1.32647405e-01
 -7.04405966e-02  2.06382215e-01 -6.97878202e-01  2.66824568e-01
 -1.16864060e-01  7.67813163e-02  3.62652481e-01 -7.52142308e-02
 -7.71908015e-02  3.43528450e-01  1.64218669e-01  5.75509607e-02
  1.23562897e-01 -4.75140015e-01  4.38575925e-02 -2.08621564e-01
 -3.99035052e-03  2.27278491e-01  2.00109233e-01 -1.30125565e-01
 -4.66919392e-01 -2.86023925e-01  1.42191865e-01  4.84049310e-01
  2.39695519e-01 -4.75112299e-01 -2.09358479e-01 -1.55132055e-01
  2.50132412e-01 -2.64818544e-01  5.30193473e-02  5.14320694e-02
  3.41833085e-01  1.04885163e-01 -1.02497845e-01 -5.24053251e-02
 -2.37343843e-01  6.01295075e-02  3.93425226e-01 -4.63588089e-02
 -1.45109760e-01 -5.10830075e-01 -3.77283285e-01 -8.23248567e-02
  4.31119939e-01 -1.75565566e-01  2.04981059e-01 -5.90303818e-01
 -3.79518320e-02 -6.98496600e-02  3.75368377e-01 -1.42457776e-01
 -1.48749674e-02 -1.99425071e-01 -3.72319231e-01  5.28745676e-02
  2.40954502e-02 -2.99528077e-01 -1.44168965e-01  4.87464577e-01
  3.13394542e-01 -2.20367163e-01 -1.35455012e-01 -1.52429124e-01
 -1.03299022e-01 -7.81104052e-02 -3.69826847e-02  1.58663707e-01
  1.99615151e-01 -3.05169269e-01  4.91161436e-01 -6.68923120e-01
  2.67035815e-01  1.91279029e-01 -1.20490594e-01  1.05202962e-01
  1.51644746e-02 -1.86467734e-01 -2.75993329e-02 -1.91717500e-01
  3.20025767e-01  9.89163915e-05 -2.59400010e-01  5.16171791e-02]


