第1类： ['一般建议都是通过网页进入', '下来要能放到我的网页里面', '下网页版本就可以用吗', '不小心网页关闭了怎么办呢', '主要每次都用网页版有点麻烦', '他也是网页版的对吧', '你们可以实现在网页上远程控制', '到时候直接打开这个网页就可以了', '另外你们的网页有没有英文版的', '在你们公司的介绍网页上有一个双手向上的图案', '天客云从网页上没法进云么', '就是不需要打开网页就可以直接登陆了的吧', '就是大家都需要点开这个网页吗', '就是我这边想最终嵌入到我们自己公司的网页还有微信公众号', '就是要保存你们的网页是一打开就首页才比较好些吗', '我也先看看你们的网页吧', '我们想在自己的网页里面嵌入直播流', '我们是在网页上使用的', '我刚才是在网页上打开的', '我刚才看了一下网页上的价格', '我可以理解为是网页版吗', '我怕我这个网页不小关掉就没了', '我的意思是你们的网页没有英文版的吗', '我的意思是给我一个网页插件的安装包', '我的网页有很多不同的窗口', '我看你们网页上有介绍到', '我看网页上的套餐介绍', '打开你们网页都是中文的话', '整个网页版界面截图能否给一张', '是用网页版的就行', '显示在我们自己做的网页上', '算是个网页版的监管平台', '网页版打不开不知道是什么问题', '网页版本就是拨不进去啊', '网页版进入为什么听不到声音', '网页的音乐可以共享给对方吗', '设备您是只网页有几方在用吗', '请问你们这个没有英文网页吗', '这两种都是网页版吗', '那网页版可以录音成本地文件', '那网页版可以录音成本地文件', '都是在网页上进行就可以吗', '都是通过网页来完成的了']
语义向量：[ 0.02054136 -0.01886981 -0.07641606 -0.00383698 -0.00663538  0.01630112
 -0.10390582  0.1590556   0.04659276  0.09346574  0.05776751  0.02830471
  0.03760208  0.02792569  0.09655086  0.03236536 -0.00531638 -0.02351465
 -0.03917338 -0.00438766  0.00973927  0.06085418 -0.0630192   0.04701874
 -0.15163805  0.05990885 -0.03152522 -0.00558008 -0.08084914 -0.09014593
 -0.01156168 -0.01337588 -0.12795467  0.0399843   0.07552437  0.03159815
  0.01282467 -0.00629596 -0.01401422 -0.0460293  -0.00220514 -0.01089968
 -0.11815597  0.02716419 -0.09411374  0.07425905 -0.11332088 -0.07867478
  0.03911919  0.00787472  0.011054    0.10193228  0.09852532 -0.05238757
  0.03295476  0.09398179  0.01685955 -0.0713769  -0.03019806  0.06754268
  0.07069588 -0.06508672 -0.0513032  -0.09649534  0.04798612  0.00525928
  0.0132318  -0.151848    0.08559645  0.00163577  0.01524356  0.16072429
  0.06883774  0.08610779  0.05570527 -0.05483448 -0.03967382 -0.02466208
 -0.08136374 -0.06744367 -0.04793668  0.07571042 -0.03919968  0.15291057
 -0.09717092  0.02993084 -0.05223879 -0.04939778 -0.06809488  0.07177429
 -0.0239345   0.11408319 -0.00692233 -0.02465232  0.00686359 -0.06778982
 -0.06301589  0.02142697 -0.05992012 -0.01208555  0.05209036  0.07203783
  0.02879498  0.05256034 -0.05144894 -0.0523329  -0.01117222 -0.01123978
 -0.00062331 -0.07735127  0.09005333  0.03750174  0.05419788  0.07772141
 -0.03326342 -0.00023375  0.00343309 -0.00498542 -0.02915222 -0.03808807
  0.04650673  0.01482456 -0.02421016 -0.02355035  0.01493583 -0.02026263
  0.0658091   0.09324693 -0.01454638  0.02928463 -0.02571968 -0.00067421
  0.04796805 -0.03978832  0.07466493  0.1182045  -0.07863804 -0.05083146
 -0.11857581  0.13853217 -0.03808585 -0.01766273  0.02043358  0.06691158
  0.06388879 -0.03351705  0.05058962 -0.04508629  0.05158435  0.01883515
 -0.03394202  0.07670938 -0.0645277  -0.01359098  0.05361988  0.03340402
 -0.05538652 -0.03210308  0.00115403  0.02446859 -0.03881508 -0.09601589
  0.03711476  0.03524603 -0.02685036  0.04788976 -0.09070554 -0.04162925
  0.04936257 -0.01479687  0.01772596 -0.03143959 -0.01240595  0.02100293
 -0.0066404  -0.02697763 -0.00754772  0.0798244  -0.02915692  0.00243341
  0.10921849 -0.00539551  0.04385867 -0.01504069 -0.09206416  0.0705089
  0.06659046 -0.06535608 -0.02709894  0.09520644 -0.02401373 -0.02616245
 -0.06805984 -0.02751638 -0.01932614 -0.06108013  0.07519889  0.05892261
 -0.0175117  -0.03233302 -0.07582838 -0.09256714 -0.139923    0.00364043
 -0.15547209 -0.02009368 -0.00263495  0.10265957 -0.02904121  0.01219683
  0.05328458  0.01666769 -0.01366361  0.04460493 -0.01452815 -0.01848257
 -0.0157772  -0.00486215 -0.1395782  -0.0404151   0.15910954  0.03209402
 -0.00640957 -0.05950291  0.08315065 -0.0036586   0.01683652  0.01345769
  0.09047313  0.07084376  0.0942058   0.02780595  0.02208733  0.04004793
  0.06517494  0.04828705 -0.06505162  0.01353305 -0.01319571  0.09124865
  0.05300088 -0.06463702  0.00142168 -0.03140433 -0.05313821 -0.01190118
  0.06280524  0.02583502 -0.07186627  0.04171087 -0.00725719 -0.00558609
 -0.03186597  0.03660501  0.04477759 -0.07360291 -0.00193891  0.03293065
 -0.03928951  0.00521631  0.14100627 -0.07607205 -0.08792876 -0.03596362
 -0.06159555  0.03712522 -0.03845729  0.07504659  0.06812972  0.00400577
  0.02230375  0.04074484  0.06923827  0.0286193  -0.11930735  0.06024575
 -0.01584     0.08637764 -0.04737042 -0.05771108  0.03757332 -0.06203689
 -0.02496883  0.04584483  0.03934507 -0.03094983 -0.07471119 -0.1148978
  0.08294902 -0.0135527  -0.10156693  0.07509574  0.08852915 -0.10748409
 -0.0282502  -0.02533225  0.02439751  0.02652742  0.00583821 -0.01384727]


第2类： ['只能网页连', '听课端是网页', '哪网页的话', '客户端还是网页的', '怎么登陆网页版本', '我们用网页', '我怎么在网页端', '打开其他网页', '找不到网页', '是否能转网页', '是网页的', '显示网页不存在', '每次打开网页', '直接打开网页', '直接网页使用', '直接网页加入即可', '网页太麻烦', '网页显示无法访问', '网页有问题', '网页版的', '网页部分就是', '请问网页版本', '进入网页后', '进入网页版']
语义向量：[ 2.26844260e-02 -6.61250617e-02 -1.82487759e-01 -1.05814032e-02
 -1.32794686e-04  5.89289795e-02 -2.67730776e-01  4.26237844e-01
  1.34745245e-01  2.90833350e-01  1.53829994e-01  9.70764493e-02
  9.22322748e-02  8.46399268e-02  2.86319606e-01  1.13039847e-01
  3.92108671e-04 -4.91933817e-02 -8.37268027e-02 -1.38657904e-02
  4.60399573e-02  1.47361198e-01 -1.69286379e-01  1.20917318e-01
 -4.12725471e-01  1.66465734e-01 -7.66723533e-02 -5.84620532e-03
 -2.39581861e-01 -2.31621224e-01  1.12135183e-02 -2.37050886e-02
 -3.42232092e-01  1.58808463e-01  2.21806866e-01  8.59185260e-02
  5.85420566e-02  1.31020416e-02 -6.70706687e-02 -1.44182095e-01
  2.94405179e-03 -2.74364774e-02 -3.30955712e-01  2.65920582e-02
 -2.50730987e-01  1.95901722e-01 -2.76479105e-01 -1.95867341e-01
  8.89641970e-02  2.25644234e-02  5.60870264e-02  2.41946655e-01
  2.53396064e-01 -1.42603686e-01  1.03916972e-01  2.57672615e-01
  2.34885018e-02 -2.07417545e-01 -9.36148618e-02  1.96419449e-01
  1.87287181e-01 -2.02228923e-01 -1.33633578e-01 -2.51676324e-01
  1.46429928e-01  3.61577804e-02  3.33239289e-02 -3.76605257e-01
  2.48602403e-01  2.53434673e-02  3.34254334e-02  4.47226651e-01
  2.02360384e-01  2.36267379e-01  1.64864825e-01 -1.46221795e-01
 -8.85202143e-02 -9.93516054e-02 -2.26279549e-01 -1.67672578e-01
 -1.08572898e-01  1.75263911e-01 -1.03097128e-01  4.24057319e-01
 -2.70825954e-01  5.99173641e-02 -1.73846315e-01 -1.37005796e-01
 -1.48110454e-01  1.76986173e-01 -8.16038231e-02  3.05439384e-01
 -1.05395930e-02 -5.64082876e-02  2.77688265e-02 -1.65610693e-01
 -1.86809058e-01  2.23988110e-02 -1.56506807e-01 -3.01142864e-02
  1.15764283e-01  1.74782739e-01  6.64429514e-02  1.29317017e-01
 -1.30088479e-01 -1.39101713e-01 -2.08766051e-02 -4.28654024e-02
  6.15920522e-04 -2.03000515e-01  2.65723852e-01  1.10355869e-01
  1.66651407e-01  1.94410756e-01 -1.27650118e-01 -8.44948650e-03
 -1.53708972e-02  4.62059832e-03 -7.78167411e-02 -8.41269198e-02
  1.04978728e-01  3.27629215e-02 -1.74601615e-02 -2.73165119e-02
  1.88649162e-02 -3.33970122e-02  2.04344286e-01  2.34713329e-01
 -4.40024829e-02  6.74216133e-02 -5.33419421e-02 -6.06324837e-04
  1.19922746e-01 -1.18494108e-01  1.94302028e-01  3.20384435e-01
 -1.99795336e-01 -9.73210298e-02 -3.14503868e-01  3.41907475e-01
 -8.43903484e-02 -5.26941926e-02  5.22802012e-02  1.84020257e-01
  1.48156555e-01 -8.83387246e-02  1.85804809e-01 -1.53254644e-01
  1.25346457e-01  3.68103389e-02 -9.01137812e-02  1.97725235e-01
 -1.62711448e-01 -2.62450578e-02  1.42300246e-01  6.85169642e-02
 -1.29907541e-01 -8.88762698e-02 -2.10134300e-02  7.45916460e-02
 -1.08689274e-01 -2.80675431e-01  9.03069312e-02  9.50835447e-02
 -6.54029175e-02  1.13630501e-01 -2.45269595e-01 -8.73077773e-02
  1.49165494e-01 -4.43916254e-02  6.95725687e-02 -6.31087228e-02
 -8.60377312e-03  4.14202742e-02 -2.98448053e-02 -6.67975899e-02
  1.20756071e-02  1.96427849e-01 -1.11623676e-01  1.31784978e-02
  2.92082139e-01 -1.49586653e-02  8.85049979e-02 -3.09440695e-02
 -2.40692475e-01  1.90125997e-01  1.81144700e-01 -1.67604279e-01
 -5.10639191e-02  2.60349980e-01 -6.38854067e-02 -8.03734584e-02
 -2.11760366e-01 -4.29982452e-02 -4.93874005e-02 -1.42793349e-01
  1.88106067e-01  1.54946647e-01 -2.19114781e-02 -9.46413962e-02
 -1.99181007e-01 -2.37526544e-01 -3.82377420e-01  8.22930994e-03
 -4.20401371e-01 -3.81385375e-02  1.45745489e-03  2.51661603e-01
 -8.99688573e-02  1.38909428e-02  1.14055495e-01  6.88422040e-02
 -3.32060963e-02  1.31907758e-01 -5.04659451e-02 -5.12894395e-02
 -2.52611900e-02  6.35410628e-03 -3.79343172e-01 -1.34732072e-01
  4.24346067e-01  8.88309446e-02 -2.89069863e-02 -1.66361014e-01
  2.43859445e-01 -4.10450419e-02  1.74014259e-02  6.04438438e-02
  2.58501240e-01  1.90478533e-01  2.49874218e-01  9.23780954e-02
  6.51701066e-02  9.07147098e-02  1.63152239e-01  1.38210696e-01
 -1.57946339e-01  6.20502788e-02 -2.67066551e-02  2.26155702e-01
  1.30658858e-01 -1.61060819e-01 -5.41325340e-03 -8.10301201e-02
 -1.62901880e-01 -3.58470646e-02  1.69255931e-01  6.94844496e-02
 -1.96866008e-01  1.04467630e-01 -3.29258805e-02 -6.37980504e-03
 -6.88861934e-02  1.08672531e-01  1.23795949e-01 -1.90783635e-01
  3.08077209e-02  9.95648910e-02 -1.07807519e-01  1.12101507e-02
  3.67557154e-01 -1.96055109e-01 -2.35735402e-01 -6.56248775e-02
 -1.76194428e-01  1.13539199e-01 -9.63582064e-02  2.20779639e-01
  2.14368946e-01  1.46545346e-02  6.89345460e-02  1.08980186e-01
  1.88649352e-01  7.09739241e-02 -3.07106658e-01  1.55083558e-01
 -6.94359350e-02  2.49000310e-01 -1.31787469e-01 -1.42996163e-01
  1.44263425e-01 -1.59313429e-01 -5.85409983e-02  1.32748082e-01
  9.07172305e-02 -6.77229261e-02 -2.22942844e-01 -2.77123456e-01
  2.57813472e-01 -5.86300188e-02 -2.67184783e-01  2.04348077e-01
  2.29968577e-01 -2.72655802e-01 -9.14962951e-02 -6.88886174e-02
  6.87579678e-02  9.31771091e-02  3.13340358e-02 -5.73660402e-02]


第3类： ['从网页中打开', '只能八个人连接网页', '可以在网页上', '如果不开网页', '就你网页慢', '就是在网页上', '就是显示网页不可行', '就是现在这个网页', '就是网页版的', '我不想打开网页', '是网页形式的', '是网页版的还是客户端', '有网页版吗', '直接在网页端拨号就行', '网页上有吗', '网页不能用吗', '网页变空白了', '网页就断开了', '网页无响应时', '网页版怎打开', '网页版摄像头老断', '网页版有地址吗', '网页版的这个', '网页版进入吗', '苹果电脑只能通过网页端吗', '请问一下再网页端怎么选择', '还是不行弹不出网页', '还是在网页上用', '这个是网页版']
语义向量：[ 2.67300980e-02 -4.39128864e-02 -1.31395099e-01 -9.32333011e-03
  2.89796424e-03  4.42948794e-02 -2.02052906e-01  3.11836611e-01
  1.01232990e-01  2.12139041e-01  1.05933661e-01  6.45335787e-02
  7.74037580e-02  6.43366473e-02  2.01806303e-01  7.86741754e-02
 -9.50618430e-04 -3.91719803e-02 -7.00273575e-02 -9.41283497e-03
  3.39606992e-02  1.11445987e-01 -1.23725104e-01  9.19481603e-02
 -2.98716333e-01  1.15425045e-01 -4.78810360e-02  5.65079488e-03
 -1.71060290e-01 -1.69757486e-01  1.03003400e-02 -2.70535803e-02
 -2.40938852e-01  1.12074714e-01  1.66263987e-01  7.26523805e-02
  3.64628122e-02  1.21741131e-02 -5.70686534e-02 -1.04144479e-01
  1.02080105e-02 -1.87134671e-02 -2.41337242e-01  2.37288019e-02
 -1.82518550e-01  1.47423387e-01 -2.02301617e-01 -1.36469870e-01
  7.87725511e-02  1.35040304e-02  3.27637035e-02  1.78054636e-01
  1.87732786e-01 -1.01388059e-01  7.20206658e-02  1.82908971e-01
  1.55651951e-02 -1.43506011e-01 -6.19694634e-02  1.58903603e-01
  1.30670023e-01 -1.59910286e-01 -9.93640628e-02 -1.72806767e-01
  1.06929835e-01  2.41934393e-02  2.40869645e-02 -2.74079594e-01
  1.87881060e-01  2.40549339e-02  2.18046874e-02  3.10306409e-01
  1.50766042e-01  1.71288629e-01  1.12168515e-01 -1.05989807e-01
 -6.93921720e-02 -7.65527678e-02 -1.63421473e-01 -1.26563632e-01
 -8.61160354e-02  1.39579679e-01 -8.67943511e-02  3.12550450e-01
 -1.90471536e-01  4.11843511e-02 -1.23139738e-01 -1.12478164e-01
 -1.11157719e-01  1.35064796e-01 -4.96139056e-02  2.34986536e-01
 -1.14035934e-03 -4.22954791e-02  1.45647253e-02 -1.18690094e-01
 -1.29093676e-01  1.89134738e-02 -1.12818097e-01 -3.08155061e-02
  9.22691548e-02  1.36165569e-01  5.28840522e-02  8.88759740e-02
 -9.98363846e-02 -1.06226746e-01 -1.67912712e-02 -3.47886827e-02
 -4.75945028e-03 -1.54854937e-01  1.92464423e-01  9.15744997e-02
  1.26239470e-01  1.39778743e-01 -8.77034513e-02 -1.78472630e-03
 -1.28407656e-02 -9.76505946e-03 -5.03083189e-02 -6.44219102e-02
  8.50688571e-02  3.44010221e-02 -2.92237205e-02 -2.57954526e-02
  1.85821813e-02 -3.05061113e-02  1.51090125e-01  1.80313725e-01
 -3.24653561e-02  3.98594925e-02 -4.83667680e-02 -7.70102204e-04
  7.51573544e-02 -9.70933526e-02  1.36916849e-01  2.27179449e-01
 -1.50404315e-01 -7.23205690e-02 -2.33757334e-01  2.74828373e-01
 -5.57377830e-02 -3.13144211e-02  3.72636229e-02  1.33970957e-01
  9.64408060e-02 -5.62058829e-02  1.35809103e-01 -1.03969816e-01
  8.65513244e-02  3.20572958e-02 -5.80069850e-02  1.47274509e-01
 -1.14430809e-01 -2.10083255e-02  9.93774441e-02  5.03697134e-02
 -1.01431016e-01 -6.14937347e-02 -1.18127870e-02  5.20151838e-02
 -9.57361376e-02 -1.99080664e-01  6.50303107e-02  5.31264459e-02
 -4.61140473e-02  8.60210841e-02 -1.64736843e-01 -6.57436988e-02
  1.06237772e-01 -2.73743003e-02  4.41817054e-02 -5.21884261e-02
 -5.50541869e-03  3.04099410e-02 -2.98023204e-02 -5.28983272e-02
  1.39747614e-02  1.43821280e-01 -8.13616138e-02  5.65326049e-03
  2.02815083e-01 -1.71193875e-02  6.85652762e-02 -3.30249482e-02
 -1.83487954e-01  1.34009223e-01  1.34594734e-01 -1.23497699e-01
 -3.95466470e-02  1.93421055e-01 -4.33597391e-02 -5.22499117e-02
 -1.49475470e-01 -3.85354077e-02 -3.61114781e-02 -1.11043049e-01
  1.52379301e-01  1.09280873e-01 -1.62619846e-02 -7.07316413e-02
 -1.39782745e-01 -1.83855169e-01 -2.85915628e-01 -1.89743607e-04
 -3.06967314e-01 -3.00900978e-02 -1.46810683e-03  1.84302733e-01
 -6.86438545e-02  1.37198079e-02  8.68793163e-02  5.21310919e-02
 -2.41928668e-02  9.64060907e-02 -3.78006132e-02 -2.56594499e-02
 -2.29934908e-02 -5.87621579e-03 -2.80034104e-01 -9.49257694e-02
  3.07945448e-01  5.46764656e-02 -3.15835171e-02 -1.21189295e-01
  1.83559729e-01 -2.64043405e-02  1.15574880e-02  3.75842978e-02
  1.91966695e-01  1.40911312e-01  1.91160109e-01  7.66628584e-02
  4.59873855e-02  6.21381610e-02  1.19771940e-01  1.00109178e-01
 -1.14127970e-01  4.86762171e-02 -1.42781106e-02  1.72177140e-01
  8.96195146e-02 -1.16829017e-01  4.09625027e-03 -6.22555308e-02
 -1.18362091e-01 -2.30506147e-02  1.27864574e-01  4.62010633e-02
 -1.51549335e-01  7.96967291e-02 -1.56179240e-02  7.18960792e-03
 -4.79040923e-02  7.52888926e-02  8.60973722e-02 -1.39316546e-01
  1.21065305e-02  7.67907150e-02 -6.93259843e-02  1.10946047e-02
  2.65777689e-01 -1.45036352e-01 -1.77992377e-01 -4.53606629e-02
 -1.26678003e-01  8.54443924e-02 -7.23813216e-02  1.56654164e-01
  1.49205734e-01  1.41951886e-02  4.87234866e-02  8.88723875e-02
  1.38792287e-01  6.26698014e-02 -2.30251274e-01  1.19875472e-01
 -5.35881346e-02  1.75110628e-01 -1.11040495e-01 -1.11260237e-01
  9.89926370e-02 -1.19318462e-01 -3.92646012e-02  9.55211256e-02
  6.86740495e-02 -3.93449681e-02 -1.70298862e-01 -2.09155994e-01
  1.78238799e-01 -3.56870835e-02 -2.04280118e-01  1.54978908e-01
  1.80339893e-01 -2.07298256e-01 -6.59348791e-02 -4.79988309e-02
  4.60703052e-02  6.65774836e-02  1.91569659e-02 -3.60755640e-02]


第4类： ['免费网页版价格', '全部是网页操作是吗', '您可以直接网页版操作', '我是用网页登陆的啊', '我是网页登陆的', '我的网页上右上角没有登陆', '我看到网页端的是需要密码的', '是可以在网页操作么', '段直接网页版操作就可以或者', '现在网页无法登陆吗', '登陆只有网页插件的方式吗', '端直接网页版操作皆可以的', '网页版操作会不稳定吗', '网页版需要安装吗', '还在装网页插件', '还是说都是直接透过网页操作', '重置的密码的网页打不开']
语义向量：[ 1.06226008e-02 -5.93247854e-02 -1.54935609e-01 -3.03158875e-02
  2.19657565e-02  6.81189119e-02 -1.99262905e-01  2.94413305e-01
  9.06681744e-02  2.04758799e-01  1.17208321e-01  1.10234505e-01
  1.56088213e-02  5.11729559e-02  2.22424380e-01  9.17526168e-02
  1.90788166e-02 -4.66485051e-02  1.70784785e-02 -1.02270630e-02
 -2.02617244e-02  7.18339544e-02 -4.52926072e-02  1.11128737e-01
 -2.40594560e-01  1.69521277e-01 -6.66177674e-02 -9.92272405e-04
 -1.47390820e-01 -1.73620276e-01  9.52653705e-03  4.94595451e-02
 -2.02053828e-01  1.08326496e-01  1.33342828e-01  1.10792970e-02
 -3.05174303e-02 -8.31902560e-02 -1.23440466e-02 -1.20271998e-01
  7.47350790e-03 -3.56063481e-02 -1.82367996e-01  4.51286848e-02
 -1.76662028e-01  1.33574394e-01 -1.86959030e-01 -1.20570726e-01
  8.77301226e-02  3.11127042e-02  1.13216467e-01  1.39046380e-01
  2.17584545e-01 -1.63575812e-01  1.00630627e-01  1.82937929e-01
  8.54585232e-03 -1.23567258e-01 -1.32371300e-01  1.00810365e-01
  1.22214433e-01 -1.10662910e-01 -1.25836598e-01 -1.51487925e-01
  8.32753646e-02  1.37442832e-02 -4.55335128e-02 -2.88059437e-01
  1.21648420e-01  2.23763346e-02 -3.25856902e-02  3.82168039e-01
  1.48740367e-01  1.49976969e-01  8.01277943e-02 -1.14264585e-01
 -3.78185509e-02 -5.83140174e-02 -1.70182042e-01 -1.56040625e-01
 -3.35934155e-02  7.23340243e-02 -2.21530972e-02  2.74140020e-01
 -2.56930858e-01  7.14476265e-02 -1.68230879e-01 -7.54344213e-02
 -5.58582885e-02  1.31516435e-01 -2.91032655e-02  1.83321773e-01
 -6.05293242e-02  4.63170411e-03  8.33612335e-02 -6.25742382e-02
 -1.50476365e-01  1.35993995e-02 -1.53356628e-01 -1.55900971e-02
  1.07631048e-01  1.53926034e-01  1.07936056e-02  1.28271809e-01
 -8.80803518e-02 -1.21088845e-01  1.77145608e-02 -3.26406033e-02
  6.01154649e-02 -1.05977293e-01  1.97379979e-01  1.07903972e-02
  7.37633563e-02  1.07931406e-01 -1.15677982e-01 -3.68272557e-04
 -2.66913252e-02  1.28496195e-02 -6.26889923e-02 -4.43556170e-02
  9.78457713e-02 -5.54107452e-02  4.26175564e-02 -1.60367155e-02
 -3.08651882e-03 -6.19710618e-02  1.26901906e-01  1.79411522e-01
 -3.28453099e-02  7.96008828e-02  5.03885423e-04 -1.01779412e-02
  8.42089360e-02 -4.79997586e-02  1.47063624e-01  1.84053380e-01
 -1.40690925e-01 -4.72242161e-02 -1.97360580e-01  1.65917941e-01
 -7.59697736e-02 -2.16345204e-02  1.87932498e-02  1.08580398e-01
  1.69841471e-01 -7.78702202e-02  7.35874510e-02 -1.28895376e-01
  7.88503085e-02  1.82766083e-02 -1.16300666e-01  1.78688718e-01
 -1.02275488e-01  4.11166358e-02  1.13281378e-01  4.29942221e-02
 -4.47228868e-02 -6.32502998e-02 -2.42754916e-02  1.19541614e-01
 -4.36496483e-02 -2.28518984e-01  9.81187341e-02  8.95533338e-02
 -7.92685968e-02  1.26012093e-01 -2.50200584e-01 -5.90112891e-02
  9.74325481e-02 -3.86395709e-02  2.02660123e-02 -7.02663571e-02
 -1.64393707e-02  4.43815319e-02  6.08575684e-03  1.74876843e-02
 -1.96242899e-02  1.17360983e-01 -8.24712289e-02  4.29871808e-02
  1.99822392e-01  2.19690970e-02 -6.54461935e-03  1.19141917e-02
 -1.57685460e-01  9.30659310e-02  1.81507525e-01 -1.43693704e-01
 -5.34952525e-03  1.63021602e-01 -4.19670624e-02 -1.14144272e-01
 -1.14799078e-01 -7.81776032e-02 -7.46095860e-02 -4.42295727e-02
  4.88572848e-02  1.44178606e-01  4.11696061e-04 -3.30488234e-02
 -1.42934946e-01 -1.85238102e-01 -2.24089253e-01 -3.50527888e-02
 -2.77326537e-01  2.32887945e-02 -5.97932304e-02  2.16847202e-01
 -5.05412195e-02 -8.96400526e-03  9.56473353e-02  5.23297815e-02
 -1.11001971e-02  6.41080038e-02 -6.20408503e-02 -5.07632591e-02
 -4.36592778e-02 -1.28592167e-02 -2.50455550e-01 -1.08512271e-01
  3.56356603e-01  7.22111516e-02  4.36189823e-03 -8.64863404e-02
  1.91616858e-01  5.66486116e-03  6.91471621e-04  6.04272064e-02
  1.29383281e-01  2.29039615e-01  1.43004849e-01  3.02016702e-02
  8.81776391e-02  6.62405638e-02  1.12884078e-01  7.53338321e-02
 -6.78115170e-02  2.98604875e-02 -6.83236393e-02  1.63660473e-01
  4.72601487e-02 -5.66810926e-02 -1.28947124e-02 -8.91373495e-02
 -1.34093324e-01  3.98622426e-02  1.06701425e-01  1.37256657e-02
 -1.32877363e-01  5.54293116e-02 -4.49422672e-02 -8.29393711e-02
 -5.67561761e-02  8.49860655e-02  5.50974054e-02 -1.60844656e-01
  2.25146136e-02  9.37556716e-02 -4.89758914e-02  3.52692048e-02
  2.53407312e-01 -1.48954243e-01 -1.55954315e-01 -4.95088285e-02
 -1.22417768e-01  4.80493991e-02 -1.11446917e-01  1.70652991e-01
  2.02347967e-01  3.30664365e-02  8.87683643e-02  5.82409826e-02
  1.69638634e-01  9.25957495e-02 -1.98993927e-01  2.10535268e-02
 -6.91916812e-02  2.37785526e-01 -1.34443410e-02 -4.03923918e-02
  8.53724842e-02 -1.15358801e-01 -7.74403109e-02  1.09425823e-01
  5.12330985e-02 -1.02567047e-01 -1.36657307e-01 -1.16413522e-01
  2.18387251e-01 -9.32146815e-02 -1.91271914e-01  1.18472290e-01
  1.43567449e-01 -1.87170103e-01 -1.66345939e-02 -3.76098472e-02
  7.38023952e-02  7.57667330e-02  4.18127307e-02 -9.71856880e-02]


第5类： ['一般是网页版的', '从什么网页进入呢', '他是客户端形式还是网页形式', '但是我在网页上找', '你们网页有英文版的吗', '你们网页版好像不太好', '你们自己的网页对吧', '你们这个是客户端还是网页的', '你们这个是网页版的', '你们这个是网页版还是客户端', '你这个是网页打开的', '具体网页介绍在哪里', '只有网页版对吧', '可以不用网页版吗', '咱们这个可以在网页端实现吗', '在你们的网页点击不进校园招聘那一栏', '在你们网页找不到', '在网页还是应用商店', '安卓的网页打开不了', '我为啥要在你们网页打电话', '我到时候网页进去就行了', '我在网页上上线', '我就是进不了网页版', '我怕网页浏览器有问题的时候打不开', '我想用网页版本的', '我的网页进去不去了', '我看了你们网页', '我看到网页上贵公司', '是只有网页版是吗', '是在网页上点', '是在网页上直接搜索', '是网页上的在线交流', '有网页版的吗', '每次都要先搜索网页', '版网页就可吗', '直接光用网页开会吗', '直接在网页上就能', '直接网页形式是吧', '直播有网页形式的吗', '给个网页让直接登入', '网页上的稳定性怎么样', '网页可能有点麻烦啊', '网页宣传上不是有免费使用', '网页就不行是吧', '网页版可以录音么', '网页版地址能发一下吗', '网页版对浏览器有要求吗', '网页版是否会影响稳定性', '网页版的不可以吗', '网页遗址加载不出啊来', '还是只有网页版本的', '还是只能在网页上用', '还是在网页上就可以', '还是在网页上拨打', '还是必须从网页进入', '这个是直接浏览器打开网页吗', '这个是网页版吗', '这个是网页版的还是', '这个直接在网页上', '这个网页也打不开了', '适不适用网页的就可以', '那网页发我一下', '那请问音频连接是可以直接网页连接的', '重置是一个乱码的网页', '预定网页版可以吗']
语义向量：[ 2.27857576e-02 -3.16139975e-02 -1.05737728e-01 -5.92648093e-03
  5.04735929e-05  2.81556540e-02 -1.52697307e-01  2.35387084e-01
  7.36531581e-02  1.52170838e-01  8.17371951e-02  4.37904097e-02
  5.85609264e-02  4.80531033e-02  1.48928519e-01  5.44857819e-02
 -3.19949136e-04 -2.96091597e-02 -5.71760753e-02 -3.82006269e-03
  2.22965944e-02  8.73325111e-02 -8.88667185e-02  6.84596426e-02
 -2.25389844e-01  9.05990057e-02 -4.21853445e-02 -1.35500085e-03
 -1.27585530e-01 -1.34141353e-01 -3.61720187e-03 -1.81649438e-02
 -1.82867476e-01  7.45908624e-02  1.17309659e-01  5.15259707e-02
  2.48944190e-02  6.98446142e-04 -3.57387895e-02 -7.54283914e-02
  3.88978445e-03 -1.21843160e-02 -1.77421318e-01  3.06662488e-02
 -1.38915464e-01  1.07756910e-01 -1.54414068e-01 -1.05351259e-01
  6.12987594e-02  1.02929887e-02  2.02899727e-02  1.38361302e-01
  1.42690236e-01 -7.78453118e-02  5.33997688e-02  1.41303104e-01
  1.58922047e-02 -1.09648096e-01 -4.45172116e-02  1.10490875e-01
  1.00455923e-01 -1.09058652e-01 -7.33737501e-02 -1.37106713e-01
  7.63916959e-02  1.26265184e-02  1.77683914e-02 -2.14229201e-01
  1.37022309e-01  1.24493758e-02  1.82165330e-02  2.34977349e-01
  1.09774545e-01  1.29239672e-01  8.56842154e-02 -7.81622063e-02
 -5.50002677e-02 -4.63148063e-02 -1.22785353e-01 -9.45534728e-02
 -6.65585974e-02  1.08979338e-01 -6.03693810e-02  2.31141811e-01
 -1.45245476e-01  3.83304715e-02 -8.60457463e-02 -8.34195156e-02
 -9.21564603e-02  1.03491302e-01 -3.50538578e-02  1.73381604e-01
 -3.81683919e-03 -3.19706308e-02  1.25463207e-02 -9.29319736e-02
 -9.57588964e-02  2.33236522e-02 -8.58303566e-02 -1.95360653e-02
  7.40759441e-02  1.04076785e-01  4.14876136e-02  7.14553686e-02
 -7.51810670e-02 -8.01243544e-02 -1.28800649e-02 -2.22636453e-02
 -5.25471239e-03 -1.11092970e-01  1.39551378e-01  6.32414074e-02
  8.90043030e-02  1.10392477e-01 -5.66577045e-02 -8.08475339e-03
 -3.22684240e-03 -5.92358117e-03 -4.08030120e-02 -5.35436302e-02
  6.63793042e-02  2.54878428e-02 -2.05175623e-02 -2.66136648e-02
  1.48637159e-02 -2.60926729e-02  1.09124748e-01  1.36371475e-01
 -2.25814965e-02  3.45967991e-02 -3.73390853e-02 -2.36615902e-03
  6.16851914e-02 -6.67760298e-02  1.07653461e-01  1.72459177e-01
 -1.13370200e-01 -6.26757759e-02 -1.77237017e-01  2.04873190e-01
 -4.48588033e-02 -2.47664086e-02  2.97158016e-02  1.00832104e-01
  7.90986142e-02 -4.56078505e-02  9.21306066e-02 -7.59954699e-02
  7.33175994e-02  2.37297617e-02 -4.42671937e-02  1.09001783e-01
 -8.91834350e-02 -1.76618798e-02  7.70615406e-02  4.15858535e-02
 -7.88034831e-02 -4.99353586e-02 -5.28198688e-03  4.05533793e-02
 -6.54487730e-02 -1.47537021e-01  4.97084987e-02  4.36044440e-02
 -3.72570570e-02  6.66320613e-02 -1.26662090e-01 -5.33777297e-02
  7.60008852e-02 -2.00920177e-02  3.34348108e-02 -3.89196594e-02
 -8.67202842e-03  2.54573266e-02 -1.43251534e-02 -3.72806019e-02
  1.27715508e-03  1.11598263e-01 -5.68244310e-02  5.63495038e-03
  1.56826888e-01 -7.76933534e-03  5.70561112e-02 -2.17232452e-02
 -1.36771111e-01  1.00950048e-01  1.02822402e-01 -9.25199387e-02
 -3.49568301e-02  1.44102050e-01 -3.20847461e-02 -4.10473793e-02
 -1.10318890e-01 -3.39982504e-02 -2.49010304e-02 -8.67612791e-02
  1.11302484e-01  8.22962222e-02 -1.69141007e-02 -5.18279056e-02
 -1.08788811e-01 -1.35158987e-01 -2.11274989e-01  2.10131557e-03
 -2.28458598e-01 -2.72715956e-02 -2.76777012e-03  1.41312311e-01
 -4.75142821e-02  1.66149775e-02  7.02339926e-02  3.24862191e-02
 -1.99680639e-02  6.71971474e-02 -2.81277162e-02 -2.27710246e-02
 -1.64530063e-02 -3.80264453e-03 -2.04123201e-01 -6.81508957e-02
  2.33516440e-01  4.28714622e-02 -1.89606612e-02 -9.01221662e-02
  1.30656258e-01 -1.57169300e-02  1.63549606e-02  2.54996565e-02
  1.42404835e-01  1.09162563e-01  1.40558630e-01  5.04588771e-02
  3.17801721e-02  5.11312956e-02  9.23412546e-02  7.40002659e-02
 -9.28515839e-02  2.91371731e-02 -1.72921059e-02  1.28843075e-01
  7.18049960e-02 -9.00235611e-02 -8.93305067e-04 -4.61625946e-02
 -8.37704420e-02 -1.52472791e-02  9.27356488e-02  3.82603943e-02
 -1.10836402e-01  5.91701305e-02 -1.32955086e-02 -2.67634904e-03
 -4.27843443e-02  5.49760752e-02  6.32094965e-02 -1.06941519e-01
  5.53735775e-03  5.60742679e-02 -5.38428647e-02  1.00470075e-02
  2.00829544e-01 -1.09990242e-01 -1.31157344e-01 -4.13506986e-02
 -9.31002142e-02  5.88411157e-02 -5.69705428e-02  1.15973937e-01
  1.10034219e-01  6.09943146e-03  3.73316464e-02  6.06167490e-02
  1.02348690e-01  4.52255977e-02 -1.71500248e-01  8.86635114e-02
 -3.24766810e-02  1.29003473e-01 -7.60186537e-02 -8.49500147e-02
  6.53883004e-02 -9.19940081e-02 -3.47376999e-02  6.95239432e-02
  5.23009667e-02 -3.79669402e-02 -1.22041861e-01 -1.61619678e-01
  1.26682492e-01 -2.70657317e-02 -1.50687360e-01  1.14593485e-01
  1.31336125e-01 -1.56086518e-01 -4.52557790e-02 -3.84586471e-02
  3.62854059e-02  4.52363491e-02  1.40563770e-02 -2.53055384e-02]


第6类： ['只有网页', '是输入网页', '网页打开', '网页的话', '通过网页端']
语义向量：[ 2.10334469e-02 -1.05862989e-01 -2.62135971e-01 -3.18743005e-02
 -1.47260178e-02  1.08054952e-01 -4.02449411e-01  6.01112247e-01
  1.90174598e-01  4.34825087e-01  1.95116293e-01  1.55205688e-01
  1.15812309e-01  1.21903170e-01  4.21167201e-01  1.90076697e-01
  2.76435275e-02 -7.78926700e-02 -7.57226944e-02 -3.24092180e-02
  5.34479914e-02  2.05268225e-01 -2.29118529e-01  1.95747155e-01
 -5.77623671e-01  2.33361235e-01 -1.05569320e-01 -1.15332173e-02
 -3.55816770e-01 -3.20671383e-01  3.05246316e-02 -1.91333346e-02
 -4.72539574e-01  2.32859740e-01  3.38873446e-01  1.46000671e-01
  6.79066308e-02  1.13404632e-02 -1.14369249e-01 -2.15924084e-01
  5.86321976e-03 -3.01896159e-02 -4.75253308e-01  4.61095944e-02
 -3.73315293e-01  2.70194878e-01 -3.95208508e-01 -2.37653276e-01
  1.17898457e-01  4.43980979e-02  1.15447725e-01  3.29970571e-01
  3.76632655e-01 -2.24161735e-01  1.55993231e-01  3.62806606e-01
  4.37419207e-02 -2.98409480e-01 -1.61328802e-01  3.22134444e-01
  2.74133396e-01 -3.39265251e-01 -2.27549550e-01 -3.39143175e-01
  2.18653065e-01  3.79127190e-02  7.08244100e-02 -5.18899500e-01
  3.77916479e-01  5.79816118e-02  4.48640667e-02  6.60954905e-01
  3.04859695e-01  3.21360967e-01  2.26679862e-01 -2.07079823e-01
 -1.31852533e-01 -1.60020891e-01 -3.41002995e-01 -2.34983365e-01
 -1.44413030e-01  2.38706982e-01 -1.62370065e-01  6.51815426e-01
 -4.10470122e-01  6.82927661e-02 -2.92397168e-01 -2.01329779e-01
 -1.88461871e-01  2.44811873e-01 -1.25174135e-01  4.56170237e-01
 -2.54139721e-02 -5.80467284e-02  5.21732129e-02 -2.22337902e-01
 -2.55731186e-01  1.31469075e-02 -2.49902418e-01 -7.35188916e-02
  1.85346246e-01  2.82223397e-01  9.40961707e-02  1.81526423e-01
 -1.84152932e-01 -2.05278853e-01 -2.52950408e-02 -5.83265323e-02
 -4.83086519e-04 -3.16607332e-01  3.87412632e-01  1.86804694e-01
  2.74945816e-01  2.66932154e-01 -2.12413093e-01  1.16218168e-02
 -3.55673039e-02  9.19538960e-03 -9.90841174e-02 -1.26054286e-01
  1.59455708e-01  4.04648438e-02 -4.21686918e-03 -2.51355762e-02
  3.69691888e-02 -3.83856843e-02  3.11453855e-01  3.29933101e-01
 -5.66260885e-02  8.60550687e-02 -8.11088225e-02  2.70361118e-03
  1.72200492e-01 -1.78703608e-01  2.71798128e-01  4.50741792e-01
 -2.86847830e-01 -1.34145553e-01 -4.68504143e-01  5.09615296e-01
 -1.25399974e-01 -3.41215894e-02  9.14400034e-02  2.61958382e-01
  2.13099736e-01 -1.34801510e-01  2.94149929e-01 -2.14991927e-01
  1.41609415e-01  5.53611744e-02 -1.25643253e-01  2.90187111e-01
 -2.33660433e-01 -2.21438278e-02  1.86071098e-01  1.14539499e-01
 -1.76713386e-01 -1.45842062e-01 -3.41904783e-02  1.21230824e-01
 -1.65631534e-01 -4.05199069e-01  1.53703928e-01  1.30271453e-01
 -6.66213263e-02  1.52717568e-01 -3.52115810e-01 -8.97411808e-02
  2.15715209e-01 -4.79401499e-02  8.92066382e-02 -1.16481848e-01
 -1.04919933e-02  5.42909928e-02 -1.62547931e-02 -1.07953408e-01
  4.30698194e-02  2.66447887e-01 -1.57359923e-01  3.81455179e-02
  3.89239824e-01 -2.96720628e-02  1.04149333e-01 -5.42791598e-02
 -3.51030856e-01  2.38343677e-01  2.55861521e-01 -2.52905175e-01
 -4.41847524e-02  3.81902558e-01 -9.36395928e-02 -9.97990191e-02
 -3.06982744e-01 -6.56291939e-02 -9.20520248e-02 -1.97081424e-01
  2.66503544e-01  2.19281805e-01 -4.67378773e-02 -1.61380503e-01
 -2.79542422e-01 -4.10139823e-01 -5.55203098e-01 -8.26826086e-03
 -6.04873049e-01 -3.69239967e-02  1.39370348e-02  3.80798036e-01
 -1.56429990e-01  1.38013804e-02  1.58810247e-01  1.12140238e-01
 -3.55319502e-02  2.11935368e-01 -7.05850769e-02 -4.36854621e-02
 -4.95637459e-02 -3.19953045e-02 -5.47828740e-01 -1.86594316e-01
  6.17609143e-01  1.15561260e-01 -6.25092380e-02 -2.30163577e-01
  3.82906783e-01 -2.80560359e-02  8.98111686e-03  9.93325286e-02
  3.77835852e-01  2.78491405e-01  3.74753761e-01  1.38185601e-01
  1.12530503e-01  1.27661456e-01  2.19351274e-01  2.00474697e-01
 -2.08704576e-01  1.06076901e-01 -3.83316450e-02  3.47940990e-01
  1.58786984e-01 -2.30166641e-01 -2.52887718e-03 -1.22421558e-01
 -2.50687417e-01 -2.62667187e-02  2.72361931e-01  6.60395276e-02
 -2.94577104e-01  1.30016151e-01 -6.70964949e-02  5.02561815e-03
 -7.15957645e-02  1.40048574e-01  1.81286171e-01 -2.61440381e-01
  3.13330771e-02  1.48635955e-01 -1.78701602e-01  2.49187076e-02
  5.15904552e-01 -2.95193738e-01 -3.59308654e-01 -7.06878543e-02
 -2.55593821e-01  1.70237595e-01 -1.17232792e-01  3.15242732e-01
  2.88204509e-01  4.06692360e-02  1.07297219e-01  1.93494400e-01
  2.90056401e-01  1.41785872e-01 -4.32455349e-01  2.07647292e-01
 -1.29969200e-01  3.50208223e-01 -2.26503059e-01 -1.93902747e-01
  2.22714308e-01 -2.13786390e-01 -8.05802196e-02  1.95401251e-01
  1.26633336e-01 -6.57035477e-02 -3.41225165e-01 -3.81359443e-01
  3.83724272e-01 -9.07090778e-02 -3.85786620e-01  3.13135630e-01
  3.50335419e-01 -3.82192901e-01 -1.51416504e-01 -9.85155508e-02
  1.10262021e-01  1.41495255e-01  4.46748557e-02 -1.07849393e-01]


