第1类： ['互联网行业', '互联网行业', '互联网行业', '互联网金融行业', '信息技术行业', '公益行业', '制造行业', '制造行业', '包装行业', '医疗行业', '医疗行业', '医疗行业', '培训行业吧', '基金行业', '宠物食品行业', '建筑设计行业', '影视动画行业', '投资行业', '投资行业', '教育培训行业', '教育行业', '服务性行业', '汽车配件行业', '汽配行业', '洗浴行业', '游戏行业', '游戏行业', '电商行业', '直销行业', '科技行业', '芯片行业', '行业类型是培训行业', '设计行业', '设计行业', '酒店行业', '金融行业', '金融行业', '金融行业', '金融行业', '铸造行业']
语义向量：[-4.81242204e-02  2.90220019e-01  5.31310442e-01  3.39381643e-01
 -2.07945096e-01 -5.89208802e-02  4.00318053e-01 -1.19099777e-01
 -1.48992390e-02 -4.70903131e-01  3.95781975e-02 -4.10383825e-02
 -2.42330157e-01  3.55003509e-01  2.56839184e-02 -4.88883455e-01
  1.74771584e-01 -1.22738798e-01 -1.19899434e-01 -1.04530423e-02
  3.79138543e-02  7.46737767e-02  3.69828635e-02 -3.09031358e-01
 -1.82616274e-01 -4.13795146e-01  2.06820207e-01 -1.35426869e-02
  1.30091129e-01 -6.44225847e-02 -5.03220567e-03  2.90390644e-02
  1.59666876e-01 -3.71241096e-01 -2.23638989e-01 -3.30303525e-01
  8.56274401e-02 -1.03499701e-01  5.71881880e-01 -1.69625656e-01
  4.99227447e-02 -5.46783574e-01  4.95183662e-01 -2.36676717e-01
  4.72025967e-01 -9.61968459e-02 -3.11692190e-02 -1.13629601e-01
  3.11729268e-01  2.28256777e-01 -5.93926316e-01  3.20420172e-01
 -2.00636322e-01 -2.33592296e-01  3.52902845e-02 -7.60170444e-02
  5.01286875e-01  7.09088482e-02  5.61825512e-04 -2.83655011e-01
 -3.44453733e-01  4.66407465e-02  2.29663499e-02 -1.74003778e-01
 -6.40175407e-01 -2.87151437e-01  2.26649471e-01 -1.82106280e-01
 -5.57114056e-01 -2.57901490e-01  2.57917443e-01 -4.78539740e-01
 -2.90659690e-01  3.53099936e-02 -2.77128063e-01 -2.22237664e-01
 -4.74010789e-01  3.90165800e-01  2.48336843e-01 -1.99960819e-01
 -1.52376156e-01  1.54012199e-01  3.45898725e-01 -8.17661530e-01
  1.19316724e-01 -1.67469249e-02  2.57863967e-01 -1.81110182e-01
  1.48831100e-02  3.50201696e-02  3.86960410e-01 -2.95614947e-01
 -2.04660335e-01 -1.81532337e-01  2.81123871e-01  2.07498543e-02
  3.66767585e-01  4.04709601e-02  2.15671062e-01  1.11009505e-01
 -2.86269875e-01 -3.76957119e-01  5.83452246e-02  2.37743702e-01
 -3.61378653e-02  1.95105163e-01  4.95644590e-02  2.30651007e-01
 -2.07357938e-01  5.99817721e-01 -1.31957924e-01 -1.71575888e-01
 -8.56297423e-02  2.49678247e-01  2.22911317e-01 -4.29801959e-01
 -1.45105180e-01 -1.78124877e-03  8.58643590e-02  3.55225696e-01
 -3.44025519e-01 -4.72835925e-01 -4.11045318e-02  8.79428171e-02
  9.38149543e-02  2.10937169e-01 -5.40966538e-01 -9.22476067e-02
  4.21721351e-02  5.32413254e-02 -3.98328473e-01 -2.13435192e-01
 -2.08578468e-01 -9.82431310e-02  8.60283651e-03  7.09664313e-01
  3.69154420e-01 -1.64313588e-01  2.34757593e-01 -2.90994720e-01
 -3.27793029e-01 -9.27870886e-02  2.77405102e-02 -8.87335115e-03
  4.25500698e-01  1.87887876e-01 -3.76572547e-01  6.15554829e-01
  2.21789406e-01  1.93017572e-01  3.78557646e-01 -2.26684346e-01
 -1.65831748e-01  1.00420143e-01 -7.88976414e-03 -2.43450993e-01
  1.25623719e-01  1.45208012e-02  9.72267434e-02  9.19917981e-02
 -5.26359404e-02 -4.90230503e-02 -1.27013689e-01  2.24787527e-01
  2.82582962e-02  3.47880194e-02  2.00435778e-02 -2.43014611e-01
  6.61270677e-02  1.14211189e-01 -2.40201333e-01 -1.52182202e-01
 -9.09362939e-02  2.35875691e-01 -5.24884704e-01  1.22866542e-01
 -3.80828562e-01  4.42775497e-02 -1.55155607e-02  3.73916798e-01
  2.20667619e-01  9.29605562e-02 -4.82324288e-02 -1.58937064e-01
 -2.19789792e-02 -3.60385805e-01 -1.99912099e-01  8.44494026e-02
 -3.16598804e-01  1.67474214e-01  1.15570158e-01 -2.46122952e-01
  4.39323787e-01 -4.21467785e-02  4.87157833e-03 -2.29005923e-01
 -8.21206900e-01  1.27256596e-01  1.07595556e-01  2.31462363e-01
 -3.00925941e-01  2.63244731e-01  1.24429540e-01 -1.04359141e-02
  7.31928317e-02 -6.16127742e-02  3.31754217e-01 -2.07205783e-01
  1.66223485e-01 -9.04433831e-02 -3.36015992e-01 -1.62623812e-01
 -2.91268898e-01 -6.31177860e-01  1.50180413e-01 -2.52498538e-01
 -3.97678314e-02  3.20794319e-01  2.85230243e-01  1.75999727e-01
  6.49472074e-02 -6.68819902e-02  1.52971281e-01  4.57241024e-01
 -1.63111803e-01  1.00698720e-01  1.60875075e-01 -4.05548309e-02
  1.24079731e-01 -1.83896060e-01 -4.77377440e-01 -2.29049184e-01
 -2.19379779e-01 -9.10291911e-02  1.32786017e-01 -4.55108680e-03
  2.74605990e-01 -1.28438150e-01  5.41012273e-02  4.11925505e-01
  2.98607957e-01  1.22705296e-01  3.81013908e-02  5.94265154e-02
  1.68170263e-01 -2.28857525e-01 -2.67534285e-02  2.74709504e-01
  2.85763219e-01 -1.63731198e-01  2.50692706e-01  2.32139444e-03
 -2.22706150e-02  3.88956358e-01 -4.31259413e-01 -2.41718216e-02
  2.99790036e-01 -2.45288741e-01  2.16240771e-02  2.91277152e-01
 -1.20236201e-01  2.02333996e-01  7.01089697e-02 -2.28930375e-01
 -1.14602122e-01 -1.46694382e-01 -2.07916563e-01 -8.13547347e-02
  1.80134806e-01 -5.84885310e-02 -1.12025785e-01 -3.36698845e-01
  3.48352187e-01  2.88335594e-01  2.20253330e-01  1.60117885e-01
  6.10302003e-01  1.00259163e-01  2.66267596e-02 -1.43027072e-01
  2.38122568e-02  7.92137424e-02  4.07031086e-02 -2.02376651e-01
 -1.18519750e-02  2.84423520e-01 -1.27973005e-02 -2.91161961e-01
 -1.09692579e-01 -2.89046315e-01 -1.13732886e-02 -3.69209883e-01
 -1.00204122e-02  8.05664543e-02 -1.00829227e-01  4.48669979e-01
  3.27346388e-01 -2.09285148e-01  4.36328592e-02  1.26529294e-01]


第2类： ['为什么需要找我行业的客户经理对接', '主要针对什么行业', '你们没有给行业客户提供这种合作形式么', '医疗行业的公众号', '因为不太了解这个行业', '在佛山陶瓷行业', '培训行业的呼出外包你们有服务吗', '客户基本各个行业都有', '就是我们这边是做保健品行业的', '平台按照行业最高标准', '平台按照行业最高标准', '应该算是工程行业', '我们是做印刷行业', '我们是做金融行业的', '我们是健康医疗行业', '我们是医疗信息行业的', '我们是医疗行业', '我们是物业行业的', '我司做公安行业业务', '我司做的是国际货运代理行业', '我这边是做医疗类行业', '教育行业的', '生物医药行业的', '电力电信行业', '船代行业模板有了没', '行业不是重点', '行业是猎头公司', '行业是类似培训吧', '请问有金融行业的案例吗', '跟行业无关', '运动康复行业', '那就随便来个行业吧', '金融行业的', '针对教育行业的']
语义向量：[-3.12910961e-02  1.29018479e-01  2.27379341e-01  1.58009251e-01
 -9.93925186e-02 -2.20941418e-02  1.76181726e-01 -5.54292946e-02
 -1.96083390e-02 -2.15831108e-01  1.58889019e-02 -2.02373115e-02
 -1.23274261e-01  1.57717723e-01  1.24318944e-02 -2.16220013e-01
  8.30908159e-02 -6.29768593e-02 -4.27490695e-02 -1.60127243e-03
  1.95905223e-02  3.66692604e-02  2.72375250e-02 -1.40792499e-01
 -6.71639602e-02 -1.85108030e-01  7.60030983e-02 -1.48875259e-02
  5.78510959e-02 -2.63908226e-02 -6.00617454e-03  3.28802802e-02
  7.61423431e-02 -1.76467266e-01 -1.09174844e-01 -1.49206864e-01
  2.97669177e-02 -4.88552992e-02  2.58147510e-01 -8.77921005e-02
  1.50687030e-02 -2.39861003e-01  2.24173377e-01 -1.03153139e-01
  2.12156391e-01 -6.14782209e-02 -2.70916331e-03 -5.10596838e-02
  1.24358321e-01  1.01945188e-01 -2.56926907e-01  1.34314320e-01
 -9.94053508e-02 -1.10610676e-01  2.27854347e-02 -2.66947859e-02
  2.37776790e-01  2.83075786e-02 -1.38567698e-03 -1.41763061e-01
 -1.49781212e-01  2.66334461e-02  7.66526330e-03 -8.63353861e-02
 -2.90408403e-01 -1.29210720e-01  1.10354969e-01 -7.73120136e-02
 -2.46962929e-01 -1.12306445e-01  1.20134518e-01 -1.96083194e-01
 -1.31634835e-01 -4.44722050e-03 -1.18602171e-01 -9.61655715e-02
 -2.02988733e-01  1.72453649e-01  1.07986028e-01 -7.11179489e-02
 -5.76514854e-02  6.05203627e-02  1.56735070e-01 -3.63616744e-01
  4.30897959e-02 -5.49561992e-03  1.08079800e-01 -5.74550902e-02
  2.39524473e-03  2.92974668e-04  1.68025021e-01 -1.36037581e-01
 -1.08190416e-01 -7.31851914e-02  1.29817863e-01  1.63621754e-02
  1.60856423e-01  2.01990889e-02  8.45323875e-02  4.86964981e-02
 -1.18809870e-01 -1.52598288e-01  2.44366646e-02  1.04112432e-01
 -1.06870279e-02  9.29698570e-02  3.91200584e-02  1.00138734e-01
 -8.68480325e-02  2.75123163e-01 -5.83693494e-02 -7.99303818e-02
 -3.38980299e-02  1.06251951e-01  9.34112020e-02 -2.06394858e-01
 -7.12711946e-02  8.27451442e-03  4.67353180e-02  1.52989696e-01
 -1.67120060e-01 -2.13475312e-01  2.36310742e-03  3.52676009e-02
  3.68725233e-02  1.03060834e-01 -2.49841443e-01 -4.48922905e-02
  1.03862211e-02  2.47421134e-02 -1.69296594e-01 -9.38118316e-02
 -8.69439355e-02 -3.71380159e-02  4.88083278e-03  3.19377166e-01
  1.75821489e-01 -6.72440081e-02  9.92390397e-02 -1.45676364e-01
 -1.61395118e-01 -3.31380916e-02  4.68696850e-03 -1.37069538e-02
  2.02985367e-01  7.21967606e-02 -1.77563755e-01  2.85927834e-01
  9.50469429e-02  7.58940807e-02  1.70865855e-01 -1.10962442e-01
 -6.93203305e-02  4.27452329e-02 -5.80322230e-03 -9.21053742e-02
  6.42664754e-02 -4.59660771e-03  3.17774253e-02  5.42045614e-02
 -1.43162567e-02 -2.31703784e-02 -4.89999094e-02  1.15881976e-01
  2.04363268e-02  1.33236580e-02  3.28663654e-04 -9.78241496e-02
  2.05841148e-02  5.47350809e-02 -1.01591759e-01 -6.93455604e-02
 -4.65485792e-02  1.12528762e-01 -2.19017536e-01  5.85876567e-02
 -1.74919744e-01  6.72538293e-03 -1.04929048e-02  1.72797869e-01
  1.00378529e-01  4.14319161e-02 -2.01763927e-02 -6.20157225e-02
 -6.33616082e-03 -1.66955256e-01 -9.31037685e-02  4.44055279e-02
 -1.23759987e-01  6.34728408e-02  5.10278039e-02 -1.04568331e-01
  1.92237977e-01 -2.74232451e-02  6.12730532e-03 -9.14652807e-02
 -3.89748797e-01  5.27464213e-02  3.35591652e-02  9.68159121e-02
 -1.42006525e-01  1.02763782e-01  7.67092483e-02 -2.78092710e-04
  3.60068195e-02 -2.80610720e-02  1.51051247e-01 -8.39113141e-02
  6.59132135e-02 -4.30931101e-02 -1.40370710e-01 -8.77263009e-02
 -1.30773616e-01 -2.93391980e-01  5.21015961e-02 -1.15212493e-01
 -6.52173630e-03  1.36320766e-01  1.54506126e-01  7.46252690e-02
  3.87814430e-02 -2.46051993e-02  6.61516794e-02  2.09036743e-01
 -6.65639108e-02  5.64337102e-02  8.35446619e-02 -8.53299894e-03
  5.30332238e-02 -7.68138038e-02 -2.18307321e-01 -1.18966890e-01
 -8.77698403e-02 -2.90571370e-02  6.24357146e-02  3.79946932e-03
  1.20529317e-01 -5.96149773e-02  1.30375379e-02  1.78706336e-01
  1.35639087e-01  5.14225133e-02  1.33669027e-02  3.02882714e-02
  7.07868134e-02 -9.80782886e-02 -1.52420500e-02  1.11009393e-01
  1.30881485e-01 -8.29093776e-02  1.08188433e-01 -7.08956721e-03
 -6.30888261e-03  1.68059319e-01 -1.95933225e-01 -1.23287645e-02
  1.32885774e-01 -1.07861158e-01 -6.79110815e-03  1.40352534e-01
 -5.87375068e-02  8.59958256e-02  3.22907734e-02 -9.66971225e-02
 -5.41677605e-02 -7.12876531e-02 -1.03464237e-01 -3.75895311e-02
  7.05552694e-02 -3.41738980e-02 -4.40686062e-02 -1.54818534e-01
  1.55866184e-01  1.35086440e-01  1.10499913e-01  5.29231270e-02
  2.63198268e-01  3.78759920e-02  2.62849919e-02 -5.29303169e-02
  1.62546410e-02  4.19876329e-02  1.89481480e-02 -1.00831928e-01
 -4.22664384e-03  1.21430925e-01 -3.30941672e-03 -1.17840721e-01
 -4.89831842e-02 -1.43644857e-01  6.62166680e-03 -1.60950669e-01
 -9.23573561e-03  4.40992891e-02 -4.60522517e-02  1.96882047e-01
  1.64268829e-01 -1.00892368e-01  2.50436678e-02  5.31433159e-02]


