第1类： ['主要是给销售人员做视频培训', '但我们的思科视频设备不允许从外部连接', '你们公司的产品是做视频直播的', '你们没有视频在线存储', '你们的视频可以接思科的硬件么', '你说的这个价格是带有饮品设备和视频设备的吗', '公司需要是视频语音高效的进行', '另外也有线上的视频培训', '可以实现多组点对点的视频交流吗', '在思科网上看到的视频指导', '外接的语音视频设备你们有配套么', '如果老师在国外播视频上课', '实现一个视频互动的形式', '就是要增加一个中心的视频', '带有音频设备和视频设备的吗', '录制视频多少钱不知道', '您好你视频直播是怎么实现的', '您那边视频硬件自己有做吗', '想要有实时视频语音通话和', '我主要担心网络问题视频会不会流畅', '我们公司想采购多人视频设备', '我们平台想集成视频服务', '我们想使用一款远程视频', '我们想布置视频电视电话会议室的设备', '我们想把视频直播上传在', '我们想要做给客户做远程视频会见', '我们是公司组织做培训视频', '我们需要一对多的视频服务', '我只能一个点对点的视频聊天功能', '我只要一个点对点的视频聊天功能', '我想了解一下云视频的信息', '我目前公司有宝利通的视频设备', '我问一下视频和语音', '是之前别人给的培训视频', '比如我的客户是用的宝利通或者其他视频设备', '没有网上视频课程服务是吗', '网络视频分享文件是什么意思', '网络视频这个怎么卖的', '要想用网络视频开会得需要什么', '要求视频画面及语音的质量稳定', '视频需要一边直播一边录制', '视频音频需要再增加设备吗', '请问你们提供视频在线管理功能么', '请问你们提供视频远程录制和保存功能吗', '请问你们的视频方案', '这个是我司需要维保的思科视频设备', '这个网络视频平台对网速有什么要求吗', '那怎么确保国外的视频质量呢', '那视频设备是自己采购吗', '需要语音和方案投放的共享视频']
语义向量：[-0.02700219  0.05302194  0.02281944 -0.08303849 -0.08956292  0.01668315
  0.07206485 -0.01597194 -0.00835395 -0.00952671 -0.0280942   0.02216717
  0.00585237 -0.03282091  0.00769325 -0.04136991 -0.07925201 -0.01212917
  0.01438029 -0.09163962 -0.07190414  0.02808234 -0.01223981 -0.07542322
 -0.22980019  0.1094156  -0.06740938 -0.09175871  0.01599528 -0.01816491
 -0.12361364 -0.2147402  -0.18426903  0.00487605 -0.01422327 -0.08815125
  0.05066327 -0.1764952   0.08181087  0.04410817 -0.10223629 -0.02622485
 -0.04023614  0.15662903 -0.13628297  0.08944686 -0.15147452 -0.08712558
 -0.00434951  0.05151943 -0.05254041  0.13225213  0.16210419  0.01642372
 -0.07657036 -0.01591934  0.02981646 -0.04113425 -0.11087324 -0.04419299
  0.10586764  0.12633431 -0.12538399 -0.15032861 -0.12305183 -0.04189427
 -0.03777364 -0.12470566 -0.06645538 -0.21902713  0.0519366   0.00504654
  0.02996769  0.01601959  0.05652738 -0.05277701 -0.12702298  0.15761287
 -0.02907669 -0.09366074 -0.02047832  0.00845777  0.14500116 -0.02670026
 -0.00654601 -0.01402484  0.01764966  0.0255576  -0.08193893  0.14242522
 -0.02142831 -0.17382954  0.05214035 -0.08105077  0.00545554 -0.10389182
  0.02834771 -0.11122442  0.02708055 -0.04312052 -0.05768139 -0.10643702
 -0.0055558   0.14293809  0.03181671  0.00877878 -0.07548325  0.18062674
  0.00450699 -0.07292312 -0.07729657 -0.0210323   0.06388368  0.07829152
 -0.00131261  0.06539935  0.00129887  0.07643409 -0.16235704 -0.00829606
  0.04952407 -0.12917672 -0.10670132 -0.02036284  0.08838345  0.11117289
 -0.01762468  0.04585135  0.12993016  0.07133455 -0.05791866 -0.03636224
  0.25087397  0.11769944  0.11083428  0.24644394 -0.04472458 -0.31199195
  0.0213417   0.08261945 -0.09737262 -0.02554631  0.09606715  0.06695275
  0.08135606 -0.15563241 -0.03576719  0.1000312   0.05288307  0.03799287
 -0.01536815  0.12945695 -0.09535825  0.00497481  0.04793241  0.0402716
  0.04375625 -0.10663244  0.09498062  0.04802552  0.13132693 -0.06370554
  0.02534077  0.16684861 -0.02553095  0.05238042 -0.09090376 -0.06703832
  0.07317701 -0.09445353 -0.01780796 -0.10967672  0.01763365 -0.01537893
  0.04889163  0.00093584 -0.01180291  0.1317649   0.12951027  0.04851047
  0.10249992  0.01309101  0.06039584 -0.08349276 -0.01553596  0.001883
 -0.08348586 -0.16112545 -0.137199    0.09656212 -0.07879015  0.01373198
  0.06159704  0.0633477  -0.02168212 -0.07100314 -0.00442337  0.17521773
 -0.08542488 -0.02664217 -0.10284847 -0.01413287 -0.08906753  0.02716968
 -0.06612296 -0.07664264  0.08316982 -0.00448443  0.07506804  0.01914078
 -0.00615439  0.02333336 -0.11941139 -0.0186413   0.2199519   0.00184431
 -0.04623171  0.06433942 -0.21857806  0.13476697 -0.0545186   0.0634274
  0.14402458 -0.0068163  -0.10442572  0.10213899  0.08896918  0.02158889
  0.03137198 -0.13131283 -0.00827567 -0.13691761 -0.00493184  0.00319002
  0.00964671 -0.05933725 -0.10474053 -0.15277109  0.07345412  0.20605283
  0.10457079 -0.0313924  -0.07981961 -0.07624771 -0.01038683 -0.10151921
 -0.03211291  0.00160033  0.16364852 -0.02730452 -0.05338859 -0.16142372
 -0.09351198 -0.01485177  0.07757303 -0.02930249 -0.00243605 -0.14854129
 -0.0640765   0.02204113  0.14963808 -0.04619544  0.05668433 -0.17266726
 -0.00972244 -0.03453521  0.0967732   0.01879259  0.10085829 -0.01343775
 -0.08247366  0.0132736   0.11077482 -0.10219902 -0.03874244  0.11707943
  0.17352923  0.00175093  0.00509832  0.04322414 -0.01416843 -0.02258512
 -0.04339174  0.06454853  0.07245546 -0.06181472  0.15342882 -0.18228018
  0.0949421   0.06980671 -0.01232256 -0.00413873 -0.0149496   0.04081798
  0.00729448 -0.04309003  0.05590485 -0.01207265 -0.05861415 -0.12542553]


第2类： ['三地视频', '不用视频', '不用视频', '不要视频', '不要视频', '企业视频直播', '只有视频', '只要视频', '可以视频', '同时视频', '同时视频', '对方视频', '就是视频', '怎么视频', '没有视频', '没有视频', '视频探头', '视频播出', '视频电视电话会议', '视频的话', '视频直播那种', '视频讨论', '视频通讯', '视频通话', '视频通话', '长时间视频']
语义向量：[-1.38092376e-01  1.17591940e-01  9.58048090e-02 -2.70837135e-01
 -1.50429698e-01  2.06386419e-02  1.96094615e-01 -1.77111201e-03
  1.15479939e-02  5.27836357e-02 -6.30682764e-02 -9.57979319e-03
  1.19787342e-01 -1.70619914e-01 -1.64955794e-02 -6.57843538e-02
 -1.50624923e-01  1.00489026e-01  1.24326676e-01 -1.98248520e-01
 -1.53607312e-01 -7.00692118e-02  9.56731900e-02 -1.62659755e-01
 -4.99775857e-01  3.31881484e-01 -1.96319267e-01 -1.22810239e-01
  6.14058799e-04 -5.32256669e-02 -2.11230633e-01 -5.44971631e-01
 -4.40725861e-01  1.18542754e-01  5.15668203e-02 -1.96482031e-01
  1.47532230e-01 -4.27383260e-01  1.28954571e-01  1.55755794e-01
 -1.68795587e-01  4.25391429e-02 -5.58799975e-02  3.70992557e-01
 -3.73634822e-01  2.61913290e-01 -3.77798748e-01 -2.31257930e-01
 -2.66659224e-02  3.64894047e-02  2.41582113e-02  2.26360686e-01
  4.22713626e-01  6.44435499e-02 -1.14413862e-02 -8.23222502e-02
 -8.74203799e-02 -5.92641722e-02 -3.31943913e-01 -1.19296414e-02
  2.82115142e-01  2.46564740e-01 -3.13333835e-01 -2.07976366e-01
 -2.44082625e-01 -4.42129161e-02 -2.11592576e-01 -1.99634596e-01
 -1.61648488e-01 -4.48194618e-01  6.95927051e-02 -4.90783281e-02
  1.24657819e-01  1.22420198e-02  9.74423209e-02 -2.73138313e-02
 -2.93351093e-01  2.93913557e-01 -7.88935887e-02 -1.90839969e-01
  1.00139929e-01 -6.26721157e-02  2.84219877e-01  4.00317569e-02
  3.16497300e-02 -8.23886372e-02 -3.67134713e-02 -1.13424815e-02
 -1.95177813e-01  4.29483609e-01 -1.66311591e-01 -3.79536471e-01
  2.30198506e-01 -3.51013243e-02  2.44503927e-02 -1.88958284e-01
  2.41275051e-02 -3.39316888e-01  7.64744296e-02 -1.73222348e-01
 -2.05103261e-01 -2.50617441e-01 -5.34500959e-02  2.95007676e-01
  8.47725914e-02 -4.80775227e-03 -1.53015030e-01  4.11317961e-01
  3.16942758e-02 -2.00586866e-01 -1.80898010e-01 -3.31142619e-02
  1.93933548e-01  1.20040157e-01  2.06239751e-02  1.97049287e-01
 -3.46959858e-02  1.22493456e-01 -3.05074336e-01 -6.05001819e-02
  1.83763952e-01 -2.00413986e-01 -2.10113245e-01 -4.81419343e-02
  1.28177402e-01  2.28413812e-01  1.50981302e-02  1.78196025e-01
  3.35071708e-01  2.51616698e-02 -8.72651579e-02 -9.23814802e-02
  5.55791814e-01  3.49722502e-01  2.51985720e-01  5.03696038e-01
 -2.42012615e-01 -6.57320541e-01  1.16708470e-01  2.53565623e-01
 -1.33784323e-01 -8.76910618e-02  1.13407346e-01  2.31643613e-01
  1.94684829e-02 -4.49042605e-01  4.00576910e-02  5.54364243e-02
  1.00618924e-01  6.43669946e-02 -4.59843774e-02  4.21094424e-01
 -2.15616480e-01  4.22308749e-02  1.77544256e-01  6.42539355e-03
  1.90511568e-01 -1.20958439e-01  1.34096555e-01  6.54470806e-02
  1.72094434e-01 -1.50703199e-01 -9.45822064e-03  2.04048544e-01
  2.43324467e-02  1.39548655e-01 -1.14554819e-01 -1.31901164e-01
  1.53014464e-01 -1.50508960e-01  6.71474263e-03 -1.85065456e-01
  1.39510312e-01 -1.41341817e-01  1.26834018e-01  1.36503419e-01
  5.61950138e-02  2.56277949e-01  2.45794995e-01  8.22777450e-02
  1.39134401e-01 -5.68162406e-03  3.39497196e-02 -2.22706175e-01
  4.66968278e-02 -1.37412458e-01  1.36594446e-02 -4.94036076e-01
 -3.08285041e-01  2.87643193e-01 -2.35947995e-01 -7.71758384e-02
  1.07048816e-01  2.86218660e-01  9.54542917e-02 -4.84727002e-02
  7.33465048e-02  3.43495396e-01 -1.26955939e-01 -6.07178830e-02
 -1.09728383e-01  2.33378009e-02 -2.48255986e-01  4.06979302e-02
 -1.05431373e-01 -1.26868543e-01  1.15971877e-01 -3.69778163e-02
  9.99963387e-02  5.39733848e-02 -9.55774391e-02  8.35206480e-02
 -3.36666451e-01  5.23501391e-02  5.17378463e-01  6.11505086e-02
 -1.82778881e-01  1.92682881e-01 -6.12188527e-01  2.90478438e-01
 -1.71606532e-01  1.95982677e-01  3.51182784e-01 -3.28987500e-02
 -2.88600995e-01  1.59374713e-01  2.14272642e-01  1.04552227e-01
  6.78874819e-02 -3.25929367e-01  4.15204974e-03 -3.45958061e-01
 -1.36450692e-02 -1.86541924e-01 -6.64610179e-02 -1.52018023e-01
 -1.57370361e-01 -4.02765409e-01  2.15150165e-01  3.80929229e-01
  2.14896885e-01  5.88506050e-02 -2.16748544e-01 -2.15764981e-01
 -1.11832303e-01 -1.65396854e-01 -1.92531185e-01 -4.01468174e-02
  4.03653569e-01 -1.04967868e-01 -1.47845973e-01 -5.33887058e-01
 -2.11629226e-01 -5.48048002e-02  2.40133704e-01 -1.37338412e-01
  3.68113098e-02 -2.98313262e-01 -7.11982858e-02  7.92029466e-02
  3.47419072e-01 -5.17071096e-02  1.14934260e-01 -3.02054605e-01
 -6.92639610e-02 -9.78985569e-03  2.84041377e-01  1.10911182e-01
  3.47070152e-01  5.29141833e-02 -1.65186615e-01  7.82592414e-02
  2.92462961e-01 -2.90485341e-01 -6.05979169e-02  2.49989177e-01
  3.97857925e-01  3.19016897e-02 -1.88239523e-02  1.87788023e-01
  2.10464198e-02 -5.37764026e-02 -1.26042578e-01  2.83125892e-01
  1.11896970e-01 -9.38412880e-02  3.49140811e-01 -3.32089229e-01
  2.61144702e-01  1.61820164e-01  1.86645583e-02 -1.19327523e-01
 -3.97136934e-02  1.96832277e-01  4.46857329e-02 -1.30189310e-01
 -1.82934312e-02  2.61049010e-02 -1.14885916e-01 -4.16050654e-01]


第3类： ['不想开视频', '不用视频的', '不要视频的', '不需要视频', '不需要视频', '不需要视频', '不需要视频', '个视频点', '主要是视频', '了解下视频', '你们这个视频', '关于视频租用', '利用软件视频的', '加上视频的', '双方视频通话', '可以不要视频', '可以看到视频', '可以视频吗', '可以视频吗', '可以视频吧', '同时视频职能', '哦视频呀', '如何录制视频', '如何录制视频', '带视频的', '开了视频', '录制的视频', '录制的视频', '录制的视频', '怎么看不到视频', '我不用视频', '我们不要视频', '我有视频', '或者视频的', '有没有视频呢', '有视频吗', '有视频吗', '没有看到视频', '能看到视频', '能视频不', '能视频吗', '能视频吗', '视频一直打不开', '视频中展示', '视频会一', '视频在哪', '视频完了', '视频技术使用', '视频效果怎么样', '视频有点问题', '视频用不到', '视频管理没有', '视频较少', '视频通话的', '试用版看不到视频', '还有视频像素', '这个视频可不可以我一对多视频', '那视频呢', '需要同时视频', '面对面视频交流']
语义向量：[-9.71725851e-02  7.84020773e-02  6.56418613e-02 -1.78459158e-01
 -1.01692260e-01  1.48498322e-02  1.29474931e-01  1.83791058e-03
  9.12086448e-03  4.01091848e-02 -3.76015494e-02 -1.15787611e-02
  8.06325561e-02 -1.19939003e-01 -8.25364476e-03 -4.61148731e-02
 -1.00101469e-01  7.30661153e-02  8.64415645e-02 -1.34392160e-01
 -1.00102822e-01 -5.06883042e-02  6.75900954e-02 -1.08064235e-01
 -3.36425034e-01  2.27123828e-01 -1.32513506e-01 -8.21679319e-02
 -5.34710332e-03 -3.14577422e-02 -1.41104337e-01 -3.62967658e-01
 -2.96572818e-01  8.26365577e-02  3.60798218e-02 -1.29934379e-01
  1.04104289e-01 -2.80834063e-01  8.66817188e-02  1.00674148e-01
 -1.10683690e-01  3.53008326e-02 -3.79979038e-02  2.43935421e-01
 -2.49054571e-01  1.77378391e-01 -2.47700553e-01 -1.60029760e-01
 -1.84770337e-02  1.74557345e-02  2.22429050e-02  1.49289197e-01
  2.79911878e-01  4.45995232e-02  9.39131776e-04 -5.26807660e-02
 -6.29221562e-02 -4.05112945e-02 -2.20994531e-01 -7.20558772e-03
  1.91877374e-01  1.66801585e-01 -2.08019599e-01 -1.38091810e-01
 -1.56586407e-01 -2.78115706e-02 -1.42433969e-01 -1.27739141e-01
 -1.07609245e-01 -2.95072605e-01  4.62141611e-02 -3.05810022e-02
  8.31061099e-02  8.88836332e-03  6.61010332e-02 -2.14246579e-02
 -1.91501473e-01  1.95926418e-01 -5.27130738e-02 -1.22283401e-01
  6.94800339e-02 -4.53426907e-02  1.89695290e-01  2.71164217e-02
  2.53547487e-02 -5.60928763e-02 -2.52897871e-02 -8.65543691e-03
 -1.28892492e-01  2.85831536e-01 -1.18290206e-01 -2.50224448e-01
  1.58973264e-01 -1.94490010e-02  2.42142890e-02 -1.26590380e-01
  1.29787618e-02 -2.27132819e-01  5.13198044e-02 -1.12911939e-01
 -1.40823821e-01 -1.72562817e-01 -3.83130535e-02  1.93817963e-01
  5.81109210e-02 -3.49495249e-04 -1.00436822e-01  2.70401043e-01
  1.80268134e-02 -1.33905933e-01 -1.20027827e-01 -2.67391138e-02
  1.28553608e-01  7.81765906e-02  1.76967499e-02  1.26472039e-01
 -2.43419816e-02  8.01385595e-02 -2.03026734e-01 -4.31077695e-02
  1.21994693e-01 -1.28246299e-01 -1.35726498e-01 -3.12222880e-02
  7.96183400e-02  1.53458277e-01  1.44023066e-02  1.23422010e-01
  2.21916495e-01  1.55900815e-02 -5.18315629e-02 -6.30729085e-02
  3.71164032e-01  2.37392561e-01  1.64585283e-01  3.34493100e-01
 -1.64257217e-01 -4.33197336e-01  7.80665101e-02  1.64752049e-01
 -8.34986736e-02 -6.27004764e-02  7.22698104e-02  1.59810182e-01
  6.41678959e-03 -3.02255131e-01  3.14986181e-02  2.86165500e-02
  7.12980540e-02  4.13960517e-02 -3.13411291e-02  2.79988683e-01
 -1.46302036e-01  2.35395452e-02  1.27305056e-01 -3.66670693e-04
  1.29248873e-01 -7.63319701e-02  8.23128282e-02  4.56578995e-02
  1.12644979e-01 -1.04204233e-01 -6.88075855e-03  1.33954000e-01
  1.60224390e-02  9.40675351e-02 -7.51802669e-02 -8.72048481e-02
  9.79465613e-02 -9.71803108e-02  8.44879454e-03 -1.20566426e-01
  1.00051323e-01 -9.90827819e-02  8.26979872e-02  9.62750743e-02
  3.57259505e-02  1.68662283e-01  1.57272148e-01  5.49943101e-02
  9.59440626e-02 -2.96081205e-03  1.91507748e-02 -1.46283541e-01
  3.70303257e-02 -9.41539766e-02  1.91268452e-02 -3.31880780e-01
 -2.05295408e-01  1.98208739e-01 -1.58769061e-01 -5.74687095e-02
  6.41069562e-02  1.97735393e-01  7.02286058e-02 -2.71279894e-02
  5.07688944e-02  2.23496700e-01 -7.70139926e-02 -4.19051775e-02
 -7.37758887e-02  2.33061013e-02 -1.64737330e-01  2.90335616e-02
 -7.22914739e-02 -8.27585651e-02  7.70403285e-02 -2.58877579e-02
  6.68041766e-02  3.72905234e-02 -6.83559910e-02  5.23322397e-02
 -2.28080199e-01  4.00555776e-02  3.43312057e-01  4.03546553e-02
 -1.22508231e-01  1.32284771e-01 -4.07544146e-01  1.87948925e-01
 -1.16090858e-01  1.34310514e-01  2.36201493e-01 -2.29725698e-02
 -1.98174723e-01  9.98941307e-02  1.44661331e-01  7.05305176e-02
  4.68891023e-02 -2.16153718e-01 -5.18833879e-03 -2.30764851e-01
 -1.45684359e-02 -1.29590446e-01 -4.70009951e-02 -9.86764005e-02
 -1.05783420e-01 -2.71463749e-01  1.44706905e-01  2.48446562e-01
  1.44153529e-01  4.05464369e-02 -1.45689126e-01 -1.44403509e-01
 -7.85351707e-02 -1.11667721e-01 -1.34098804e-01 -2.10394960e-02
  2.72612457e-01 -7.21965386e-02 -1.00910685e-01 -3.61398988e-01
 -1.43465307e-01 -3.33429397e-02  1.59157737e-01 -8.98491006e-02
  2.99610930e-02 -1.95965530e-01 -4.62193599e-02  4.75484554e-02
  2.32279576e-01 -3.01464344e-02  7.58494783e-02 -1.95873234e-01
 -4.82409868e-02 -1.88167895e-04  1.89465813e-01  8.28059273e-02
  2.39975556e-01  3.62057918e-02 -1.07340958e-01  5.03841198e-02
  1.92930048e-01 -2.01130291e-01 -4.01472921e-02  1.61254949e-01
  2.67760537e-01  2.55721322e-02 -7.30832752e-03  1.24555690e-01
  1.74148084e-02 -3.88906396e-02 -8.58046242e-02  1.98239552e-01
  6.90764012e-02 -6.17838270e-02  2.28532643e-01 -2.16419085e-01
  1.76043879e-01  1.04354632e-01  1.94727937e-02 -8.12537967e-02
 -2.75594725e-02  1.35184145e-01  3.02063059e-02 -8.75120160e-02
 -2.36784845e-02  1.74418935e-02 -7.42282665e-02 -2.80390486e-01]


第4类： ['不显示其他人的视频', '你们的这个科天云视频会议室', '你看没有视频开启啊', '可以实现多地的视频会议室吗', '可同时显示多少方视频画面', '同时最高显示几路视频', '在浏览器上不安装任何其他插件能直接视频吗', '如何为多个办事处安装视频会议室', '如果我给对方打电话视频', '如果有人给我发视频的链接', '对方发了一个视频链接过来', '就是想把开会的视频', '开启摄像头也不能录制视频吗', '我们想找个可以视频开会的', '我们想搞个视频会议室', '我们要做视频会议室', '我公司想搞一个视频会议室', '我要连接公司视频', '我这边有十几个视频会议室', '是一边视频一边打电话', '直接打电话就不能视频吗', '网页可以录制视频吗', '视频会议室一样的吗', '这种情况就只是链接了音频没有链接视频吗', '这边是希望通过微信群连接视频会', '那参会人员如何打开视频']
语义向量：[-0.11981836  0.01599671 -0.02055675 -0.11945341 -0.08645271  0.02735425
  0.04563385  0.08523078 -0.00881838  0.04995663 -0.02957999  0.10577338
  0.02074087 -0.03946181  0.08644388  0.00561762 -0.03103242  0.02175346
  0.09834557 -0.09085188 -0.01854266  0.01933744  0.00889039 -0.06990577
 -0.2734712   0.16719765 -0.14476834 -0.06877913 -0.06721404 -0.05883542
 -0.08135359 -0.14918044 -0.22704029  0.10152971  0.07944039 -0.06458791
  0.06905294 -0.14737999  0.04919273  0.00641595 -0.09031304 -0.01559635
 -0.08315053  0.15282477 -0.20193912  0.08888316 -0.15953942 -0.10981951
 -0.0340608   0.02845371  0.08100906  0.08526205  0.22034462 -0.04175851
  0.00147823  0.04548827  0.03500748 -0.08231552 -0.17589186 -0.04179813
  0.14590559  0.06222299 -0.17648337 -0.18163144 -0.09554166 -0.0185011
 -0.09876146 -0.12464973 -0.01435951 -0.20619651  0.06362065  0.11976376
  0.08326689 -0.01040476  0.13356074 -0.00481418 -0.13392974  0.08901546
 -0.10905071 -0.09003561  0.0239019  -0.0324681   0.14731443  0.09752091
 -0.11244164 -0.01482005 -0.03861182  0.02780092 -0.0835174   0.16906503
 -0.10512316 -0.13645967  0.02593054 -0.03681166  0.01087816 -0.07749073
 -0.06013734 -0.16412605 -0.01714703 -0.04050325 -0.05369185 -0.07172949
 -0.0623771   0.14728894  0.05019675 -0.02806509 -0.02260622  0.20580737
  0.04032892 -0.09117768  0.01764046  0.003841    0.12726581  0.06921246
 -0.08932918  0.04911813 -0.03927026  0.11109241 -0.1144257  -0.01964196
  0.02266502 -0.11824312  0.00733968  0.00902371  0.04480462  0.12856515
  0.05165445  0.06599867  0.13116699  0.01109629 -0.04504902 -0.05975226
  0.29664313  0.13869414  0.13597559  0.27294805 -0.10696445 -0.28398506
 -0.0212409   0.11750742 -0.09400416 -0.0200537   0.05780258  0.09649987
  0.06569346 -0.24332304  0.04711674  0.04085938  0.05037055  0.00469448
 -0.03401181  0.20866434 -0.09076911  0.03568372  0.05530106  0.05852742
  0.09713914 -0.12272221  0.03527297  0.10153226  0.11862812 -0.13295139
 -0.00413588  0.1895208   0.00247806  0.04959859 -0.15796509 -0.03818448
  0.08958082 -0.08663491  0.02824762 -0.0876709   0.02297598 -0.04138279
  0.0621479   0.04734239  0.0098222   0.11162997  0.06122758  0.04722458
  0.10062581  0.01863126 -0.02987648 -0.05990551 -0.02760684 -0.03359095
  0.00534822 -0.20828246 -0.08829497  0.14048198 -0.11607065 -0.02698078
  0.00130241  0.08383832  0.025627   -0.03321354 -0.04043998  0.18501131
 -0.09555235 -0.02993731 -0.09930814 -0.03494324 -0.11659898 -0.00143548
 -0.12138718 -0.03288146  0.07171575 -0.01805571  0.00420873 -0.01641814
 -0.01620368  0.03824237 -0.14200414 -0.01073653  0.1743794  -0.00447691
 -0.04768056  0.07218935 -0.25689223  0.09812608  0.02558324  0.13878417
  0.14749021 -0.0560957  -0.04577028  0.08849596  0.09924807  0.08753978
  0.09140747 -0.06689533  0.02957167 -0.14707075  0.05164653 -0.02755453
  0.00073648 -0.01607111 -0.09143357 -0.11704691  0.04731147  0.16585685
  0.11268798 -0.00696318 -0.10848173 -0.1267289  -0.09407611 -0.09197637
 -0.04420712 -0.04612896  0.15464173 -0.08759863 -0.08097642 -0.25418844
 -0.08606632 -0.00425185  0.16410173 -0.08544704  0.03011326 -0.11818581
 -0.11549678  0.07245925  0.20435674 -0.07221977  0.01688779 -0.12983978
 -0.04433412 -0.01323544  0.1192644   0.09979934  0.18606152  0.0374473
 -0.03737446  0.03902374  0.15574823 -0.10793027 -0.06336843  0.10163007
  0.10372698  0.03617642  0.00691711  0.0938884   0.06164858 -0.02546974
 -0.04613583  0.09346119  0.07998786 -0.11455762  0.14528684 -0.16993309
  0.18318128 -0.00789294 -0.01307179 -0.01119955 -0.0208673   0.07290331
  0.01953225 -0.09106521  0.09725386  0.0513427  -0.04177498 -0.22985563]


第5类： ['不含视频的哦', '不能实时视频吗', '不需要视频的', '不需要视频的可以吗', '两个公司用视频同时', '为何不能看到视频', '主要是不同地方进行视频', '会用到视频分享类', '但不能看视频', '但可以不用视频的吗', '但有视频要展示', '你们提供视频互动', '你们的视频解决方案是', '你们自己没有用视频客服', '你们视频做租用吗', '你们这个视频软', '你们这些案例就是视频', '偶尔会有视频的', '其他人打开这个录制的视频', '几个人可以开视频', '医生与患者之间视频通话', '即视频音频交流时', '另外除了视频能不能演示', '可以不选择视频么', '可以录视频吗', '可以直接看到视频吗', '可以让多人视频', '听得人不能录制视频么', '听说新东方的视频一对一', '咱们这个可以录视频吧', '哪个视频播放平台', '国内和日本的视频会', '国际视频不会有限制', '基本的麦克和视频', '声音和视频都没有', '多人视频有上限吗', '如何调整视频画面', '如果也能视频就最好', '如果屏幕分享视频', '对视频要求比较高', '对视频资源进行提供存储', '就是做成我们自己的视频', '就是可以挂视频', '就是提前把视频和', '就是能满足演示和视频', '就是视频时可以提问什么', '就是随时都能视频开会的那种', '带视频的吧', '带视频的啊', '应该不是视频吧', '录制播放器播放的视频', '录制的视频后', '录制的视频在哪里查看', '录制的视频在哪里查看', '录制的视频存在哪里了', '录制视频还有吗', '录的视频在哪里找', '录音还是录视频', '怎么开视频啊', '我们只需要简单的视频', '我们湖南省开一个视频会', '我们要求视频清晰', '我们还需要视频投影啊', '我们这边视频都用', '我刚刚录了视频', '我刚试了一下视频录制', '我录制好的视频为', '我怎么看不到我的视频', '我想看下视频效果', '我是用来视频教学的', '我现在跟我们同事视频', '我的录制视频', '我跟四方视频', '我还需要视频平台服务器', '我这边有视频网址', '我进入后不能够视频', '我需要多人视频', '所以担心会连到视频', '指定群体的广播一段视频', '播放视频什么的', '教育视频可以播放吗', '是不是可以视频通话呢', '是可以用视频的么', '是视频还是音频', '是视频通话吗', '是都可以视频吗', '普通的视频通话', '最多能同时几个人视频通话', '有一个教程视频', '有一些视频想用', '有什么视频可以看吗', '有没有不用视频的', '有没有像那种电视视频', '有没有教程视频我看下', '有没有演示视频之类的', '有没有视频给人家看看', '比如视频效果会不会更好', '比如远端过来的视频图像', '用笔记本开视频', '看了网上的学习视频', '能开视频会', '能用作视频面试吗', '能连国际视频吗', '自动录制视频吗', '自己那边的视频', '视频不一定需要', '视频以后可以再增加吗', '视频传播的质量怎么样', '视频像素是标清还是高清', '视频可以剪裁吗', '视频地址是填什么', '视频就不用了', '视频录制和保存', '视频效果可以吗', '视频时可以一起对话吗', '视频是国际的', '视频是有的', '视频是质量是怎么样的', '视频标识是灰色的', '视频清晰可以差一些', '视频的清晰度呢', '视频的话稳定么', '视频的采集和输出', '视频管理不提供', '视频通话时如果有专线', '视频通话的质量是多少', '请问一路视频占多少带宽', '请问在哪里开视频', '请问有远程教育的视频吗', '请问视频质量好的话', '请问视频那边可以移动', '还有就是如果录制视频', '这个一定需要视频么', '这个不是视频的吗', '这个只有视频吗', '这个没有视频的吗', '这是图和视频', '通过浏览器能观看视频等', '那个视频录制是额外收费吗', '那你们这个视频', '那可以视频吗', '那如何视频呢', '那是视频呢', '那这样参与者如何自己选择打开视频或者是关闭视频', '里面有我录制的视频']
语义向量：[-5.89206608e-02  4.97084443e-02  4.20132193e-02 -1.11127180e-01
 -6.24119068e-02  9.75569720e-03  7.93725059e-02  7.92023635e-04
  6.15786122e-03  2.53414068e-02 -2.44788236e-02 -5.69562604e-03
  4.99216256e-02 -7.31785625e-02 -6.02966992e-03 -2.73286987e-02
 -6.18382028e-02  4.40727848e-02  5.40088962e-02 -8.24161947e-02
 -6.18934705e-02 -3.07193719e-02  4.09412281e-02 -6.63499735e-02
 -2.06954074e-01  1.38922991e-01 -8.09034778e-02 -4.93686289e-02
 -2.49330079e-03 -1.99236760e-02 -8.53170997e-02 -2.25774467e-01
 -1.82988672e-01  5.16752951e-02  2.42374788e-02 -7.96416085e-02
  6.29282044e-02 -1.74065893e-01  5.24971087e-02  6.27308124e-02
 -6.77165324e-02  1.92315269e-02 -2.32817082e-02  1.49998336e-01
 -1.53498191e-01  1.09409836e-01 -1.53759799e-01 -9.70079123e-02
 -1.09025390e-02  1.13116798e-02  1.34292407e-02  9.16756583e-02
  1.74046180e-01  2.75447443e-02  6.60896359e-05 -3.44010946e-02
 -3.93598147e-02 -2.38942295e-02 -1.37385317e-01 -2.98730085e-03
  1.17992306e-01  1.01244034e-01 -1.29469019e-01 -8.39405310e-02
 -9.67453091e-02 -1.73904719e-02 -8.82483693e-02 -7.92360828e-02
 -6.57949660e-02 -1.81123416e-01  2.86072061e-02 -2.01347711e-02
  5.21837236e-02  5.39288629e-03  3.98394261e-02 -1.13046875e-02
 -1.19293658e-01  1.19851463e-01 -3.31528678e-02 -7.76678618e-02
  4.38555147e-02 -2.72579943e-02  1.15337901e-01  1.75129058e-02
  1.53722835e-02 -3.50149100e-02 -1.60594540e-02 -5.92393657e-03
 -7.98452595e-02  1.75993087e-01 -7.24768403e-02 -1.54033873e-01
  9.78870631e-02 -1.18650025e-02  1.39112769e-02 -7.65624523e-02
  9.05176433e-03 -1.41003535e-01  3.20789782e-02 -7.11135255e-02
 -8.62561523e-02 -1.05406521e-01 -2.31733749e-02  1.19137095e-01
  3.61262450e-02 -7.63386668e-04 -6.20435733e-02  1.66523754e-01
  1.07420380e-02 -8.35885792e-02 -7.34311125e-02 -1.47279626e-02
  8.13641271e-02  4.86509688e-02  9.21538823e-03  7.96004295e-02
 -1.60943336e-02  4.84816456e-02 -1.24997942e-01 -2.50262416e-02
  7.60309841e-02 -7.94198709e-02 -8.47127550e-02 -1.95033351e-02
  4.98231749e-02  9.42744782e-02  9.08659800e-03  7.58649222e-02
  1.37428381e-01  7.49842186e-03 -3.38146145e-02 -3.85486238e-02
  2.27158973e-01  1.44928625e-01  1.01162313e-01  2.06036188e-01
 -1.01611508e-01 -2.67188136e-01  4.74910879e-02  1.04783709e-01
 -5.23451953e-02 -3.68778932e-02  4.49020154e-02  9.74216648e-02
  4.24790321e-03 -1.85091068e-01  1.98786857e-02  1.92237054e-02
  4.09626475e-02  2.61619440e-02 -1.83632614e-02  1.74028343e-01
 -8.98100866e-02  1.58443768e-02  7.64211226e-02  7.05058155e-05
  8.01925779e-02 -4.74793255e-02  5.20628867e-02  2.80766977e-02
  6.76479705e-02 -6.40895870e-02 -4.77053219e-03  8.20628213e-02
  1.08243123e-02  5.81881026e-02 -4.58780555e-02 -5.31944675e-02
  6.16757799e-02 -6.06958980e-02  3.46623059e-03 -7.63790367e-02
  6.10037544e-02 -6.04232767e-02  4.99545755e-02  5.90679454e-02
  2.35244779e-02  1.03567909e-01  9.68939174e-02  3.48075801e-02
  5.77365324e-02 -3.17550675e-03  1.17602618e-02 -9.16405552e-02
  2.11060639e-02 -5.89143812e-02  1.07540487e-02 -2.05003808e-01
 -1.26750111e-01  1.21017135e-01 -9.84662415e-02 -3.47407933e-02
  4.13846670e-02  1.20679181e-01  4.26615744e-02 -1.75345574e-02
  3.10097394e-02  1.38468213e-01 -4.86324005e-02 -2.57188626e-02
 -4.43729533e-02  1.17967304e-02 -1.02396820e-01  1.66470074e-02
 -4.46459440e-02 -5.06145574e-02  4.74265611e-02 -1.62843708e-02
  4.04736630e-02  2.21100866e-02 -4.26578716e-02  3.36489247e-02
 -1.40363608e-01  2.50367813e-02  2.11747540e-01  2.68353334e-02
 -7.59424587e-02  7.99453812e-02 -2.53348457e-01  1.16576081e-01
 -7.14086244e-02  8.13801254e-02  1.44437270e-01 -1.37264119e-02
 -1.19803881e-01  6.29578478e-02  8.82289188e-02  4.39915335e-02
  3.01264238e-02 -1.34074589e-01 -1.36342129e-03 -1.40898756e-01
 -7.84367082e-03 -8.06547013e-02 -2.82139447e-02 -6.19471487e-02
 -6.35351804e-02 -1.66117878e-01  9.06399779e-02  1.55007515e-01
  8.73810427e-02  2.53019372e-02 -8.92329435e-02 -9.00435726e-02
 -4.86021531e-02 -6.77411053e-02 -8.17757227e-02 -1.54336971e-02
  1.67330533e-01 -4.40236377e-02 -6.13242621e-02 -2.20767801e-01
 -8.69173250e-02 -2.06816311e-02  9.91048274e-02 -5.51894411e-02
  1.68346047e-02 -1.21225980e-01 -2.81366048e-02  3.08793904e-02
  1.43808084e-01 -1.92095484e-02  4.60665962e-02 -1.20282085e-01
 -3.03690849e-02 -4.87825806e-04  1.17180874e-01  4.99020121e-02
  1.47157487e-01  2.25634369e-02 -6.73353018e-02  3.33518749e-02
  1.20591115e-01 -1.21969105e-01 -2.48723225e-02  1.00856329e-01
  1.63664964e-01  1.53288085e-02 -7.43350110e-03  7.62268174e-02
  1.15818424e-02 -2.27387494e-02 -5.21773791e-02  1.22168276e-01
  4.34582172e-02 -3.57156236e-02  1.40859241e-01 -1.34372556e-01
  1.09829248e-01  6.42358495e-02  1.06224765e-02 -5.00529788e-02
 -1.49131637e-02  8.23859372e-02  1.80590611e-02 -5.33104238e-02
 -1.30745193e-02  1.16832241e-02 -4.56638150e-02 -1.72753842e-01]


第6类： ['视频终端', '视频终端']
语义向量：[-0.22215925  0.26894104  0.23130012 -0.22682729 -0.57392913  0.24850321
  0.17143355  0.14499053 -0.13771714  0.01593452 -0.21038084  0.33782229
 -0.16647524 -0.01132929  0.09423418 -0.50927967 -0.24678794 -0.41281492
  0.07364038 -0.25908449  0.47658801  0.34727034 -0.09171005 -0.63470149
 -0.9699266   0.38574201 -0.04985175 -0.06011036  0.01082322  0.19131708
 -0.49027446 -0.69952983 -0.81083822  0.43789041  0.12287119 -0.01369672
 -0.08691572  0.05206499  0.42419124 -0.30519634 -0.08000407 -0.2925621
 -0.16788717  0.30099005 -0.42753845  0.4449783  -0.22806969 -0.45892817
  0.07080048 -0.06075642 -0.19122778  0.28641307  0.69601464  0.03406079
 -0.13963808 -0.02916012  0.34557915 -0.07515693 -0.15758294 -0.3825056
  0.14342497  0.31518367 -0.29212433 -0.47506699 -0.53188074  0.12056182
 -0.58076054 -0.2726261   0.24629667 -0.73495233  0.30853933 -0.51630527
  0.27508932 -0.4492777   0.27014911 -0.38196468 -0.28005973  0.22484224
 -0.06069747 -0.21519284 -0.59166741  0.16426696  0.35879096 -0.41748267
  0.04675573 -0.26599061  0.30625552  0.04371949 -0.27718273  0.49757156
  0.09791978 -0.77937639  0.05446212 -0.59912568 -0.31149036 -0.11439672
  0.21877162 -0.81803709  0.41098076  0.06803879 -0.17431927 -0.3283436
 -0.41508621  0.196982    0.17897013 -0.07121223  0.29246753  0.3664034
 -0.17313978 -0.06404088 -0.14994799  0.12345861  0.32938933 -0.14924216
 -0.16942912 -0.17692247 -0.18398024  0.57191324 -0.40835178  0.44111848
 -0.5055418  -0.51132125 -0.28196684 -0.10507575  0.08434778  0.73074949
 -0.16847566  0.0328937   0.38707796  0.01165431 -0.28947657 -0.30822283
  0.82314563  0.170873   -0.01711048  1.03365397  0.19913791 -1.11198008
 -0.12210763  0.31277215 -0.30028152  0.28770196 -0.18600079 -0.00980517
  0.33013821 -0.57744843 -0.15401439  0.7583288   0.14207831  0.0853908
  0.01860241  0.41335386  0.01376259 -0.05385331 -0.12081303  0.18060216
  0.61822903 -0.50984848  0.17023127  0.68726915  0.4708291  -0.28348315
 -0.13642626  0.99751967 -0.27898172 -0.08159044 -0.20621172 -0.09387719
  0.08081865 -0.36880201 -0.07073703 -0.68784332  0.04962791  0.37236452
 -0.4055512   0.17053506  0.06821159  0.03713247  0.09277883  0.00522624
  0.1413644   0.18710576  0.0037193  -0.227505   -0.23320121  0.03021069
 -0.39266616 -0.56827754 -0.49334472  0.21355709 -0.24374953  0.17964211
  0.26218611 -0.01272675  0.06025989 -0.30042318 -0.20806453  0.5977273
 -0.23802584 -0.00691027 -0.26236722  0.15124165 -0.45803937  0.02950379
 -0.540057    0.04643331  0.33362728 -0.65366107 -0.07195421 -0.15671207
 -0.14714321  0.1776998  -0.59056604 -0.61541045  0.62765139  0.17764242
  0.12542586  0.09675766 -0.58324295  0.28272167 -0.30778366  0.16461384
  0.45806676 -0.29292113 -0.10971531  0.19576491  0.08628398  0.17891313
  0.38942912 -0.27667001 -0.06048574 -0.12397023  0.19168179 -0.12803173
  0.25942537  0.19403012 -0.34475064 -0.26373956  0.48511851  0.62006307
  0.12646958 -0.28268534 -0.23211306 -0.6683017  -0.04562426 -0.67658055
 -0.19035123  0.06267545  0.68744612 -0.31502476  0.2815924  -0.30337298
 -0.34251904  0.09319113  0.32639885  0.06363374 -0.059381   -0.62102067
 -0.20552644  0.16386431  0.44195405  0.2371747   0.39670527 -0.36638591
  0.02263107  0.12914884  0.39446518  0.19253606  0.431604    0.06272125
 -0.22389191  0.22840217  0.23934898 -0.39312905 -0.48597106  0.50658661
  0.22761109 -0.13180582 -0.06938942 -0.12901352 -0.00428507 -0.07212383
  0.13653079  0.41340184  0.32239032 -0.24396351  0.40292716 -0.60585368
  0.3091048   0.0061675  -0.14555545 -0.02539967 -0.13746706  0.0688415
  0.20449832  0.01309699  0.83760983  0.00292985 -0.35508463 -0.33193159]


第7类： ['你家有视频直播的产品吗', '想咨询下贵司跨国视频平台视频质量效果', '我刚才看了介绍视频', '我想咨询一下视频通话的产品', '有做视频呼叫中心吗', '有视频介绍吗', '有视频使用介绍吗', '视频信息要传给指挥中心', '视频直播的产品介绍能发我看一下吗']
语义向量：[-1.80365193e-02  4.99148693e-02 -2.95119505e-02 -9.29321901e-02
 -1.24413707e-01 -1.78430215e-02  1.46302020e-02 -2.30602808e-02
 -6.16553651e-02 -2.50750745e-02  1.09205022e-02 -2.89230440e-02
  3.62246603e-03 -1.29238394e-01 -1.61284904e-02 -4.50306163e-02
 -1.59709695e-01  1.83149034e-02  2.26235704e-02 -1.36145907e-01
 -1.60872866e-01  8.23576474e-03  1.07692646e-01 -2.72092427e-02
 -2.31886935e-01  8.65328083e-02 -6.17533970e-02 -1.16310689e-01
  4.23030044e-02 -1.31525824e-02 -2.18969315e-01 -2.30662103e-01
 -1.87512812e-01 -9.27477027e-02 -1.23680400e-01 -1.56963504e-01
 -1.95184712e-02 -2.91458396e-01  9.69033583e-02  1.37795363e-01
 -1.20080534e-01  1.46043458e-03 -2.97468656e-02  3.01406221e-01
 -1.66266085e-01  9.92585172e-02 -1.88628385e-01 -1.42717952e-01
  2.95016054e-02  6.07495840e-02 -3.63091957e-02  1.83177010e-01
  1.75435192e-01 -7.97201817e-03 -3.94449991e-02 -1.46534527e-02
  5.81241689e-03 -9.12372608e-03 -9.02526456e-02 -8.58126378e-02
  1.83103965e-01  2.04131346e-01 -1.79179691e-01 -1.82939179e-01
 -1.55672057e-01 -8.89167529e-02 -1.23770614e-02 -1.90184755e-01
 -1.71743446e-01 -2.76697538e-01  6.49005664e-02  5.85119484e-02
 -2.54623279e-02  8.22555994e-02 -3.91754493e-02 -8.82273779e-02
 -1.62596474e-01  2.59932430e-01 -3.14920104e-02 -1.71667320e-01
 -2.62220533e-02  1.43992677e-02  1.85204792e-01 -2.87769182e-02
  6.84871000e-03  5.84873548e-02  6.31027903e-02  3.34480558e-02
 -7.87603320e-02  2.29446063e-01  2.25829969e-03 -1.50982043e-01
  5.25795279e-02 -5.85037714e-02  6.89375628e-02 -1.34526312e-01
  8.36994180e-02  2.90823322e-02  2.05346341e-02 -6.36355838e-02
  4.61704845e-02 -1.25415497e-01  3.86023469e-02  1.69879968e-01
  1.58662812e-02 -2.88609013e-02 -8.16510239e-02  1.81258236e-01
  1.59218129e-02 -8.93297551e-02 -1.34681469e-01 -8.58763340e-02
 -5.61177507e-02  1.05010798e-01  1.16412086e-01  7.52810720e-02
  3.51211158e-02  2.85681118e-02 -1.98370657e-01 -1.00766248e-01
  1.49177632e-01 -1.75453513e-01 -2.08438208e-01 -4.65852429e-02
  1.31897367e-01  3.42931089e-02 -7.05105559e-02  4.41179189e-02
  1.46287032e-01  1.38399489e-01 -5.37683297e-02 -6.49591811e-02
  2.83886295e-01  1.99671813e-01  1.76741037e-01  1.72665265e-01
 -9.24288610e-02 -3.83456305e-01  2.08352359e-02  1.11276396e-01
 -1.34862830e-01 -5.13705104e-03  1.42284053e-01  9.72873214e-02
  1.34603527e-01 -1.63613060e-01 -1.21964004e-01  1.01514399e-01
  5.06839891e-02  7.88919437e-02 -5.15109911e-02  1.38173992e-01
 -1.40593081e-01  3.39313627e-02  1.65995207e-01  9.22417690e-02
  3.29979709e-02 -1.31662850e-01  1.03907029e-01  4.15466171e-02
  1.93142452e-01 -6.18017651e-02  1.18081071e-01  1.40050742e-01
 -5.80910225e-02  1.28706685e-01 -1.76626123e-01 -1.77988642e-01
  1.88727869e-02 -6.52964133e-02 -1.54312608e-02 -1.50298559e-01
  1.07274359e-02 -1.72309195e-02  1.09373160e-01  3.92132511e-03
 -1.20300264e-01  2.06967244e-01  2.58353902e-01  9.49134773e-02
  1.51481969e-01  5.88307248e-02  8.29763423e-02 -9.48172381e-02
 -5.29411559e-02 -5.81856498e-02 -2.42104990e-02 -1.86703109e-01
 -1.72103210e-01  1.10018977e-01 -7.67395507e-02 -3.93845924e-02
  1.12677534e-01 -2.67810902e-02 -1.19057879e-02 -4.67508145e-02
  2.17016696e-02  2.04699159e-01 -1.14400883e-01  1.61649897e-02
 -1.36212322e-01 -7.01461595e-02 -1.08602942e-01  5.03861633e-02
 -4.93814779e-02 -9.85915690e-02  8.43299200e-02  1.61974762e-01
  1.50088028e-01  4.94579182e-02  7.01800498e-02 -3.00370529e-02
 -1.55717657e-01 -2.21557183e-02  2.23335107e-01  4.29514552e-02
 -1.15332062e-01  5.09998152e-02 -1.65143377e-01  1.55906081e-01
  6.03957873e-03  9.51144877e-02  2.24971639e-01  1.49568211e-02
 -1.53794212e-01  1.59553231e-01  1.76366278e-01  2.04169785e-02
 -2.11253754e-02 -9.93436153e-02  2.49437044e-02 -1.86394886e-01
 -1.76966070e-02  7.98354641e-02  4.24752656e-02 -1.00563056e-01
 -1.74953079e-01 -2.22912288e-01  1.54888880e-02  2.87254893e-01
  1.11240218e-01  1.96088707e-03 -6.28960455e-02 -6.77894550e-02
 -1.43430189e-02 -5.50457638e-02 -7.62431740e-02  4.10213792e-02
  1.65450277e-01  2.76711231e-03 -7.46309567e-02 -2.39083822e-01
 -1.45142696e-01 -1.19456609e-02  6.45133406e-02 -8.11139097e-02
 -3.01996197e-02 -1.61995000e-01 -4.88363857e-02  4.94589360e-02
  1.56876884e-01 -1.33302498e-01  3.43779280e-02 -2.46865142e-01
  3.78058543e-02 -5.71320186e-02  9.81950172e-02 -4.26505934e-02
  9.53486229e-02  4.47056062e-02 -7.92171657e-02  7.54470627e-05
  1.28685079e-01 -5.59303653e-02 -5.24370197e-02  4.89163301e-02
  3.48254697e-01  1.49109388e-02  7.75768012e-02  3.91461586e-02
 -1.20636544e-01 -4.93408371e-02 -9.26099974e-02  7.07558296e-02
  1.19655761e-01 -1.20781506e-01  2.12543531e-01 -1.97049371e-01
  9.33170737e-02  5.73806047e-02  5.65374601e-03  3.41921512e-03
 -5.00605193e-02  3.39245711e-02  2.54998789e-02 -3.68270381e-02
  9.67134980e-03 -1.02114226e-02 -1.29766090e-01 -1.35820435e-01]


第8类： ['方的视频', '方视频多少钱啊', '视频是多少方']
语义向量：[-0.11317477  0.03970879  0.06245951 -0.32558776 -0.06386627  0.07979534
  0.12208417  0.01498798 -0.06544561 -0.00892167 -0.09667531  0.28581608
 -0.02017016  0.0164206   0.11871058 -0.04174083  0.01377243 -0.07591109
  0.11492117 -0.05953196  0.0411501   0.10464656  0.02878526 -0.09564959
 -0.36214754  0.36846615 -0.16835586 -0.09013826  0.06445256 -0.01825165
 -0.1918745  -0.15340214 -0.30166622  0.19515869 -0.03127061 -0.12152471
 -0.05889985 -0.24005538  0.21318824 -0.13944475 -0.12993061 -0.06724567
 -0.00676077  0.24300892 -0.27703879  0.18092252 -0.16194188 -0.13092416
 -0.02005078  0.0552659   0.11220606  0.17020003  0.37370267 -0.01032974
 -0.10205357  0.02378563  0.04460107  0.08748468 -0.0141625  -0.10180418
  0.09633102  0.21264054 -0.15387299 -0.20216137 -0.2395494  -0.10543333
 -0.31867647 -0.18884167  0.05272192 -0.36113497  0.10421596 -0.03413414
  0.14481004 -0.1380461   0.26066839 -0.00576686 -0.21147204  0.24738898
 -0.17176351 -0.15880584 -0.06337198  0.10181431  0.30289296 -0.04044672
 -0.20628377 -0.05011433 -0.00718145  0.07582438 -0.08316867  0.14243391
 -0.12618861 -0.40846307  0.06934868 -0.09637794 -0.00938093 -0.0632772
  0.05739161 -0.37687368  0.05369086  0.05607978 -0.08660842 -0.08121083
 -0.2575531   0.13546753  0.09764032  0.02350777  0.04084259  0.21833355
 -0.00304145 -0.00971594 -0.12405031 -0.06807352  0.17054909 -0.00295908
 -0.12715603 -0.04563655  0.01851654  0.30915854 -0.25318304  0.06098544
 -0.08907034 -0.25453453  0.06171892 -0.14035297 -0.0072176   0.19159032
 -0.11148478  0.07166725  0.21243286  0.00405152 -0.04900939 -0.12452434
  0.46940068  0.203811    0.23354842  0.4733566  -0.16789132 -0.71108999
  0.01574812  0.06001679 -0.00632453  0.01109728 -0.09839513  0.09663176
  0.13928406 -0.42402017  0.03784838  0.14071891  0.14339067 -0.07804354
 -0.18908001  0.47170913 -0.08888674  0.12445843 -0.04516002  0.00342665
  0.16927037 -0.22719276  0.17827357  0.30462242  0.33594568 -0.17094839
 -0.09876979  0.43373024 -0.10113091  0.03092431 -0.214881    0.01970693
  0.07072453 -0.2142388  -0.09277734 -0.13896384 -0.08422488  0.04549046
  0.06671925  0.1302455   0.08384531  0.11861997  0.04093435  0.10137643
  0.00330533  0.17098154 -0.13230614 -0.09440838  0.04769021 -0.08344065
 -0.10227076 -0.39999526 -0.12389686 -0.0462361  -0.13925566 -0.00177175
  0.01988648  0.06801567 -0.05152408 -0.09813513 -0.18842581  0.27046034
 -0.150287   -0.08667832 -0.06242814 -0.01229227 -0.05711349 -0.02250574
 -0.08495125  0.01502678  0.03187308 -0.26172043 -0.03097008 -0.01481069
 -0.11940721  0.21396494 -0.18699057 -0.14826593  0.25036172 -0.01895767
  0.14479525  0.15052115 -0.46403588  0.13773025 -0.08965801  0.16998842
  0.23931704 -0.03739814 -0.14739221  0.08073397 -0.0045571   0.198593
  0.16480379 -0.19504727 -0.02857622 -0.12230324  0.14580335 -0.08796584
  0.09141733 -0.16746763 -0.17807836 -0.13706844  0.13078128  0.28019843
  0.02840447  0.02930681 -0.2112485  -0.23610195 -0.0743217  -0.04229756
  0.11110026 -0.15622286  0.43931544 -0.21018229 -0.08912734 -0.47643428
 -0.2010879  -0.05228975  0.15339681  0.01975278 -0.05015178 -0.07701916
 -0.06587972  0.17468211  0.19671323  0.17138078  0.13806955 -0.20866374
 -0.00235454 -0.09755369  0.18625016  0.112585    0.2980878  -0.0919734
 -0.06454141  0.07086089  0.21093796 -0.34273718 -0.10437464  0.21020531
  0.09724685 -0.03184903  0.09945986  0.05713474  0.0755545  -0.03036782
 -0.11319608  0.20429908  0.08141325 -0.15852265  0.22176867 -0.27538141
  0.09190638  0.19372738 -0.01446726 -0.0462834  -0.2020136   0.01737316
  0.12237724 -0.02354121  0.27960812 -0.03458072 -0.00443101 -0.36083408]


第9类： ['不限地点不限时间的多人视频', '与微信多方视频的优势在哪里', '为啥我已经删了录制的视频', '人左右视频你有神魔好推荐啊', '但对方能看到我的视频画面', '你们是专门做视频拍摄的', '你们有没有宣传视频可以给我看看', '你们这个是不是类似于多人视频聊天', '你说的分屏是不是右上角是视频', '你说的有视屏是参加者有视频介入设置么', '保存的视频能直接嵌入网页播放吗', '再将另三个视频会诊整合在一个平台', '另外比如视频或者文档演示有问题嘛', '可以同时多对多的视频', '可以在视频的同时发红包或者接受红包吗', '可是我们这边跟自己这边的朋友视频就快的', '和回收站的视频有关系吗', '咱们可以做视频连线是吗', '如果是在录制视频的情况下呢', '如果现在录制视频会不会影响使用啊', '就是保证视频过程中不会有通话不流畅的情况', '就是工程师帮我们录制的视频', '就是我们的总裁希望在家使用视频开会', '就是我要播我们团队的视频', '录制的视频用什么播放器播放', '录制视频的保存空间需要大', '怎么只播放我一个人的视频', '您这边是做视频会商的对么', '意思就是与会者这样是不打开视频的是吗', '意思就是参会者只要就视频设备都可以有画面显示', '我一个人怎么看对方视频', '我不需要开视频的哈', '我主要想解决的是视频面试问题', '我们公司在这发布了个视频', '我们和柬埔寨那边开视频会伊很卡', '我们希望在一个页面有四个或者十个以内的视频窗口', '我们想看看视频传输的情况', '我们想采购一个视频招聘平台', '我们是要能实现二十人以上多人视频就行', '我们网站有一块区域是播放视频的', '我们这儿主要是总部在全国范围内做视频培训', '我先看看你么的操作视频', '我可以调度哪个终端的视频作为主会场显示是吧', '我如果在海外视频效果能保障吗', '我怎么能够看到你的视频', '我想总公司和分公司通过视频开会要怎么做', '我想用苹果机编辑录制下来的视频', '我想用视频互动方式讲课', '我想问下这样的视频可以看到参与者吗', '我是主讲人我自己怎么没有看到视频在什么位置', '我是要用这个上视频课', '我是问起会人和参会人如何发起实时视频', '我最近收了个视频面试的邀请', '我点开视频网址出现了一个这样的界面', '我现在这边有工程师给我的视频', '我看到你们网站上面有使用指南的视频', '我要做一个幼儿园的视频开放系统', '我要看他们的视频可以直接进入吗', '我还是没有找到我录制的视频在哪里', '我那个视频界面就没有共享啊', '或者让他录制的视频里显示他个人信息', '是能开到一个人的视频吗', '有没有视频演示之类可以看下', '然后不知道自己的视频怎样放到最大', '然后兼容影视频的品牌及互通方式', '然后等待就会直接视频的了么', '现在没有免费的视频通话的套餐了是吗', '现在这个网址是当时的视频记录', '绿色视频是打开的意思吗', '能不能视频是一样的价格嗯', '要求是将现有的三个不同品牌的视频整合到一个平台', '视频和共享文件可以同时吗', '视频录制之后是保存在哪里的', '视频录制和保存你们应该都是云端', '视频时不是可以同步传声音的吗', '视频画面最大显示数量是多少啊', '视频的内容可以保存到本地吗', '视频能保存在云端并且准确记录时间吗', '视频自己看清楚对方看不清楚是什么情况', '请问一下用于医生之间的远程视频讨论病情的', '请问你们的视频是高清的吗', '请问录制的视频在哪里可查看', '请问科云最多是五方视频吗', '跟他们的视频有什么不一样的', '跟纽约的朋友视频通话的话', '还有就是主讲人在共享文件和视频窗口的同时', '还有就是录制视频的时候是高清吗', '这个是给我们明天的视频一个链接', '这样的视频难道就不卡了吗', '那个视频录制和保存是可以用你们服务器录制对吧', '那为啥我今天录的视频没声音呀', '那也可以视频了吧那', '那你能把你进会议室的视频发个给我看下吧', '那如果是需要播放高清视频呢', '那我录制得视频怎么从云空间里弄出来呢', '那我这边也有会有视频吗', '那这个和普通的视频通话比']
语义向量：[-0.0362054   0.02664293  0.01916225 -0.06263859 -0.03859587  0.00634352
  0.0421194   0.00567748  0.00357266  0.01444343 -0.01247176  0.00408346
  0.02352871 -0.03950716  0.00274749 -0.01506732 -0.03383286  0.02246884
  0.03280171 -0.04803177 -0.03491883 -0.01350941  0.02291972 -0.03912379
 -0.12518826  0.08374213 -0.05078122 -0.03181245 -0.00441319 -0.01484656
 -0.05197628 -0.123054   -0.11037325  0.03049046  0.0146438  -0.04717868
  0.03512787 -0.10111747  0.03468063  0.02991907 -0.04220069  0.00829001
 -0.015893    0.08700492 -0.09271333  0.0628781  -0.09087805 -0.06001824
 -0.00739364  0.00823591  0.01055485  0.05575115  0.10383438  0.00987953
  0.00186782 -0.01375896 -0.01608308 -0.01869571 -0.08246593 -0.00636344
  0.07081354  0.05953311 -0.07630664 -0.05704084 -0.05688097 -0.0100998
 -0.05213242 -0.05298358 -0.03646515 -0.10775763  0.01789822 -0.0005768
  0.0312791   0.00264981  0.02812793 -0.01044241 -0.06908235  0.06933264
 -0.02280505 -0.04651783  0.02234624 -0.01554817  0.07148916  0.01278133
 -0.00036476 -0.01777449 -0.01215118 -0.00097476 -0.04629723  0.10141966
 -0.0423866  -0.09047307  0.05097067 -0.00926199  0.01131823 -0.04497665
  0.00149683 -0.08314665  0.01506932 -0.0372529  -0.048319   -0.05843779
 -0.01578893  0.07321673  0.02008834 -0.00218398 -0.03170172  0.09771984
  0.00857754 -0.04678091 -0.0373967  -0.01142039  0.04868335  0.03029852
  0.00032154  0.04065887 -0.01093245  0.03509561 -0.07373095 -0.0132141
  0.03930225 -0.05264162 -0.04253729 -0.01023443  0.02843438  0.0584126
  0.0047574   0.04443067  0.07847299  0.00928222 -0.01902534 -0.02373623
  0.13642231  0.08457452  0.06185075  0.12797447 -0.05729304 -0.15712348
  0.02335312  0.05713637 -0.03528255 -0.02138923  0.02679652  0.05618026
  0.0128511  -0.11235351  0.01062722  0.01192217  0.02785736  0.01394213
 -0.01429214  0.10232183 -0.0534416   0.01086538  0.04480733  0.00208291
  0.04845147 -0.03243277  0.02938864  0.02402367  0.04545752 -0.04345041
 -0.00064626  0.0593185   0.00312998  0.03352503 -0.03702652 -0.03216499
  0.03775652 -0.0381105   0.00408655 -0.04531239  0.03168849 -0.03063427
  0.02901408  0.034776    0.01034392  0.06132729  0.05345403  0.02238247
  0.03900957  0.00148179  0.00440641 -0.05022679  0.00931325 -0.03149972
  0.00584295 -0.11970348 -0.07178775  0.0712198  -0.05652055 -0.02206687
  0.02189525  0.0661217   0.02120568 -0.01122482  0.00908028  0.0854341
 -0.02905459 -0.01322082 -0.03111861  0.00456202 -0.06047299  0.00981119
 -0.03198871 -0.02688795  0.02954185 -0.00672067  0.02251535  0.01028498
 -0.02240633  0.01949784 -0.08184699  0.00969973  0.12026389  0.00993401
 -0.0412067   0.04749033 -0.14580237  0.06526507 -0.03160831  0.05045345
  0.08565998 -0.00955367 -0.06513093  0.03804627  0.05201041  0.02800042
  0.02064248 -0.07077692 -0.00108332 -0.08323162 -0.00031041 -0.04213677
 -0.01270316 -0.03182885 -0.03806559 -0.09605861  0.04851505  0.09273748
  0.05320148  0.01283891 -0.05529828 -0.05353493 -0.03071008 -0.04021029
 -0.04385262 -0.00850246  0.09665666 -0.02878993 -0.03712295 -0.13237715
 -0.05220641 -0.00974965  0.05958336 -0.0337653   0.01273893 -0.07055679
 -0.02322515  0.01974498  0.08699205 -0.01404383  0.0251665  -0.07239596
 -0.02048493 -0.00238935  0.06461238  0.03181689  0.09011901  0.01196166
 -0.0358381   0.01671829  0.07304283 -0.0697706  -0.01713207  0.05676714
  0.09228396  0.01343423  0.00026075  0.04472661  0.00887648 -0.01623444
 -0.03030786  0.06994663  0.02648637 -0.02733267  0.08097744 -0.07924126
  0.0682929   0.03099309  0.00500153 -0.0278007  -0.01003801  0.04678266
  0.01030451 -0.0329263   0.00171992  0.00792955 -0.02463231 -0.1023478 ]


第10类： ['视频压力测试']
语义向量：[ 1.49759039e-01  2.54356086e-01 -1.61721528e-01 -3.17583412e-01
 -1.56896319e-02  5.35998084e-02  2.47450307e-01 -2.33337805e-01
  1.58113301e-01  2.63918400e-01 -1.61535338e-01 -2.01224014e-01
  2.06871271e-01 -1.28875971e-01 -1.46660015e-01 -8.22976008e-02
  1.35131687e-01  2.42030919e-02  3.66935611e-01 -1.41586497e-01
 -2.76872665e-01 -1.33331552e-01  5.68594396e-01 -2.54789740e-01
 -2.42322400e-01  2.21839309e-01 -5.51808812e-02  6.66793957e-02
  9.30650905e-02 -3.73010963e-01 -1.61104843e-01 -5.88819444e-01
 -2.82702953e-01 -2.45409999e-02 -3.36349085e-02 -2.21149445e-01
 -2.32756212e-01 -7.09728777e-01  6.17009513e-02  2.57071465e-01
 -4.03221160e-01 -5.68522513e-02  2.15470374e-01  6.03741765e-01
 -3.51603657e-01 -9.56924930e-02 -3.20029408e-01  6.16555102e-02
 -3.35175395e-02  4.49566357e-02  1.10570997e-01 -1.84576273e-01
  4.27606255e-01 -1.18288077e-01  1.90345123e-01 -2.45033860e-01
 -3.13060313e-01 -3.70233543e-02 -2.28082359e-01 -9.07528102e-02
  6.24929428e-01  5.12790501e-01 -1.83100581e-01 -2.77750045e-01
 -1.61272213e-01 -1.07494265e-01 -4.63600010e-01 -5.52840531e-01
 -2.23437503e-01 -2.32634366e-01  1.52759850e-01  1.23278886e-01
  2.90646762e-01  9.56574641e-03 -5.86697906e-02  2.22966775e-01
 -2.57742971e-01  5.74767172e-01 -5.35563864e-02 -4.81181294e-01
  2.67748326e-01 -1.23342752e-01  3.00907940e-01  6.03004396e-02
 -1.73318446e-01  3.51534456e-01  8.14961642e-03  6.79953694e-02
 -1.85483024e-01  5.45456827e-01 -9.11931470e-02 -3.69875938e-01
  8.92752409e-03  8.80151615e-02  6.48597896e-04  2.10006252e-01
  8.25123861e-02 -2.18823757e-02  2.08811328e-01 -1.31838873e-01
 -5.54278009e-02 -1.34271249e-01  2.93940544e-01  1.10258520e-01
 -5.60573190e-02 -2.44724944e-01  6.44960627e-02  4.55966622e-01
 -8.76124948e-04  1.41654566e-01 -2.62763530e-01  1.73033029e-02
  6.44878531e-03 -4.60523106e-02  2.27030829e-01  1.48348227e-01
  5.55047095e-02  1.67172208e-01 -4.21929747e-01 -2.39677832e-01
  2.35175729e-01 -4.05570596e-01 -4.27380018e-02 -1.08611792e-01
  4.90257181e-02  2.25551009e-01 -1.44068792e-01  1.76152334e-01
  2.01058209e-01 -7.95556009e-02 -3.29289168e-01 -4.13035899e-02
  3.61106485e-01  3.85643244e-01  2.84462661e-01  3.74330521e-01
 -3.98830146e-01 -4.79395747e-01  2.12970212e-01  5.96916489e-02
 -4.55220968e-01  5.88135608e-02 -1.98114309e-02  1.18276678e-01
  2.42057920e-01 -5.16200304e-01 -4.50402230e-01  2.36474738e-01
 -1.35347113e-01 -1.62194207e-01 -1.51977003e-01  1.88487545e-01
  4.17345762e-03  4.22681838e-01  3.28203559e-01  1.80657301e-02
  1.16098858e-01 -6.71302974e-01  3.49471897e-01  2.15559363e-01
  1.08538844e-01 -1.01308577e-01 -1.13138072e-01  1.33885175e-01
  3.96454297e-02 -1.08382352e-01  3.44551317e-02 -4.56803650e-01
  1.95770320e-02 -2.68048137e-01  1.25867082e-02 -1.72524273e-01
 -1.51012972e-01 -2.95249701e-01  3.50700647e-01  5.96487463e-01
 -4.60635573e-01  2.27255061e-01  1.20162986e-01  3.96679640e-01
  3.42487961e-01 -1.01709791e-01  3.48766297e-01 -1.91301659e-01
 -1.77061215e-01 -2.59810567e-01  1.29350543e-01 -3.11935723e-01
 -2.66064405e-02  1.47314593e-01 -3.77953857e-01 -1.94821596e-01
  6.59160614e-02 -2.10631073e-01  1.11358643e-01  5.11128716e-02
 -3.16101253e-01  7.12583482e-01 -1.00272894e-01  5.34138083e-02
 -6.00741170e-02 -9.05196890e-02 -1.95562065e-01  2.28503838e-01
 -4.26299088e-02 -8.75129774e-02 -2.64963418e-01  2.45798275e-01
  2.02380762e-01  3.84842195e-02  1.99098423e-01 -3.40717524e-01
 -4.82329130e-01 -6.08105361e-02  1.30227521e-01  1.36974886e-01
  8.43224823e-02  2.75674671e-01 -1.73748136e-01  3.01895052e-01
  1.57549053e-01  2.30026841e-01  1.24463998e-01 -9.23363958e-03
 -3.61695498e-01  3.07822853e-01  3.57631087e-01  1.40663579e-01
 -2.04647183e-02 -1.06993370e-01  1.10197335e-03 -3.22008342e-01
  2.61638284e-01 -2.48148099e-01 -3.78381573e-02 -1.64989963e-01
 -5.72653115e-02 -5.74164331e-01 -8.76045227e-03  1.61116868e-01
  2.06784859e-01  4.67394382e-01 -5.13598323e-01 -1.98138073e-01
 -4.23783213e-01  2.50313401e-01 -1.59113243e-01 -7.91551098e-02
  3.49486470e-01 -8.46412554e-02 -2.71517783e-01 -5.68472803e-01
 -1.81946337e-01 -1.87747478e-01  1.21045135e-01 -3.64864498e-01
  8.26660264e-03  4.43644933e-02 -1.95568368e-01  4.36400205e-01
  1.49237914e-02 -4.07518819e-02  2.66757756e-01 -2.65156657e-01
  9.14539099e-02 -3.15548986e-01 -9.28022489e-02 -1.06421448e-01
  2.92879075e-01 -1.84725523e-01 -1.93672374e-01 -1.94116775e-02
  6.22302830e-01  2.32772887e-01  1.91560745e-01  5.26636243e-02
  3.70164961e-01  3.48120093e-01  2.22974136e-01  7.93652758e-02
 -1.38991520e-01 -2.10792776e-02 -2.16839597e-01 -2.71978173e-02
  1.04143424e-02 -2.47171596e-01  6.02891624e-01 -8.93058553e-02
  2.40306899e-01 -1.73159242e-01  1.66859403e-01 -2.53092378e-01
  2.93614226e-03  2.94345438e-01 -5.22492677e-02 -2.81220347e-01
  3.31133932e-01  1.42376432e-02  1.67010546e-01 -3.73438507e-01]


第11类： ['网络视频', '视频培训', '视频培训', '视频直播', '远程视频']
语义向量：[-0.09930806  0.13708509  0.0742682  -0.35631278 -0.2600982  -0.09197918
  0.32943323 -0.10844876 -0.01790022 -0.06654058 -0.17660747  0.08496944
  0.14607782 -0.1358363  -0.04045522 -0.06009983 -0.23838827  0.04819738
  0.04874437 -0.24708879 -0.21262558  0.01652583 -0.05367997 -0.26832571
 -0.75953087  0.44097504 -0.27489268 -0.28961866  0.0638718  -0.17021233
 -0.43086978 -0.72503905 -0.74939814  0.10505671  0.02649881 -0.29822723
  0.1940275  -0.68227359  0.24704295  0.2540789  -0.42004401 -0.05699328
 -0.12005892  0.61013765 -0.53818304  0.25912335 -0.61720155 -0.25073726
 -0.09820922  0.23308434 -0.14584541  0.37329751  0.61380011  0.06640334
 -0.22083024 -0.1030653   0.01284629 -0.14529768 -0.4380743  -0.12945581
  0.35674055  0.44356402 -0.44345352 -0.43509244 -0.41585391 -0.13513846
 -0.13936148 -0.4242841  -0.24677441 -0.7631917   0.21301128 -0.03144437
  0.20418082  0.0526613   0.18696133  0.00366744 -0.51512831  0.53373493
 -0.19407846 -0.28639483 -0.03027301 -0.03954562  0.45657081  0.06531847
 -0.0397146  -0.05587236  0.08433545  0.06265185 -0.3810092   0.53781484
 -0.16283069 -0.59739523  0.1583349  -0.20610678 -0.16421745 -0.33957626
  0.05728974 -0.40408093  0.12380634 -0.13018581 -0.25667435 -0.31793113
 -0.04530028  0.50643879  0.18272426  0.0065419  -0.26220927  0.67905166
  0.04670813 -0.2724254  -0.28005031  0.00219226  0.21748638  0.29102783
  0.02783017  0.32862952  0.0494042   0.29340601 -0.55819792 -0.05012929
  0.195482   -0.40227981 -0.32549341 -0.06380785  0.32311903  0.29840985
 -0.05460131  0.08271808  0.55810643  0.16930377 -0.19557967 -0.12231635
  0.92897916  0.47882208  0.36925168  0.80363979 -0.25472708 -1.11165578
  0.09157416  0.29521784 -0.34086876 -0.10813434  0.31298891  0.24424597
  0.25627607 -0.6188387  -0.00463407  0.25113552  0.20305866  0.10068511
 -0.07604805  0.51050653 -0.33363747  0.06088788  0.07220184  0.13034307
  0.15264903 -0.35274426  0.33784296  0.09245594  0.40420527 -0.09737203
 -0.00537186  0.47726431  0.02238607  0.12608412 -0.25762267 -0.18703422
  0.29062721 -0.34112263 -0.07090771 -0.26588814  0.07369355 -0.06332469
  0.25337786  0.03909197  0.01801217  0.41126724  0.504019    0.15354352
  0.26977242 -0.00777798  0.22611471 -0.23955967  0.01129547 -0.06461265
 -0.22651516 -0.61597507 -0.51198196  0.2240575  -0.36228658  0.00246105
  0.18947543  0.33354393 -0.05605786 -0.24626139  0.06436029  0.65883576
 -0.34761515 -0.12652949 -0.17363838 -0.04904399 -0.32550813  0.06582994
 -0.12975007 -0.25828203  0.23616438 -0.04397495  0.19645323  0.02409371
 -0.05957343  0.0612597  -0.40333706 -0.01882919  0.81069006 -0.02098108
 -0.1817424   0.29547095 -0.8608797   0.5119211  -0.25549296  0.23585516
  0.51407773 -0.07618255 -0.39007451  0.36077888  0.30691277  0.16960604
  0.08863821 -0.55383083  0.0443083  -0.52818282  0.01707328 -0.10153044
 -0.0257067  -0.25264171 -0.39504837 -0.5265378   0.23656972  0.59399862
  0.36643912 -0.07779727 -0.3809933  -0.28898601 -0.04527188 -0.25675935
 -0.17146297 -0.06576245  0.60738626 -0.12255753 -0.20901692 -0.66774997
 -0.33537063 -0.07687025  0.43639215 -0.18125235 -0.04995327 -0.54067546
 -0.23280971  0.13084241  0.52176792 -0.12163621  0.23789408 -0.58041182
 -0.04338232 -0.16610784  0.43914934  0.01140635  0.28071418 -0.05738928
 -0.30207217  0.07785092  0.41178859 -0.34490993 -0.08124545  0.45997514
  0.5877767  -0.08925111 -0.07039066  0.15521378 -0.04187033 -0.02266952
 -0.18612312  0.25729374  0.22703347 -0.26929734  0.67526267 -0.6222272
  0.3287085   0.25295945 -0.02504245 -0.10120911 -0.08746087  0.21179659
  0.00250679 -0.24381632  0.24447995 -0.00593544 -0.20833501 -0.46718593]


第12类： ['想咨询视频直播', '我来咨询远程视频设备的品牌', '有没有视频介绍']
语义向量：[-5.04007097e-04 -1.73714630e-02 -1.49306347e-01 -2.10825389e-01
 -1.84453204e-01 -6.30294302e-02  6.15057026e-02 -2.06854064e-02
 -9.01724137e-02 -3.08631230e-02  1.95726765e-02 -6.63262165e-02
  3.07889049e-02 -1.45512678e-01 -2.81150900e-02 -6.30803220e-02
 -2.24320675e-01 -1.57689378e-02  8.99859394e-02 -1.80678355e-01
 -2.36447146e-01 -3.23508494e-03  9.23803477e-02 -5.48961386e-02
 -3.60730420e-01  1.67066048e-01 -1.45446025e-01 -1.90441440e-01
  2.42633658e-02 -8.61696079e-02 -3.61173769e-01 -3.82521391e-01
 -3.51407876e-01 -1.66861047e-01 -1.55316715e-01 -2.63538236e-01
 -5.39715178e-02 -4.59954103e-01  2.66568964e-01  2.20673069e-01
 -2.75143206e-01 -6.85674374e-02 -3.44081648e-02  4.32012051e-01
 -2.22498196e-01  1.10068783e-01 -3.25200871e-01 -2.16173631e-01
 -5.83357513e-02  1.20469207e-01 -2.14099425e-02  3.56570870e-01
  2.73324048e-01 -5.18432297e-02  6.59772009e-03 -2.87975397e-02
  2.54091409e-02 -1.70627361e-02 -1.96089918e-01 -1.86405654e-01
  2.48166725e-01  3.91454130e-01 -2.85317560e-01 -2.73955067e-01
 -2.28047912e-01 -1.87912479e-01 -7.42960324e-02 -2.96298852e-01
 -2.21129343e-01 -4.54722315e-01  1.61131012e-01  1.03671749e-01
 -3.59082228e-02  1.44613779e-01 -4.86508415e-02 -5.37210113e-02
 -2.62515356e-01  4.76525297e-01 -8.73623602e-02 -3.18927293e-01
 -8.11012462e-03  4.09196814e-02  3.26662183e-01 -4.59605455e-02
 -1.40393687e-02  1.16797845e-01  1.20076309e-01  1.21912164e-01
 -1.59132342e-01  3.47357472e-01 -7.25851965e-02 -2.77561113e-01
  4.16783032e-02 -6.76083292e-02 -6.54853433e-02 -2.08361452e-01
  1.09037086e-01 -1.37124074e-02  2.53437016e-02 -1.55948550e-02
  1.84263786e-03 -2.44281614e-01  1.09059621e-01  3.45131824e-01
  4.34962822e-02 -3.36771148e-02 -1.23423871e-01  3.31235920e-01
  9.81869157e-02 -9.59405427e-02 -2.11763784e-01 -2.07871373e-01
 -1.09697778e-01  1.20212346e-01  1.16823543e-01  2.39075311e-01
  1.32074796e-01  7.59725223e-02 -3.09966306e-01 -1.00273410e-01
  1.68870316e-01 -2.37895809e-01 -3.59620988e-01 -6.88614811e-02
  2.04858065e-01 -2.23425403e-02 -1.44855986e-01  8.79865849e-02
  2.67634357e-01  2.45662421e-01 -1.00744707e-01 -5.76482813e-02
  4.76242046e-01  3.50553726e-01  2.31687993e-01  3.45493689e-01
 -1.71012060e-01 -6.70817137e-01  4.53373566e-02  8.67527483e-02
 -2.75745516e-01 -7.51178134e-02  2.10821743e-01  2.18431701e-01
  3.04839889e-01 -2.28082500e-01 -2.79000009e-01  1.64819188e-01
  1.67048387e-02  1.05799171e-02 -1.05559207e-01  2.99932674e-01
 -2.35166316e-01  1.19606326e-01  2.72392993e-01  1.62990510e-01
  3.16715746e-02 -2.13480316e-01  2.51161098e-01  2.60502311e-02
  2.98196405e-01 -4.93402295e-02  1.19664297e-01  2.28027210e-01
 -5.17134890e-02  1.15741010e-01 -2.31040706e-01 -2.72870859e-01
 -2.38278576e-02 -1.39158569e-01 -6.55708499e-02 -2.43043805e-01
 -5.79004611e-02 -1.04439306e-01  2.51976252e-01  2.48501698e-03
 -1.87745745e-01  2.26322750e-01  4.29378261e-01  1.77377298e-01
  2.00764651e-01  4.72515312e-02  1.84126283e-01 -7.16275088e-02
 -1.22068245e-02 -2.36115431e-02 -5.26901831e-03 -3.69903649e-01
 -1.83346940e-01  1.24983862e-01 -1.62305365e-01 -8.02307622e-02
  1.45029033e-01 -5.72201647e-02 -1.23621232e-01 -1.83533298e-02
  6.74950356e-02  3.77170915e-01 -2.54362583e-01  2.09139958e-02
 -1.71904728e-01 -1.73071379e-01 -1.55523645e-01  1.03816298e-01
 -9.94353543e-02 -2.07620541e-01  4.04549520e-02  3.35722610e-01
  1.84872672e-01  1.99847315e-02  1.03037106e-01 -1.21544351e-01
 -2.50273556e-01  2.12218029e-02  3.82418782e-01 -5.26149540e-03
 -1.59776350e-01  9.81197630e-02 -3.25507154e-01  2.79460018e-01
 -5.19144718e-02  1.90047145e-01  3.88986349e-01  2.02675226e-03
 -2.90524811e-01  3.42199256e-01  3.16847910e-01  1.84428609e-02
 -1.17991677e-01 -2.49612624e-01 -2.79855480e-03 -3.47983678e-01
  1.93107883e-02  8.61276885e-02  3.56832730e-02 -2.03447858e-01
 -2.58597697e-01 -4.07624314e-01  1.33024473e-02  3.24637920e-01
  2.71337683e-01  4.70623073e-02 -1.65520266e-01 -7.58355831e-02
 -5.40086675e-02 -3.74231421e-02 -1.12813947e-01  3.38188360e-02
  3.32383643e-01 -1.93812326e-02 -1.25518516e-01 -3.55192666e-01
 -2.42045482e-01 -3.76445105e-02  2.11795568e-01 -1.76829045e-01
 -8.89136679e-02 -1.85342888e-01 -1.00871059e-01  1.67792802e-01
  2.31481582e-01 -1.73238109e-01  7.73997114e-02 -3.88527433e-01
  2.89836482e-02 -6.79416868e-02  9.13851584e-02 -3.54146215e-02
  9.49757583e-02  1.04477964e-02 -1.51973824e-01  2.35507687e-02
  2.87364503e-01 -8.36171657e-02 -1.33590182e-01  7.91936989e-02
  5.40772647e-01  6.65729629e-02  9.58329315e-02  6.51037383e-02
 -2.26396526e-01 -7.27831850e-02 -1.75094133e-01  7.83491110e-02
  2.24229569e-01 -2.47715801e-01  4.47473774e-01 -3.23695550e-01
  1.71193135e-01  1.13797883e-01  9.95617881e-02  9.02888676e-03
 -1.10962186e-01  5.56451728e-02  3.45482345e-02 -1.72103944e-01
  3.41910534e-02 -1.03033987e-01 -2.16915235e-01 -2.25780353e-01]


第13类： ['不要点击加入视频的么', '我点击了视频图标']
语义向量：[-0.21584003 -0.01563936 -0.0605504  -0.21640614 -0.1299847   0.04750445
  0.00049468  0.2670089  -0.06780154  0.22762278  0.09412268  0.13632381
  0.0755705  -0.09244937  0.21492192  0.16236357  0.11406768  0.09387867
  0.31301525 -0.08552426 -0.01248987 -0.0471043   0.04043524  0.02476204
 -0.35138409  0.24879584 -0.21377034  0.0073837  -0.26914455 -0.1772633
 -0.00877622 -0.0091253  -0.39594194  0.31081009  0.21236713  0.00200156
  0.04115194 -0.16850586  0.02099732  0.03289593 -0.13130686  0.1090497
 -0.15063725  0.21108196 -0.21010078  0.1534471  -0.28175677 -0.1861729
 -0.14858479  0.02160923  0.24179032  0.01211795  0.31975466 -0.15001596
  0.08467604  0.10499777 -0.11045315 -0.19145958 -0.1546235   0.04050458
  0.28840376 -0.01683874 -0.19341941 -0.17110264  0.00647452  0.00188152
 -0.10761656 -0.1877935   0.05856523 -0.10311555  0.13102771  0.38591892
  0.22663889  0.08564339  0.15530023  0.08692624 -0.05108087  0.02565282
 -0.26520117 -0.13289501  0.14039699 -0.14802494  0.04501814  0.33310871
 -0.30510801  0.02786374 -0.17970474 -0.02754832 -0.10172707  0.19212119
 -0.26923369 -0.03256574 -0.07416349  0.06623557 -0.01141263 -0.16064584
 -0.14700663 -0.12964146 -0.07265776  0.05380184 -0.01509503  0.02303423
 -0.07155291  0.12686538 -0.01253947 -0.13367212 -0.03463626  0.09467139
 -0.06525635 -0.16217513  0.04525271  0.14255612  0.10280893  0.03788098
 -0.13459791  0.00356218  0.07138151  0.15366705 -0.07610844 -0.12697034
  0.05361069 -0.15292311  0.20678954 -0.03960994 -0.05894318  0.13138599
  0.17666553  0.00436802  0.15186907 -0.03388509 -0.02735187 -0.05605032
  0.34800893  0.20127187  0.27491982  0.30601302 -0.24723012 -0.25037593
 -0.1347968   0.11392292 -0.112122   -0.00190483 -0.00124928  0.12795969
  0.13201579 -0.34347892  0.25518474 -0.12672578  0.0160988  -0.03060507
 -0.26463212  0.25185665 -0.16354509  0.13334458  0.12502285  0.08241501
  0.118233   -0.10019564  0.04110085  0.11985782  0.11935529 -0.23353544
  0.00598363  0.11552295  0.01861252 -0.06011637 -0.25531771  0.02240804
  0.07824709 -0.05233705  0.09826147  0.03059586 -0.00619849 -0.13499993
  0.19684404  0.17057899 -0.05616303  0.08420506  0.01373702  0.15213756
  0.13548167  0.04656576 -0.0437362   0.05899806 -0.0348655  -0.14753818
  0.14342    -0.20908326 -0.17290074  0.18286717 -0.22662984 -0.09260174
 -0.13086438  0.14230432  0.14593302  0.02787362  0.02066237  0.24007381
 -0.08512236 -0.14392929 -0.0761275  -0.07475378 -0.23541219  0.0390983
 -0.16382422  0.08150376  0.0208448  -0.00547861 -0.15590633 -0.05748169
 -0.09765013  0.03124861 -0.10832331  0.15872388  0.13050684 -0.01231111
 -0.02109759  0.17368684 -0.35808013 -0.05298704  0.14603253  0.26696635
  0.16149405 -0.11708796 -0.026228   -0.05449582  0.03993341  0.22053731
  0.24620337  0.12807285  0.12205803 -0.19289003  0.06329822 -0.03702784
  0.03639624  0.01896996 -0.14833181 -0.03588884 -0.01443576 -0.0050465
  0.08429396  0.04516941 -0.13339288 -0.07079472 -0.20561157 -0.00706712
 -0.00898795  0.0289497   0.09768806 -0.0557216  -0.19957583 -0.31608628
 -0.07956227  0.05070395  0.20814334 -0.15785268  0.06642598 -0.02428363
 -0.20819292  0.11028962  0.26959565 -0.0796642  -0.03243489  0.01587494
 -0.04377655  0.04281604  0.1900686   0.26040594  0.28662702  0.07996788
 -0.01701268  0.05152062  0.17350223 -0.10614148 -0.10800403  0.06491265
  0.04657153  0.14726266 -0.01329104  0.05435291  0.16873689  0.0801692
 -0.16615549  0.22649676  0.06112126 -0.15367278  0.02332662 -0.09884172
  0.29374999 -0.05463242 -0.01331932 -0.0635445  -0.05195289  0.04539761
 -0.05688206 -0.07477948  0.08647629  0.15817347  0.04129001 -0.33010852]


第14类： ['主要是网络视频', '圆方的网络培训视频', '就是远程视频会议室', '怎么开启视频', '网络视频怎么开会', '视频走网络线路', '请问怎样开启视频功能', '这个远程视频']
语义向量：[-8.11675827e-02  7.97825437e-02  2.01274399e-02 -1.95384962e-01
 -2.00104484e-01 -5.77149563e-03  1.48368773e-01 -2.74422020e-03
 -1.55774523e-02 -8.93273856e-04 -4.47862931e-02  1.18178605e-01
  5.96803659e-02 -8.88247020e-02  4.46314581e-02  7.81950420e-03
 -1.31157097e-01 -2.35427127e-02  6.60292616e-02 -1.74684334e-01
 -8.25772556e-02  4.95076595e-02 -1.22245942e-01 -1.55241706e-01
 -5.08310966e-01  2.91388655e-01 -1.85199199e-01 -1.73340413e-01
 -3.39051220e-02 -8.96660839e-02 -2.36879656e-01 -3.56834056e-01
 -5.65456878e-01  1.14399937e-01  7.42062898e-02 -1.36141018e-01
  1.05617902e-01 -3.64890259e-01  1.94735553e-01  9.15350678e-02
 -2.84035111e-01 -4.52021301e-02 -1.37230269e-01  2.95123605e-01
 -2.95547787e-01  1.81965422e-01 -4.01863143e-01 -1.68222327e-01
 -1.14315551e-01  1.31602464e-01 -2.90321803e-02  2.00587529e-01
  4.04402096e-01 -1.54543824e-02 -1.56963042e-01 -1.17752347e-02
  5.95960207e-03 -1.35752218e-01 -2.56415514e-01 -9.60158729e-02
  2.37736333e-01  2.46997084e-01 -2.81839941e-01 -2.77196102e-01
 -1.55476936e-01 -6.27456028e-02 -8.45406518e-02 -2.96464898e-01
 -9.80612868e-02 -4.63637359e-01  1.36516333e-01  9.94520438e-02
  1.97591530e-01  5.17817761e-02  1.26992826e-01 -3.62126637e-02
 -2.38511978e-01  2.46389166e-01 -1.81697172e-01 -1.56647502e-01
 -8.82155471e-02 -6.15527258e-02  2.30816027e-01  1.23707780e-01
 -1.01965964e-01 -3.19507656e-02  1.78298359e-02  7.44851688e-02
 -2.53175624e-01  2.67037513e-01 -1.66417748e-01 -3.03756444e-01
 -2.23444973e-02 -1.73336343e-01 -1.39684523e-01 -2.05907088e-01
 -3.22745549e-02 -2.72586334e-01  3.96368392e-02  3.12924141e-03
 -1.28840510e-01 -1.49025601e-01 -7.88413654e-02  2.64479589e-01
  1.05908808e-01  1.66605938e-02 -1.52862633e-01  3.39661423e-01
  4.03403747e-02 -2.36908371e-01 -1.10799491e-01  3.92325060e-02
  1.55582319e-01  1.46693320e-01 -3.38424835e-02  2.25670412e-01
  3.92447955e-02  2.09113482e-01 -3.36889686e-01  3.27752337e-02
  4.48046157e-02 -2.66151087e-01 -1.30919683e-01 -4.95280914e-02
  1.81336252e-01  1.37394371e-01  2.42495037e-02  3.06532065e-02
  3.27762481e-01  1.49335151e-01 -8.41140186e-02 -7.28090736e-02
  5.71786851e-01  2.59990921e-01  1.92317149e-01  4.80297334e-01
 -1.64773314e-01 -6.11553438e-01 -3.14523710e-02  1.46329551e-01
 -2.13519074e-01 -4.68334161e-02  1.45683679e-01  8.40751999e-02
  2.39786716e-01 -3.41376923e-01  2.20937090e-02  1.29521451e-01
  9.23932104e-02  4.86420968e-02 -1.03787369e-01  2.95801163e-01
 -2.39382777e-01  1.88493386e-02  4.05941880e-03  1.30931994e-01
  1.00629528e-01 -2.08509256e-01  2.07768838e-01  8.99099801e-02
  2.91058071e-01 -8.17577566e-02  1.23456600e-02  3.58306203e-01
 -2.05690982e-02  4.76234620e-02 -2.47519713e-01 -5.05058537e-02
  1.60466895e-01 -2.27820873e-01 -6.40437152e-02 -1.76947000e-01
  5.88445610e-03  1.37810081e-02  1.45546525e-01  2.07457768e-02
  7.89128244e-05  2.13679423e-01  2.58089637e-01  7.75340460e-02
  1.88646231e-01  3.95684037e-06  1.20202208e-01 -8.44423105e-02
  9.00359591e-03  6.23380998e-03 -1.48541187e-01 -3.64728265e-01
 -3.32067709e-01  1.00155361e-01 -2.49530457e-01  1.27725792e-02
  8.65658377e-02  1.69111536e-01 -5.52370996e-02 -1.66250331e-01
  4.15103208e-02  4.24404349e-01 -2.36830285e-01 -9.77090420e-02
 -1.23134033e-01 -5.09987089e-02 -2.06725618e-01  5.00347721e-02
 -1.29247088e-01 -8.65201727e-02  1.15043913e-01 -3.22019305e-02
  5.22264424e-02 -3.80645301e-02 -3.60870436e-02  3.19089490e-02
 -1.75550146e-01  1.63080427e-02  4.52744745e-01 -4.14212918e-02
 -7.90591398e-02  1.82098318e-01 -5.44861864e-01  2.02636862e-01
 -6.71777341e-02  1.94715731e-01  3.09992481e-01 -8.87625869e-02
 -1.63283825e-01  2.01937881e-01  1.34397072e-01  1.29245484e-01
  1.02523441e-01 -2.64268065e-01  3.08863649e-02 -2.83670772e-01
  3.30526785e-02 -3.12909292e-02  3.95121741e-02 -8.31262090e-02
 -2.59435978e-01 -2.44517796e-01  1.27427289e-01  2.79640738e-01
  1.92768030e-01 -1.31181295e-01 -1.99204292e-01 -1.96139382e-01
 -1.05540925e-02 -1.57128041e-01 -5.52806670e-02 -2.10208127e-02
  3.32535021e-01 -6.10807128e-02 -1.23265245e-01 -3.32640264e-01
 -1.88880937e-01  1.56586338e-02  2.97510114e-01 -1.01475462e-01
 -2.87975613e-02 -3.11716359e-01 -2.07340644e-01  6.04916369e-02
  3.76165409e-01 -6.11471958e-02  1.34034401e-01 -3.03534117e-01
 -6.17379267e-02 -4.48387092e-02  2.86284968e-01  8.53688717e-02
  1.69881343e-01 -4.53723449e-02 -1.94191311e-01  8.56630257e-02
  1.85554745e-01 -2.17662558e-01 -1.29187226e-01  2.59309985e-01
  2.38180321e-01 -3.53576848e-02 -3.05475776e-02  4.92757808e-02
  3.07477047e-02 -3.88295040e-03 -8.15180140e-02  2.15128995e-01
  1.25867028e-01 -2.05116151e-01  3.49108204e-01 -3.63533096e-01
  2.64047856e-01  1.22197328e-01 -4.36639430e-02 -4.58614654e-02
 -2.60055683e-02  3.92460227e-02  1.16750181e-02 -1.59385403e-01
  1.72003245e-01  2.73184050e-02 -9.86186689e-02 -2.62909852e-01]


第15类： ['一对多的视频直播能实现', '不要带视频功能的', '你们是硬件视频', '你家做视频直播吗', '咱视频直播带签到功能不', '平台提供视频服务功能', '想了解网络直播视频有关的', '想要开通视频传输功能', '我们公司需要视频云的服务', '我们开网络视频会', '我们有个视频培训', '我们现有宝利通硬件视频设备', '我们要远程视频教课', '我只要视频功能', '我司买了一套思科的视频设备', '有视频功能吗', '有视频直播和', '没有硬件哪来的视频', '直播和存放视频', '网络微信视频是什么', '视频云服务能租赁用吗', '视频直播要满足', '视频语音几方共享桌面等功能', '语音和视频都要', '这个可以实现视频吗', '这个视频直播能语音互动嘛', '那与国外视频呢', '需要什么视频设备吗']
语义向量：[-1.86725286e-02  7.28134871e-02  2.67209605e-02 -1.22155280e-01
 -1.28690885e-01  2.86052077e-02  1.02380266e-01 -3.54702724e-02
  3.45147100e-03 -2.35841438e-02 -4.42954922e-02  2.90654221e-02
  3.24532261e-02 -3.60240145e-02  9.35880023e-03 -7.39381231e-02
 -1.16030865e-01 -3.03171544e-02  2.18765296e-02 -1.47881710e-01
 -1.15081040e-01  4.21501553e-02 -3.93936368e-02 -1.08364172e-01
 -3.45058608e-01  1.59456642e-01 -9.45033268e-02 -1.24714249e-01
  3.76625568e-02 -3.42742182e-02 -1.88642781e-01 -3.37073628e-01
 -2.90046547e-01 -4.77432722e-04 -1.79092639e-02 -1.24111285e-01
  6.75526891e-02 -2.78486962e-01  1.33257346e-01  6.28625290e-02
 -1.72038872e-01 -3.84771031e-02 -5.82293837e-02  2.45022615e-01
 -2.07686293e-01  1.37168650e-01 -2.51142679e-01 -1.27532191e-01
  2.46917562e-03  8.55215751e-02 -9.79186160e-02  2.06304183e-01
  2.59974289e-01  3.05100708e-02 -1.25330588e-01 -2.88273502e-02
  4.30608896e-02 -7.16252997e-02 -1.84399672e-01 -6.15140923e-02
  1.60236822e-01  1.78815684e-01 -1.86805419e-01 -2.19947889e-01
 -1.94995905e-01 -7.01517630e-02 -7.70398764e-02 -1.99135061e-01
 -9.89390303e-02 -3.39287267e-01  5.73679766e-02 -6.97903158e-03
  4.76603444e-02  3.25098829e-02  6.93096023e-02 -9.03054311e-02
 -1.96135917e-01  2.28885747e-01 -3.36930024e-02 -1.56461509e-01
 -5.55557281e-02  2.27458279e-02  2.25120087e-01 -3.41243341e-02
 -7.73871627e-03 -2.31298989e-02  2.49963624e-02  3.10676066e-02
 -1.22083567e-01  2.39230973e-01 -2.92091145e-02 -2.54735950e-01
  8.80532176e-02 -1.19440502e-01 -1.46188274e-02 -1.57535110e-01
  6.16351775e-02 -1.72093093e-01  4.25000642e-02 -5.87922462e-02
 -8.54368801e-02 -1.55386137e-01 -1.36641444e-03  2.22470784e-01
  4.61225378e-02 -3.23111461e-03 -1.24134565e-01  2.85948940e-01
  2.65444308e-02 -1.17453594e-01 -1.29375351e-01 -1.72567789e-02
  9.96284349e-02  1.11373801e-01 -5.63842132e-03  1.16090314e-01
  3.85208182e-03  1.18577613e-01 -2.44648057e-01  2.48295433e-03
  8.26470095e-02 -2.09926939e-01 -1.87000479e-01 -3.80160531e-02
  1.49200517e-01  1.73406762e-01 -2.69955551e-02  8.13039222e-02
  2.02418307e-01  1.10448557e-01 -9.63881576e-02 -6.53370232e-02
  3.73920894e-01  1.83601101e-01  1.65492581e-01  3.77953724e-01
 -7.67333434e-02 -4.71913893e-01  2.12097112e-02  1.33261561e-01
 -1.44297778e-01 -3.08420827e-02  1.60963056e-01  9.77230793e-02
  1.24690563e-01 -2.29975314e-01 -7.83542235e-02  1.58698518e-01
  7.49705909e-02  5.96130937e-02 -2.10674122e-02  2.10434379e-01
 -1.44500481e-01  1.18000641e-02  5.63199734e-02  5.78324561e-02
  6.12086292e-02 -1.58831554e-01  1.66520871e-01  6.43733629e-02
  1.91063228e-01 -8.26551073e-02  4.08810346e-02  2.47535867e-01
 -4.22425459e-02  6.97839014e-02 -1.26045598e-01 -1.13303346e-01
  1.12654402e-01 -1.44536467e-01 -3.86035855e-02 -1.76374988e-01
  2.41630910e-02 -1.79100141e-02  8.04534455e-02  8.20428803e-03
 -1.71401913e-02  2.13384531e-01  1.99750733e-01  7.23087351e-02
  1.41215923e-01  9.24459317e-03  9.55477772e-02 -1.44189452e-01
 -3.67760182e-02  9.56953896e-03 -1.31629509e-01 -2.56926130e-01
 -2.19263076e-01  1.56906114e-01 -1.18651960e-01  2.77041703e-02
  9.52899590e-02  9.91904632e-02 -4.72303027e-02 -1.16447936e-01
  6.03149230e-03  2.75911709e-01 -1.25066504e-01 -2.72340626e-02
 -1.62102040e-01 -1.87144156e-02 -1.33219247e-01  4.38855925e-02
 -9.38326024e-02 -1.17256647e-01  1.12307869e-01  5.73889785e-04
  1.13999339e-01  3.33900532e-02 -2.15752397e-03  5.33323763e-02
 -1.74092730e-01 -2.12627892e-02  3.50706430e-01 -1.39512983e-02
 -8.52998078e-02  8.61864459e-02 -3.39253008e-01  2.12148778e-01
 -8.49062099e-02  9.70690707e-02  2.29091611e-01 -2.03170242e-02
 -1.72755020e-01  1.66217455e-01  1.26497059e-01  1.36411438e-02
  2.59789906e-02 -1.96255188e-01 -3.81853117e-03 -2.10213121e-01
 -1.23465110e-02 -1.61563892e-02  1.11608338e-02 -9.28140548e-02
 -1.51581971e-01 -2.37064751e-01  1.10657822e-01  3.15149814e-01
  1.54976104e-01 -3.59170094e-02 -1.23991791e-01 -1.08439527e-01
 -3.50229043e-04 -1.50704229e-01 -4.79740087e-02 -9.02288485e-04
  2.43207834e-01 -4.48268608e-02 -6.98789238e-02 -2.47614836e-01
 -1.41909503e-01 -2.25533532e-02  1.15037879e-01 -4.34199308e-02
 -1.43204418e-02 -2.30212317e-01 -9.84195019e-02  4.42452067e-02
  2.24952626e-01 -6.96794845e-02  9.26894845e-02 -2.65486444e-01
 -1.38827788e-02 -4.67040122e-02  1.49375353e-01  2.82479094e-02
  1.51846205e-01 -1.33769045e-02 -1.21487513e-01  3.37075927e-02
  1.71829548e-01 -1.33094905e-01 -6.34404129e-02  1.79189460e-01
  2.62558785e-01  1.29229826e-02 -1.33991632e-04  6.56778622e-02
 -4.11870660e-02 -4.96930213e-02 -6.30647648e-02  1.06182528e-01
  1.13459805e-01 -8.76449246e-02  2.39789939e-01 -2.76170694e-01
  1.40318635e-01  1.24876226e-01 -3.47397011e-02 -1.03170641e-02
 -1.90003496e-02  5.69765534e-02  1.72401673e-02 -7.85049205e-02
  9.26055564e-02 -2.49412995e-02 -9.12797155e-02 -1.91318526e-01]


第16类： ['你们有相关的配套视频终端吗', '你们这个可以兼容宝利通的视频终端吗', '其它大点的视频终端也可接入', '再有就是我公司原有会议室的视频终端可以入会吗', '后期就是实现已有硬件终端同软终端的视频通讯功能', '对于多路视频的接入', '对于那些没有视频终端的就语音加入', '就是那种可移动的视频终端']
语义向量：[-4.85438100e-02  6.47062624e-02  7.04957863e-02 -8.87312507e-02
 -1.74643463e-01  8.03398213e-02  1.45651684e-02  3.56024998e-02
 -2.53042749e-02  1.16091908e-02 -8.09282677e-02  1.35551745e-01
 -7.15190826e-02  1.33535248e-03  4.07144687e-02 -1.16278451e-01
 -8.11753822e-02 -1.49765057e-01  3.96250973e-02 -8.31043790e-02
  1.31447145e-01  1.07521201e-01 -5.44989696e-02 -1.72556432e-01
 -2.92732850e-01  1.06757753e-01 -2.77177384e-02 -3.57192113e-02
  1.24330528e-03  5.42033906e-02 -1.30803541e-01 -2.07842181e-01
 -2.58239381e-01  1.40987459e-01  6.27703511e-02 -6.02618868e-03
 -2.89548665e-02 -6.53816480e-03  1.35381226e-01 -1.09268538e-01
 -5.13925715e-02 -1.19385211e-01 -7.07828924e-02  7.01641464e-02
 -1.41186808e-01  1.59507285e-01 -9.76997977e-02 -1.19894087e-01
 -8.44351831e-03 -5.48025174e-03 -4.08792300e-02  1.12217735e-01
  2.24147832e-01 -4.86987070e-03 -4.59645097e-02 -9.50903399e-03
  1.02129570e-01 -4.42740794e-02 -7.46486057e-02 -1.10951351e-01
  4.81727426e-02  9.30142514e-02 -1.03054398e-01 -1.60600342e-01
 -1.68559657e-01  1.74893219e-02 -1.54075976e-01 -9.97777088e-02
  7.30551565e-02 -2.28599809e-01  8.93611768e-02 -1.25478662e-01
  6.36755662e-02 -1.14224927e-01  6.67297776e-02 -1.01491295e-01
 -9.43151363e-02  3.96941891e-02 -3.46341078e-02 -1.03953280e-01
 -1.65145545e-01  4.33392909e-02  1.28613221e-01 -9.78792196e-02
 -4.89628990e-03 -7.92281008e-02  3.29175380e-02  2.04107334e-02
 -3.90486759e-02  1.47849586e-01  1.71853689e-02 -2.42272185e-01
  1.77493838e-02 -1.89285479e-01 -6.68090913e-02 -3.92765636e-02
  6.25622640e-02 -2.84142133e-01  9.95004149e-02  1.59836514e-02
 -5.97160871e-02 -8.50072848e-02 -1.11642876e-01  6.31129246e-02
  4.45289526e-02 -1.59727401e-02  8.12274311e-02  1.10905587e-01
 -2.45430844e-02 -4.42244631e-02 -3.82440067e-02  3.46923248e-02
  1.23350908e-01 -3.24401631e-02 -1.09296745e-01 -1.81161989e-02
 -6.95869518e-02  1.93296608e-01 -1.24594154e-01  1.60656648e-01
 -1.41874152e-01 -1.84543268e-01 -7.23332978e-02 -2.03007605e-02
  4.32195929e-02  2.51308829e-01 -3.26850889e-02  1.26011131e-04
  1.35968419e-01  2.31254894e-02 -1.08477709e-01 -7.47664182e-02
  2.40883375e-01  6.62721707e-02  1.30917030e-02  3.27292332e-01
  6.31584104e-02 -3.47435925e-01 -5.63347728e-02  1.09479804e-01
 -1.00191820e-01  8.78051249e-02 -1.17786683e-02  3.57577272e-03
  1.27263427e-01 -1.69038486e-01 -1.91465718e-02  2.14698147e-01
  1.88632653e-02  6.65760046e-03 -1.20020467e-02  1.49234656e-01
 -1.21789166e-02  1.77252577e-02 -5.13146403e-02  4.93731427e-02
  1.90692176e-01 -1.51507805e-01  8.65633353e-02  1.93016503e-01
  1.56065666e-01 -1.21730477e-01 -2.63325741e-02  3.34186323e-01
 -6.38039461e-02 -3.71372197e-02 -9.89768254e-02 -3.48464818e-02
  5.36599071e-02 -1.31442294e-01 -2.18848807e-02 -2.60179145e-01
  3.06206613e-03  1.14727341e-01 -1.20969450e-01  2.82452747e-02
  5.59563552e-02  2.62486397e-02  4.11166684e-02  1.89233692e-02
  4.52787495e-02  3.25380070e-02 -9.86333628e-03 -8.55427645e-02
 -8.51104222e-02  1.18464261e-02 -1.63559894e-01 -1.96490371e-01
 -1.45308805e-01  4.55934987e-02 -4.80471837e-02  6.20446270e-02
  7.04854596e-02 -1.93793126e-02 -3.12946781e-02 -8.75364272e-02
 -6.76368410e-02  2.17312215e-01 -7.25202467e-02 -1.26879030e-02
 -9.68663972e-02 -8.49296476e-03 -1.52947878e-01  2.35482493e-02
 -1.66647686e-01 -4.87303373e-03  1.27738587e-01 -1.47904711e-01
 -2.08961107e-02 -6.37653624e-02 -5.72709427e-02  9.67294867e-02
 -1.67110632e-01 -1.56013450e-01  2.15772429e-01  4.24424508e-02
  2.80413707e-02  3.14973879e-02 -2.10277475e-01  1.06376807e-01
 -6.93697508e-02  5.51432965e-02  1.58118224e-01 -7.65703311e-02
 -7.90320628e-03  1.04235582e-01  2.02821329e-02  5.97216089e-02
  1.02113991e-01 -8.02594230e-02  1.02069713e-02 -5.49255356e-02
  6.90021012e-02 -2.65445283e-02  7.94371697e-02  4.95998710e-02
 -8.42693115e-02 -7.77516150e-02  1.60837818e-01  2.30424417e-01
  3.64600234e-02 -7.86329208e-02 -7.01934295e-02 -1.90571584e-01
 -1.94242175e-02 -1.73361393e-01 -2.46752382e-02 -5.35097382e-03
  2.00816823e-01 -9.33376257e-02  5.55347193e-02 -9.28252097e-02
 -8.89909780e-02  2.83538353e-02  1.17101673e-01  3.41542179e-02
 -1.20795773e-02 -2.10887901e-01 -7.97262527e-02  6.32172199e-02
  1.58842668e-01  4.20014554e-02  8.97261020e-02 -1.10942385e-01
 -2.00070592e-02  3.31203900e-02  1.32511145e-01  3.54267096e-02
  1.24044142e-01  1.32988334e-02 -5.73294393e-02  7.99143706e-02
  1.00401681e-01 -9.59052392e-02 -1.49590952e-01  1.52374336e-01
  4.31016847e-02 -3.07718579e-02 -4.98672751e-02 -1.81104900e-02
 -7.22185893e-03 -1.38674096e-02  5.60617929e-02  1.27677295e-01
  1.01942046e-01 -5.80569338e-02  1.26801025e-01 -1.91313444e-01
  1.30653896e-01  1.96624314e-04 -5.46888006e-02  6.13317586e-03
 -3.25591767e-02  1.28334439e-02  3.58186096e-02 -1.01532039e-02
  2.54404556e-01 -3.26933905e-03 -1.16086885e-01 -1.25260239e-01]


