第1类： ['临沂地区有负责人吗', '今天公司负责人问起这件事情', '你们在北京这边有没有什么负责人', '你们深圳这边有负责人吗', '你们的负责人是代理', '你们相关负责人的联系方式是', '你们这儿有武汉的负责人吗', '你安排下负责人吧', '你是北京负责人呢吗', '你是哪里的负责人', '你能把宁波这边负责人的号码给我么', '你让你们负责人加我微信', '你让您区域的负责人跟我对接吧', '你让技术负责人看看', '你说的负责人怎么梅给我打电话呢', '分公司负责人的联系方式能说下么', '到时候我会和负责人沟通的啦', '可以加下你们负责人', '可是您的一个负责人说我的信息不全面', '山西这边有负责人吗', '希望贵公司的负责人和我们详聊', '您之前的负责人都是着找代理', '您们深圳有总代或者负责人做沟通吗', '您直接让负责人给我打电话就可以了', '您这边负责人是叫左淳', '我叫上项目负责人', '我是公司技术负责人', '我这边是和英集团的网络负责人', '我这边有西安这边负责人联系方式', '所以没有你们的负责人', '有公司名字可以帮忙查到负责人吗', '杭州有负责人吗', '汉子过后有负责人吗', '河南这边的区域负责人是哪位呢', '直接转达你们公司领导及负责人', '要不你留一个你们在深圳负责人的联系方式', '请尽快能安排个负责人和我对接', '请问刘晓雯是在上海的负责人吗', '请问贵司负责人今天会与我联络吗', '负责人不在重庆', '负责人在天津常驻吗', '负责人是谁啊', '负责人给我打电话吗', '辽宁这边有负责人吗', '这个是山东区的负责人吗', '这话是你们负责人发我的', '通知一下你们负责推广的负责人', '那你要不要给我一个你们成都负责人的联系方式', '那能给一下相关负责人的联系方式吗', '那麻烦让负责人给我打电话沟通吧']
语义向量：[-0.10615311  0.1370811  -0.02459459  0.13299899 -0.22229456 -0.01770319
 -0.00042563 -0.03745117 -0.10249181 -0.10137777  0.00466126 -0.09645648
 -0.16329285 -0.06319372 -0.1151258  -0.09047161  0.05912951 -0.01763105
  0.05242533 -0.09339622 -0.06693981  0.07748689  0.19991392 -0.07940052
  0.01276061 -0.06696096 -0.06778063 -0.0781004  -0.05184864  0.11675897
 -0.10812075  0.03091865  0.17230399 -0.14898395 -0.09478625  0.05020529
  0.03021554  0.08374576  0.13970975 -0.02540566  0.01520187  0.09738893
  0.11617271  0.09129845  0.06982536 -0.02106844  0.14589028 -0.01486048
 -0.01296668 -0.06826664 -0.05723935 -0.01836805 -0.04006086 -0.11700941
  0.14087574 -0.03691839  0.15480324 -0.11555635  0.07281686  0.05176885
  0.03714982  0.09441617  0.00920494 -0.05428998 -0.07880579 -0.04230349
  0.08317491 -0.0984409  -0.04038792  0.00491728  0.06049255 -0.00404643
 -0.20387211 -0.12106841 -0.05466599 -0.11242439  0.04969475  0.14184753
  0.12896006 -0.00169356  0.09227607 -0.06794109 -0.00517706 -0.13220077
  0.09915449  0.03945746  0.03322458 -0.01605684  0.03244867 -0.02863623
  0.09353417 -0.11268898 -0.05401373 -0.00249956  0.21522594 -0.0501543
  0.12475218  0.03172093  0.015528    0.01033945  0.05982284 -0.04336778
  0.11281103  0.06230926 -0.09406541  0.04582913  0.02873758  0.0102153
 -0.11477663  0.07768532 -0.08947166 -0.06189376  0.05864488 -0.04397468
  0.10848962 -0.23426532 -0.13073185 -0.01805148  0.09779139 -0.09125114
 -0.09797299  0.02438213  0.04159689 -0.08134861 -0.00335633  0.21631505
 -0.05309235  0.03895927 -0.03382961 -0.00913514 -0.11521424  0.00524169
 -0.11449385  0.0567622   0.02285265  0.16482412  0.23766445  0.06021937
  0.04913643  0.005562   -0.11063337  0.06628075 -0.00724155 -0.04978087
  0.05100471 -0.06175725  0.0135528   0.24821088  0.0356573  -0.02584617
  0.1326646  -0.23966102 -0.02624294 -0.09875233  0.12151635  0.01750863
  0.10364427 -0.11416455 -0.00091415  0.17011326 -0.00043077 -0.07047476
  0.04537285  0.10205952  0.09017937 -0.10036974  0.05427139 -0.0545493
 -0.13298588  0.1072912   0.19372403 -0.02392537 -0.0208182  -0.07965291
  0.00087984  0.0433425  -0.09113592 -0.0456977  -0.01688125  0.09845362
  0.06394934  0.02860207  0.06974296 -0.01706962  0.01928336 -0.16825327
 -0.0015945   0.11347378 -0.01363322  0.08391029  0.09687482  0.07425475
  0.01896113 -0.04250812  0.16635009 -0.0106131  -0.15837633 -0.06724763
 -0.02536819  0.0284045  -0.10620032 -0.02785351  0.0139218   0.01650508
  0.01991007 -0.02187332  0.18029222  0.05084972  0.02330724  0.08166787
  0.07228504 -0.20318565 -0.15261372 -0.06250357 -0.00679934  0.14916398
  0.06074014  0.00646389  0.29572924 -0.00408862  0.07901421 -0.00282173
 -0.11292387  0.13652512 -0.0394638   0.08597697  0.09595813 -0.04454085
  0.19856691  0.05435472 -0.03807947 -0.09844606 -0.03085072  0.00850581
 -0.00889782  0.17695276 -0.011633   -0.14826339  0.00659647  0.00069762
  0.09461417  0.07197038  0.0240974   0.10274207 -0.06729093 -0.01940094
 -0.04109361  0.06626507 -0.01621204 -0.11195005 -0.06280389  0.01321163
 -0.04892706 -0.17282615 -0.08412927  0.02592363  0.09493467 -0.05473272
 -0.19420918  0.01117802 -0.10284521 -0.07769595 -0.06895371 -0.0259231
 -0.04562382 -0.1008963  -0.09247405 -0.04106284 -0.00151675  0.00882041
 -0.05364774 -0.11101731  0.02138916  0.13865737  0.05914613 -0.08878288
  0.09776095  0.00661296  0.03910739  0.04656648 -0.0032006  -0.03285585
  0.01943599 -0.06363868 -0.09712303  0.0781622  -0.11384703  0.06541704
 -0.06879223 -0.16735918  0.13718073 -0.11029618 -0.03362678  0.16389118
 -0.0435207  -0.08655446  0.02646514 -0.0264868  -0.01437743 -0.08856223]


第2类： ['你们业务负责人', '分公司负责人沟通', '区域负责人懂技术吗', '我不是负责人', '我的负责人', '所以没有负责人', '负责人的']
语义向量：[-0.22467508  0.30886897 -0.03975382  0.29204763 -0.50853948 -0.04345519
 -0.00667925 -0.09058663 -0.22685633 -0.22875367 -0.00610867 -0.23091717
 -0.3733042  -0.13667783 -0.26670903 -0.20085294  0.13935486 -0.04656316
  0.1253004  -0.20867639 -0.14501199  0.16274514  0.45875869 -0.1844487
  0.0390853  -0.16372563 -0.14474412 -0.17435036 -0.12973773  0.26487576
 -0.24220566  0.06446789  0.39117995 -0.34676948 -0.20899179  0.11161368
  0.06360041  0.17822294  0.33099917 -0.05841755  0.03201104  0.20332782
  0.27964108  0.19589888  0.17130987 -0.03949033  0.32607149 -0.02320926
 -0.03211435 -0.14901158 -0.13523292 -0.0346987  -0.09207775 -0.27128551
  0.33638421 -0.09088004  0.33692121 -0.24139178  0.15822532  0.11542068
  0.07357786  0.22193831  0.01866093 -0.11325857 -0.17738057 -0.11572911
  0.196464   -0.21642566 -0.1037156   0.01695557  0.15218756 -0.03580216
 -0.46513339 -0.2640779  -0.15695605 -0.23636765  0.0983982   0.33624921
  0.28782927 -0.02208943  0.21357283 -0.14922775 -0.0078878  -0.30165764
  0.23985491  0.08553666  0.07238943 -0.04808517  0.08326981 -0.06990411
  0.21751225 -0.2581155  -0.11740681  0.00081584  0.49643069 -0.10066081
  0.29256341  0.05927716  0.04028455  0.02312239  0.13525233 -0.10569685
  0.27112872  0.14140793 -0.21771986  0.10410777  0.07595938  0.01841435
 -0.2726459   0.18354438 -0.20673376 -0.15097292  0.1264874  -0.09653631
  0.25084175 -0.5173303  -0.29744082 -0.03708613  0.22309384 -0.19281287
 -0.2185271   0.05322573  0.08620344 -0.17694291 -0.00677232  0.48440086
 -0.12365768  0.08604964 -0.05903253 -0.02351105 -0.28038382  0.01350168
 -0.27798954  0.13372947  0.04083064  0.37341083  0.53986211  0.1311009
  0.11429054  0.01695994 -0.24927146  0.15534653 -0.00584913 -0.10650375
  0.12437394 -0.13045544  0.02920416  0.56385808  0.06605167 -0.05749359
  0.30284276 -0.53619086 -0.06362271 -0.201846    0.28297149  0.02728631
  0.24207817 -0.24419274  0.01374306  0.37487928 -0.01500205 -0.15816522
  0.09787852  0.22014895  0.21201652 -0.23483335  0.13175802 -0.12567847
 -0.3098242   0.24542228  0.42216687 -0.07560911 -0.04408811 -0.18567183
 -0.01214293  0.09502208 -0.20927745 -0.11358156 -0.03452248  0.23667861
  0.13633307  0.05165733  0.15903202 -0.03793596  0.05453833 -0.40124846
 -0.00265093  0.24363453 -0.0331321   0.18745143  0.21543615  0.15159267
  0.05470281 -0.11007562  0.35426286 -0.02020882 -0.35972565 -0.14948351
 -0.04828492  0.06929606 -0.23210467 -0.08290328  0.02103751  0.04520287
  0.05783267 -0.05406193  0.40941985  0.14189809  0.05530593  0.1798528
  0.13608153 -0.46664135 -0.34741142 -0.14287677  0.00212607  0.34334819
  0.12685881  0.01841582  0.66562989 -0.00196448  0.16481337 -0.01928751
 -0.25206464  0.31741937 -0.08866069  0.21563522  0.21863204 -0.1016111
  0.43715318  0.11558449 -0.10289836 -0.22622973 -0.07390965  0.00928429
 -0.01879907  0.39038879 -0.01738748 -0.33726512  0.02813733  0.00314946
  0.21993637  0.17133874  0.05058102  0.22420997 -0.1545895  -0.02683084
 -0.09691319  0.14919782 -0.03217875 -0.25761801 -0.14324569  0.04546069
 -0.10963522 -0.37825994 -0.18924246  0.06310058  0.21359933 -0.12432633
 -0.43508646  0.03648502 -0.24390386 -0.17129525 -0.15508786 -0.05204668
 -0.11051721 -0.22547536 -0.21439212 -0.10229611 -0.00958194  0.02055919
 -0.11649637 -0.24994069  0.06446707  0.32826731  0.13814913 -0.2049279
  0.23200178  0.01321897  0.06285213  0.09687476 -0.02708815 -0.06080287
  0.05103536 -0.13841366 -0.21995864  0.18834015 -0.25336047  0.14834062
 -0.15428621 -0.3845963   0.32491129 -0.2599586  -0.06897535  0.37606132
 -0.10951599 -0.19273213  0.04486006 -0.07286784 -0.03692944 -0.19781774]


第3类： ['中心的负责人']
语义向量：[-2.80074567e-01  4.85282749e-01  1.62089825e-01  3.26329708e-01
 -6.04651332e-01  1.22344285e-01 -4.62677330e-02 -2.67538637e-01
 -3.26731920e-01 -2.95180559e-01  5.94299920e-02 -4.11960781e-02
 -3.03838432e-01 -4.25940275e-01 -1.57278225e-01 -1.54626057e-01
 -1.72609851e-01 -1.28505034e-02  1.44387707e-01 -5.61006486e-01
 -3.32436174e-01  2.86407918e-01  4.97277468e-01 -1.73933849e-01
 -1.36662707e-01 -2.98326582e-01  9.60346162e-02 -8.43388215e-02
  9.99480486e-02  4.55483407e-01 -1.96198717e-01 -9.82283875e-02
  4.37092990e-01 -2.21960381e-01 -4.03699517e-01  7.40614459e-02
 -1.07442290e-02  6.14510663e-02  1.33150250e-01  1.53449520e-01
  5.21348864e-02  1.99200392e-01  1.41606554e-01  3.61259788e-01
  1.43769935e-01  1.45273671e-01  3.12491328e-01 -6.44443631e-02
  3.07349026e-01 -9.15717054e-03 -2.10239872e-01 -1.13135397e-01
  5.78780472e-02 -3.05451125e-01 -6.95191398e-02 -1.90501526e-01
  1.93936706e-01 -2.33582810e-01  4.97967869e-01  1.15276664e-01
  2.25534692e-01  1.96512341e-01 -2.42009893e-01 -2.24555731e-01
 -3.05382639e-01 -3.15474421e-02  4.99048024e-01 -4.09885854e-01
 -3.86230260e-01 -1.97718933e-01  2.44450629e-01  1.02230310e-02
 -4.94526297e-01  2.90333629e-02 -3.24620485e-01 -5.54804504e-01
  1.17678046e-02  3.32687259e-01  3.15272003e-01 -2.45923519e-01
 -1.09263264e-01 -2.82495648e-01  6.96582571e-02 -4.90434021e-01
  2.79247493e-01  2.21100762e-01  2.64484674e-01 -1.19268835e-01
  3.19164872e-01  1.67923972e-01  4.49082702e-01 -2.90532798e-01
 -2.45248243e-01 -3.40263754e-01  5.39243996e-01 -1.39734551e-01
  4.22638267e-01  3.47905993e-01  1.89319924e-01  4.23795134e-02
  2.81516701e-01 -2.98751205e-01  1.71081945e-01  2.40180194e-02
 -2.24129856e-01  2.01993108e-01 -1.79892138e-01 -3.72686200e-02
 -3.64112258e-01  3.71566527e-02 -2.77229995e-01  9.29128006e-02
 -1.22484796e-01 -7.30727389e-02  5.18400013e-01 -4.65283185e-01
 -2.82949656e-01 -1.66083187e-01  6.49901032e-02 -3.19351733e-01
  1.21605592e-02 -3.04014683e-01 -1.02954142e-01 -1.00747503e-01
  2.62013406e-01  5.32109559e-01 -2.20248714e-01 -1.25708237e-01
 -4.79968488e-02  1.77777186e-01 -4.24958378e-01 -2.26502284e-01
 -6.81757107e-02  4.33862209e-02  1.74104139e-01  2.73961812e-01
  5.33192694e-01  9.10542011e-02  2.32255057e-01  1.00981951e-01
 -2.00771019e-01  1.79200172e-01  1.64484963e-01 -2.90678740e-01
  1.50376961e-01  2.44973693e-02  6.67021200e-02  7.97348499e-01
  7.68949538e-02  2.54665345e-01  2.63689756e-01 -7.40848958e-01
 -1.08956032e-01 -2.29758993e-01  4.39765424e-01  1.01659633e-01
  1.97701037e-01 -4.51827675e-01  1.20000318e-02  4.33769375e-01
  2.79677451e-01 -1.83064744e-01  3.34098250e-01  2.58646041e-01
 -4.66210246e-02 -5.66653199e-02 -1.28463998e-01 -3.54500413e-01
 -1.43905595e-01  2.46266171e-01  4.80316848e-01 -3.82345133e-02
 -1.02037705e-01 -1.65546820e-01 -2.03356937e-01 -3.76324840e-02
 -4.38493639e-01  2.21546218e-01  4.37718600e-01  3.34756941e-01
  3.41183424e-01  1.87335804e-01  1.40815929e-01 -1.63663581e-01
 -2.76170671e-01 -5.28917611e-01 -3.75232965e-01  5.53866804e-01
 -4.03540820e-01  1.51817471e-01  2.42235422e-01  3.31508785e-01
  1.62609622e-01 -3.14998120e-01  5.02025127e-01 -3.66244555e-01
 -2.87701517e-01  1.13387160e-01 -1.52224628e-02  2.78305653e-02
 -3.96829575e-01 -3.72345336e-02 -1.42191008e-01  2.69874800e-02
 -1.22148544e-02 -4.97320145e-02  6.95091069e-01 -7.97983408e-02
  3.20032716e-01  7.24475682e-02  3.11569035e-01 -3.71745259e-01
 -3.28937888e-01 -2.64550447e-01  4.30856049e-02  5.17946482e-01
  1.02135755e-01  1.93907276e-01  7.51119196e-01  1.68469865e-02
  3.44068974e-01  2.57030334e-02 -2.06287503e-01  4.02105570e-01
 -1.00259095e-01  1.03892051e-01  2.61875123e-01 -1.11291088e-01
  6.92971170e-01  1.55759215e-01  1.04923196e-01 -1.33287132e-01
 -1.02562606e-01  3.04460198e-01  2.56592166e-02  3.77381325e-01
 -2.89652169e-01 -2.13010684e-01  3.65192667e-02  3.73339444e-01
  8.57996419e-02  5.57941310e-02  2.69265622e-01  9.96382609e-02
 -1.05606236e-01 -1.63985074e-01  2.53024208e-03  3.73064429e-01
 -1.14991449e-01 -1.41620236e-02 -9.76550952e-02  6.53794482e-02
 -2.26413175e-01 -1.57984331e-01 -2.67891258e-01  1.15203999e-01
  2.44342223e-01 -3.82513404e-01 -4.16138500e-01 -7.29674622e-02
 -1.19983010e-01 -3.81748885e-01 -1.77972123e-01 -2.87993997e-01
 -1.41348047e-02 -3.69919688e-01  1.13386415e-01 -2.50626564e-01
  6.65723979e-02  1.87369958e-01 -3.12999159e-01 -1.88849092e-01
 -6.16175979e-02  4.53672320e-01 -1.33012338e-02 -6.62481263e-02
  5.41959465e-01 -4.79231268e-04  2.60344177e-01 -3.27756107e-02
  4.71630543e-02 -8.12420771e-02 -1.88284460e-02 -1.57988966e-01
 -1.00713111e-01  1.10367320e-01 -1.86875343e-01 -8.18845257e-02
 -3.99975181e-02 -2.98873961e-01 -3.52029391e-02 -8.74875858e-02
 -8.81668255e-02  1.62427679e-01 -2.71978557e-01  6.69696927e-02
  2.15745971e-01  1.69605911e-01 -2.31471464e-01 -1.97886959e-01]


