第1类： ['一个账号最多技持几个用户同时在线啊', '一方账号是在一个地方开会吗', '上传企业认证之后会重新给个账号吗', '不知道为什么我的账号显示被禁用', '为什么还提示账号没有服务呢', '也就是说不可以在账号内同时共同建立不同的会议室', '买了账号之后又额外的服务费之类的吗', '但是这个账号我可能是多用途的', '你们其他同事说我买的账号还没升级', '你们的账号和那个全时百应有什么区别', '你们的账号有按参会人员进行分类吗', '你们那个现在平台账号多少钱了呢', '你能提供个账号我们试下吗', '包含的分钟数是指每个账号单独', '即外国客人可以搜到我这个账号', '可以一个公司开多个账号的吗', '可以直接加到原来的账号上去', '大约什么时候把账号给我哦', '如果我们一个账号的纯电话会议正在召开', '就是如果我在国内开的账号', '就是最终都要到你们家才能开通账号对吧', '就是相当于一个账号我可以邀请多少个参会人是么', '怎么说的我的账号没有权限', '您在您的账号进入会议室前也页面由我的', '您的账号无权访问该服务', '您的账号无权访问该服务', '您直接网页版操作就可以的或者您可以在您的账号', '您那边的账号的报价假给我一下呗', '我们以前的账号是自定义的前缀', '我们有管理员账号可以自己组织发起是不是', '我们这边跟你们那买的付费账号还没有下来', '我只是拿适用账号走个适用流程', '我可以在一个站点上可以直接修改某一个账号的会议室的默认属性么', '我就想用我这个账号呀', '我想先问一下需要多少个账号', '我想问一下那个电话会议生成的账号', '我想问问我的账号怎么用', '我现在已经有账号在用了', '我现在怎么进入我的账号呢', '我的账号是所有功能都能使用的', '我的账号登不上能帮我看看嘛', '我这边是几个账号是共享的', '所以我希望您能不能帮我把我账号恢复正常', '方的账号提供的服务内容是什么呢', '是不是我几个人可以用同一个账号啊', '是每个人都有一个账号吗', '是需要先买好服务才有账号吗', '每个公司仅限一个账号是什么意思', '然后每个人拥有一个账号就可以使用么', '现在是我自己的账号总登不上去', '电脑是在您可以在您的账号', '目前我们可以使用的账号有四个', '美国那边他们自己应该有账号的', '能看到我这个账号预留的手机号吗', '请问正式账号的价格是怎么计算', '账号也是这个可以体验了吗', '账号对应的服务器使用范围不一样是吧', '账号里进入会议室的前一步有一个导航栏我的', '这个是你们公司的服务账号吧', '这个账号之前是你们后台直接开通的', '这个账号如果要视频不要加钱吗', '这样是多少人参加就需要多少账号吗', '那你能不能给我个账号', '那咱们这边只能是租账号吧', '那我三家公司每个人同时登陆一个账号']
语义向量：[-2.92921440e-02 -2.91986551e-02 -4.56725045e-02 -5.40333214e-02
 -1.81885631e-02 -1.61529892e-02 -4.52617699e-02  1.41628990e-01
 -5.48590201e-02  9.08314833e-02 -3.50387850e-02  9.86103957e-02
 -6.60618919e-02  3.34606962e-02  1.05733635e-01  1.22541986e-02
  1.67682391e-02 -6.54013519e-02  1.95627523e-02  2.98700279e-02
  9.61019395e-02  4.44914460e-02  8.73643261e-02 -1.03096482e-01
 -7.69614061e-02  5.22010309e-02 -5.06013105e-03 -1.75100908e-02
 -8.63568037e-02 -8.91745048e-02 -5.77344875e-02  4.21224234e-02
 -4.34680500e-02  5.10290649e-02  5.05311274e-03 -1.33058088e-02
 -8.80996099e-02  4.22216994e-02 -8.50152076e-02 -7.40889188e-02
 -4.71793423e-02 -8.22237153e-03 -1.34496169e-02  8.33350817e-02
 -3.68931111e-02 -7.99747686e-03  5.37259539e-02 -2.23230076e-02
 -4.16577684e-02 -4.47325700e-02  2.95308740e-02 -3.36603142e-02
  2.33603946e-02 -3.46246593e-02 -7.52142063e-04  4.06775302e-02
 -2.32000978e-02 -4.97961301e-02 -7.04172973e-02 -5.47766354e-02
  8.60356655e-02  3.36356626e-02  3.05966873e-03 -1.30375422e-01
  7.67088937e-03  7.43827104e-02 -8.75781036e-02 -8.46207022e-02
  4.51904402e-02 -4.25855065e-02  4.71258732e-03  1.01328240e-01
  7.24284486e-02 -1.07299397e-02  8.87641332e-02  4.91280481e-02
  3.13601548e-02  3.01971507e-02 -7.59789555e-02 -2.62513042e-02
 -3.17779849e-02  1.94281709e-02  2.78614990e-02  4.46931083e-04
 -1.25474297e-01  6.01191820e-02 -2.62634359e-02  7.42265128e-03
 -1.71774202e-02 -2.90265228e-02 -2.26600636e-03 -6.16861506e-02
 -4.01410522e-02 -4.00023599e-02  1.82668133e-02 -9.37635264e-04
 -3.38040011e-02 -1.42698000e-02 -4.36394135e-02  5.37373256e-02
  2.16707298e-02 -1.41551505e-02 -1.61649984e-02 -1.89047077e-02
 -2.96133935e-02 -1.23576519e-01  5.39701126e-02  7.18803944e-02
  3.83788194e-03  9.75388285e-03  3.53913885e-02 -2.71921794e-02
 -3.36182924e-02  2.85924166e-02 -1.04355721e-01 -1.08556109e-01
 -4.34214026e-02  9.44425746e-02 -2.14344959e-02 -5.03598395e-02
 -6.83611158e-02 -9.12891002e-02  1.08688692e-01 -2.87929805e-02
 -9.28129378e-02  9.54336727e-02  4.02370778e-02 -3.47414193e-02
  3.10548862e-02 -6.37905997e-03 -2.93988875e-02 -1.71012906e-02
  7.45559128e-02  1.54393403e-02  5.88479780e-02  4.27548960e-02
  4.70799454e-02 -4.05995541e-02 -1.53246684e-02  7.24169032e-04
 -6.36900856e-02  5.92868742e-02 -1.60857769e-02 -8.05512818e-03
  4.72321013e-02 -9.71146898e-02  1.86884310e-02  8.54202354e-02
  2.44901750e-02 -2.72766399e-02 -1.11906364e-01 -5.14753393e-02
  5.21264648e-02  5.50235803e-02  1.59020146e-02 -1.82571473e-02
  4.21559880e-02 -1.84755923e-01 -2.15512018e-02  1.27459877e-01
  8.42583838e-02 -9.70811506e-02 -7.31745613e-03  1.12892918e-01
 -7.70049822e-02 -1.63056437e-02 -5.80756410e-02 -3.92012080e-02
 -2.74141685e-02 -6.65676056e-02  2.50474354e-02 -2.90215453e-02
  4.92757950e-02 -1.40364502e-02  2.30584126e-02  5.71588958e-02
 -9.05476402e-02  5.50602504e-02 -1.01701686e-01 -5.93562252e-04
  1.26309168e-01  3.84373964e-02  1.31867543e-02  8.56294990e-03
 -7.28314362e-02  4.94285188e-02  2.82265389e-05  5.02000604e-02
 -6.14900394e-02  3.07037819e-02 -1.36181782e-02  2.16254329e-02
 -5.41477908e-02 -1.99404585e-02  1.43952981e-02  1.75547999e-02
 -7.54618381e-02  1.06721315e-01  4.22778711e-02 -1.26258504e-02
 -2.99239086e-02  7.55281455e-03 -3.24821965e-02  6.28931953e-02
 -8.96910914e-02  6.42246574e-02  2.20785311e-02 -5.13612318e-02
  2.96845483e-02  3.42090089e-03 -2.89250990e-02 -6.58156572e-03
 -5.91227586e-02 -1.20746792e-01  1.48686592e-02 -5.25220570e-03
  6.96080098e-02  1.32739330e-02  7.03204905e-02  4.87558091e-02
  1.85485495e-02  5.31279341e-02  1.72691971e-02 -6.94678642e-02
 -1.24968260e-02  1.31423531e-03 -3.99808101e-02  4.59563188e-02
  5.13430942e-02  1.62600601e-01 -1.93665435e-02 -5.58295280e-03
  1.15920231e-02  1.01023163e-01  4.52084807e-02  1.89479765e-02
 -8.91184434e-02  4.84907930e-02 -6.04964572e-02  1.51653139e-02
 -3.08297818e-02  5.13622775e-02 -5.81211852e-02 -5.80053419e-02
 -7.61740362e-02 -5.17570401e-02  2.90935842e-03 -2.62337971e-03
  2.73113194e-02 -5.17149884e-02 -6.11966086e-02 -6.02275064e-02
 -3.70233807e-02 -3.23841396e-02  1.85158425e-02 -7.80934835e-03
  2.56558746e-02 -1.90268968e-03 -1.92152857e-02  4.38790751e-02
  8.85751394e-02 -2.61629912e-02  7.09204023e-02 -2.15099438e-03
  1.09584365e-01 -9.85370769e-02 -5.16857652e-02  4.46419294e-02
  7.04727394e-02 -6.14152627e-02  1.05559536e-01 -6.22998926e-02
  6.35337131e-02  1.98109792e-02 -4.67890401e-02 -8.62113607e-02
  2.92432246e-02  1.73283424e-03  1.01847373e-01 -1.05976199e-03
  1.78779049e-02  5.22291669e-02  2.11172918e-02 -6.08599059e-02
  2.41908402e-02 -1.05198188e-01  1.76725688e-02  1.78106934e-02
  6.87763257e-02 -9.02562608e-02  4.43766187e-02  6.84707241e-02
 -4.09760911e-02  6.84550277e-02  1.88139594e-02 -4.45817536e-02
  1.57528266e-01  6.76008379e-02  4.56817154e-02 -1.57254753e-02]


第2类： ['你们给我申请了账号', '你们给我申请了账号', '你帮我申请一个账号吧', '刚刚申请了账号', '刚才申请账号失败', '别人也要申请账号吗', '我们只申请了账号', '我刚才自己申请了一个账号', '我刚申请了一个账号', '我怎么申请账号呢', '我想申请一个企业账号', '我申请个账号了', '我申请了一个免费账号', '我申请了账号', '直接申请账号就行吗', '请问怎么申请账号', '账号是要申请吗', '账号要怎么申请呢', '过节前申请的账号', '需要申请多少账号']
语义向量：[-0.11563693 -0.08888656 -0.13893452 -0.1046192  -0.02954165 -0.0474321
 -0.14824483  0.33673257 -0.12787787  0.3493079  -0.03478883  0.09800745
 -0.20411667  0.08853584  0.25592312  0.15353095  0.12362327 -0.16439153
  0.19131354 -0.0242518   0.2301972   0.0052434   0.4295843  -0.17658815
  0.07781858  0.15211294 -0.0147186  -0.20147374 -0.20140947 -0.26861864
 -0.30593036  0.24258927  0.01682001  0.10549686  0.02071885 -0.04150255
 -0.34416218  0.10012082 -0.27740164 -0.23517922 -0.10992636 -0.02976438
  0.0295528   0.26940965 -0.07437672 -0.11127428  0.22684192  0.15673719
 -0.22858044 -0.16637723  0.24097545 -0.11317456 -0.097371   -0.23252072
  0.14283986  0.15495705 -0.19071978 -0.18414751 -0.19315365 -0.09473509
  0.24703698  0.16221516 -0.00844688 -0.23801919  0.16203016  0.16708043
 -0.1726431  -0.26687817 -0.02371771 -0.1260506  -0.0377572   0.37598415
  0.24008212 -0.05616693  0.07405992  0.26034597  0.1886942   0.15573387
 -0.09775234 -0.02402055  0.03387767  0.04455495 -0.08457966 -0.01038673
 -0.42619694  0.32939426 -0.08075357  0.08829717  0.0107925  -0.14263426
 -0.03539669 -0.1869529  -0.24299487 -0.0109795   0.07562423  0.05841964
 -0.09040764  0.08208619 -0.25161085  0.12979724  0.05807389 -0.03094247
 -0.020393   -0.11452324 -0.15248242 -0.40406744  0.1617496   0.28167457
  0.17081184  0.15009158 -0.03889594 -0.17087387 -0.29460256 -0.02723051
 -0.15255377 -0.12331364 -0.1171497   0.07135562  0.0755201  -0.24046934
 -0.12834074 -0.14692095  0.44004868 -0.08575152 -0.32958207  0.07314793
  0.15611427 -0.20137598  0.02750388  0.0606736   0.02919483  0.0458618
 -0.00425538  0.05109774  0.15631602 -0.15779395  0.09876638  0.08764528
 -0.0266075  -0.20947605 -0.18795344  0.16518348 -0.18729651 -0.06673338
  0.10230202 -0.21801602  0.10079517  0.14647442  0.06192891 -0.18757923
 -0.4257919  -0.38511279  0.11843675  0.18356577  0.07175436  0.05585265
  0.03333621 -0.47501832 -0.07388654  0.34115225  0.24268877 -0.08610617
  0.03449572  0.20021772 -0.13168304 -0.13067406 -0.12242505  0.02282982
 -0.26410166 -0.09473988  0.09937893 -0.02839944  0.16269993 -0.16530057
  0.2424327   0.19389789 -0.30126563 -0.031474   -0.324309    0.00790208
  0.39219246  0.16721969  0.05160561  0.1337179  -0.18815608  0.06284004
  0.07364183  0.16892999 -0.13818186  0.02585781 -0.05336997  0.01483723
 -0.20886642  0.03594802  0.02945875  0.15074343 -0.17189836  0.09480438
  0.1198061  -0.09999467  0.08568197 -0.07580424 -0.02296003  0.13061179
 -0.14075686  0.19944178 -0.19550368 -0.06665095  0.06901723  0.01351962
  0.00892372 -0.04386338 -0.09879114 -0.21691471  0.01180406  0.00692079
  0.14809547 -0.03487095  0.44360252  0.16823501  0.12249815  0.19711621
 -0.03283952  0.01042765 -0.11299879  0.06722832 -0.12237498  0.07923292
  0.01510135  0.41386882 -0.09784744 -0.02075687 -0.04949456  0.15119484
  0.00592732  0.01811698 -0.20653761  0.04297626 -0.30348075 -0.089946
 -0.18081938  0.21260466 -0.1024079  -0.06949982 -0.22936367  0.04699322
  0.06151579  0.03995773  0.05428948 -0.11295364 -0.30974997 -0.14901226
 -0.09888951 -0.19414865 -0.05956044 -0.02854319  0.08990798  0.13013393
  0.00803756  0.19660278  0.02047544 -0.03167042  0.19402114  0.14804489
  0.31327934 -0.27469204 -0.2860557   0.09037176  0.19731949 -0.15689123
  0.300682   -0.2111786   0.06706197  0.13628879 -0.03374765 -0.35497592
  0.18908501 -0.05050653  0.39351726  0.0871241   0.10107677  0.16002285
 -0.00370906 -0.18207041 -0.11371646 -0.3259344   0.01400391  0.23670921
  0.13180081 -0.34070069  0.22368024  0.16553339 -0.18299136  0.21646131
  0.13724253 -0.14065058  0.22726327  0.249104    0.15213036  0.08034734]


第3类： ['不是测试账号哦', '什么是测试账号', '可以帮我申请测试账号吗', '对测试账号', '就是测试的话不是得好几个账号测试', '就算是测试账号', '帮我申请一个测试账号', '我刚申请了一个测试账号', '我想申请一个测试账号', '我想申请一个测试账号', '我是测试账号', '我没有测试账号', '我申请了测试账号', '我的测试账号', '我的账号是测试账号', '我这不是测试账号', '有测试账号么', '测试账号可以测试多久我们需要', '测试账号无法在手机', '测试账号有了吗', '测试账号能用多久', '这个没什么测试账号']
语义向量：[ 9.41643635e-02  3.93125374e-02 -2.53472884e-01 -1.84494682e-01
  2.46628020e-02 -8.03803443e-03 -3.47778057e-02  1.35888680e-01
 -1.38445572e-02  3.69097265e-01 -1.40973896e-01  1.87886035e-02
 -5.60212799e-02  5.54625317e-02  1.30592808e-01  3.17434379e-02
  2.16753764e-01 -1.65201923e-01  2.51053111e-01  4.74536191e-02
  9.92712160e-02  2.65947281e-03  5.57993270e-01 -2.81013384e-01
 -1.40293265e-02  9.83828640e-02  4.80958469e-02  3.21931745e-02
 -1.22577448e-01 -4.12243066e-01 -1.58316236e-01 -5.47853993e-03
 -3.85827851e-02  2.66749212e-02 -3.35834143e-02 -7.66467543e-02
 -4.26406258e-01 -1.68239247e-01 -2.16923300e-01 -6.98324593e-02
 -2.74307577e-01 -5.70354644e-02  1.51017778e-01  4.05149526e-01
 -1.27453845e-01 -2.24611265e-01  9.97911594e-02  1.52521981e-01
 -1.35276971e-01 -9.90675463e-02  1.68708821e-01 -3.14877492e-01
  8.50623446e-02 -2.10309790e-01  1.70052768e-01 -2.91622864e-02
 -2.57329864e-01 -1.14517033e-01 -1.40719427e-01 -1.43448175e-01
  4.58562701e-01  2.97592339e-01  3.24038960e-02 -3.17224192e-01
  7.19312999e-02  9.74880523e-02 -3.63799649e-01 -4.43084644e-01
  3.14390600e-03 -2.04364306e-02  6.49468359e-02  3.33701460e-01
  3.00854017e-01 -2.12444183e-02  5.97663211e-02  2.89184122e-01
  6.98926179e-02  3.07820825e-01 -1.35476180e-01 -2.53695033e-01
  9.33799513e-02 -2.13049752e-02  7.41254239e-02  2.86789381e-02
 -4.03920893e-01  4.29391715e-01 -4.42977752e-02  7.60232646e-02
 -4.97075263e-02  7.60951224e-02  1.67307338e-04 -1.81022222e-01
 -2.14506779e-01  1.80454971e-02  2.97597249e-02  2.40087694e-01
 -3.27564619e-02  1.48094796e-01 -2.32693735e-02  9.86380867e-02
  1.11083092e-01  1.05443422e-02  1.89998769e-01 -1.34607720e-01
 -1.59402579e-01 -4.32517056e-01  2.30511225e-01  2.65790876e-01
  2.69806735e-02  2.29355498e-01 -4.86816967e-02 -3.65057660e-02
 -2.06279356e-01 -5.67513797e-02 -3.93997388e-02 -1.80269393e-01
 -3.28132464e-02  2.01295192e-01 -1.39239258e-01 -2.67389804e-01
 -5.91015008e-02 -3.16863342e-01  3.41660842e-01 -1.11089833e-01
 -2.45176762e-01  1.97650874e-01 -2.77117987e-03 -7.14187066e-02
  2.62549924e-02 -6.74393813e-02 -2.04941655e-01  4.39258086e-03
  8.04591115e-02  1.23713799e-01  1.82452629e-01  1.72873549e-02
 -5.95731173e-02 -3.21755883e-02  5.02191229e-02 -1.24548287e-01
 -3.65256100e-01  2.02439573e-01 -1.38477816e-01 -5.47070209e-02
  2.30556598e-01 -3.25506943e-01 -2.50798393e-01  2.78469902e-01
 -8.38753114e-02 -2.23147780e-01 -3.37925958e-01 -2.52361106e-01
  2.09839364e-01  3.71889980e-01  1.80750848e-01 -1.14935208e-02
  5.19334901e-02 -7.53874567e-01  1.09513477e-01  3.67473780e-01
  1.55495632e-01 -1.54402617e-01 -6.81486755e-02  1.74972278e-01
 -1.21993222e-01 -1.97956362e-01 -2.25855043e-02 -2.81866417e-01
 -1.70195529e-01 -2.14780793e-01  6.98010855e-02 -6.74549201e-02
 -4.39625125e-02 -1.90764300e-01  2.68747653e-01  4.57502881e-01
 -5.29194837e-01  9.75191569e-02 -2.61608306e-01  2.13394617e-01
  4.34359010e-01  2.32021021e-02  2.51322319e-01  2.76511042e-02
 -2.75323025e-01 -2.21429377e-02  1.09479628e-01  1.45169630e-01
  5.89705077e-03  1.47567213e-02 -1.71612377e-01 -5.22899472e-02
 -1.45316507e-01 -2.90140038e-01  6.25686879e-02  1.23176991e-01
 -3.71151625e-01  4.72965587e-01  9.68797540e-02  7.59096444e-03
 -4.85317629e-03 -7.79433883e-02 -6.76996393e-02  2.60949251e-01
 -1.41508691e-01  1.41321724e-01 -2.45959804e-01  9.48515805e-02
  1.39818667e-01  1.15369534e-02  1.28242374e-01 -2.87610660e-01
 -2.67498165e-01 -2.81321291e-01 -1.41200014e-01  6.03914339e-02
  2.76137685e-01  1.00249926e-01  3.87846227e-01  1.65439610e-01
  2.33267462e-01  1.82234267e-01 -7.40116904e-02 -9.21681702e-02
 -1.50068616e-01  1.37393635e-01  4.52467957e-02  1.25880203e-01
  2.82012969e-02  4.22546167e-01 -4.90773669e-02 -6.21692997e-02
  1.78170546e-01  1.06422579e-01  6.98109559e-02  5.71294637e-03
 -1.45077054e-01 -1.01283289e-01 -2.67147959e-01 -8.60399286e-02
 -5.57052734e-02  3.96319641e-01 -3.37261702e-01 -1.28447395e-01
 -3.92055891e-01  1.79970065e-01 -6.02581521e-03 -2.36808421e-02
  8.17730642e-02 -1.07167848e-01 -2.72967305e-01 -2.39194382e-01
 -9.26454162e-02 -1.88976147e-01 -2.30275494e-02 -1.95639537e-01
  4.50173640e-02  2.00336146e-01 -1.19532466e-01  3.50688583e-01
 -2.08344050e-02 -4.32748113e-02  2.66660488e-01  1.45255198e-02
  3.29665739e-01 -3.94645092e-01 -3.27925617e-01 -3.03355801e-02
  1.62871958e-01 -2.73267934e-01  1.83084098e-01 -1.85206542e-01
  3.74885864e-01  3.55588619e-01  8.04904978e-02 -2.96681336e-01
  1.34378136e-01  1.99236353e-01  3.87747087e-01 -2.22934926e-02
 -5.46938789e-02  1.30444282e-01 -5.14011150e-02 -2.76100687e-01
 -4.41871504e-02 -3.40790915e-01  2.53759027e-01  1.87389313e-01
  1.63703081e-01 -4.00182526e-01  2.21355122e-01  3.60049140e-02
 -7.61660461e-02  2.52551114e-01 -4.86443155e-03 -2.22200726e-01
  4.95635862e-01  1.48139034e-01  2.60461643e-01 -4.63223128e-02]


第4类： ['一个账号同一个时间段', '一个账号是吧', '不是注销账号吧', '之后的正式版账号', '公司的账号啊', '可以提供账号吗', '在您的账号', '在您的账号', '在您的账号', '大概十多个账号需要', '好我这账号', '如果客户有账号', '如果正式账号呢', '就是我这个账号', '已经有账号了', '已经有账号了', '已经有账号了', '怎么才有账号', '总公司掌握主账号', '您账号下面的', '我们的账号是', '我是管理员账号', '我是这个账号', '我暂时没有账号', '我有两个账号', '我有两个账号', '我有账号了', '我没有账号牙', '我现在有个账号', '我用我这个账号', '我的账号是', '我的账号是', '我的账号是', '我的账号是', '我目前没有账号', '我账号现在没有时间', '我账号被锁定', '我还木有账号', '我这边是免费账号', '所以需要对公账号', '按账号个数还是', '是一个账号还是', '有演示账号吗', '正式账号有吗', '现在需要适用账号', '给个账号看看', '能给一个账号', '试用版一个账号可以', '请问我这个账号', '账号我也有', '账号有多少个', '这个账号不固定', '这个账号付了']
语义向量：[-0.05454935 -0.07856568 -0.09803174 -0.10105865 -0.02672008 -0.03689599
 -0.10836151  0.30494572 -0.12303214  0.19476588 -0.07554861  0.1804182
 -0.13779608  0.05802123  0.22385056  0.03283929  0.04823461 -0.13467818
  0.03550754  0.08717655  0.22389126  0.07650249  0.19056456 -0.20751807
 -0.12074421  0.0977845  -0.0005312  -0.02440281 -0.19627087 -0.18668248
 -0.10821172  0.13017936 -0.06879122  0.10344941  0.00986342 -0.01352769
 -0.19181292  0.1232739  -0.20069048 -0.15839383 -0.08767033  0.01038148
 -0.02291521  0.1551518  -0.05370049 -0.02950284  0.13795854 -0.03640691
 -0.10833004 -0.11517921  0.07409242 -0.10003262  0.01124457 -0.06602817
  0.01264788  0.07893383 -0.0770374  -0.10315693 -0.13383677 -0.09951861
  0.16344153  0.06002317  0.03172546 -0.24151869  0.05075013  0.16973298
 -0.16940516 -0.14456668  0.11181038 -0.04622402 -0.0004354   0.20176981
  0.15296788 -0.01485978  0.18079065  0.11851249  0.10010715  0.03114318
 -0.15907698 -0.01858572 -0.05507722  0.02765713  0.02680649  0.00404795
 -0.24947687  0.12478316 -0.06894527  0.01020762 -0.02700102 -0.09213937
 -0.01475626 -0.09849961 -0.08438814 -0.06514238  0.03939454  0.00535921
 -0.07973857 -0.00842052 -0.09814286  0.12302657  0.04725304 -0.00990502
 -0.03512676 -0.075398   -0.07116495 -0.25995275  0.12192171  0.11449436
  0.00066529  0.02406637  0.07362229 -0.04732028 -0.08978522  0.04601377
 -0.21054605 -0.24087101 -0.08426331  0.18226086 -0.01026807 -0.11901399
 -0.14696874 -0.1537022   0.26145652 -0.06337544 -0.22125597  0.19469511
  0.08988783 -0.08902096  0.04890648 -0.02940398 -0.04247351 -0.02610013
  0.12171499  0.02511191  0.09750199  0.03383589  0.10596624 -0.02775177
 -0.0314225  -0.01572994 -0.11452823  0.12695729 -0.04898965 -0.02181817
  0.07512873 -0.19147695  0.06390028  0.15052932  0.05195952 -0.06369816
 -0.24090555 -0.14521256  0.12493013  0.10088421  0.0354482  -0.05918445
  0.07326566 -0.36184652 -0.06823605  0.25312693  0.14964374 -0.18974206
 -0.01464313  0.18345454 -0.15526551 -0.04881822 -0.09079961 -0.06240013
 -0.08404619 -0.12181858  0.05938025 -0.03572543  0.12084173 -0.03547758
  0.05697958  0.12561957 -0.18811933  0.08990621 -0.23547075 -0.02097182
  0.25663435  0.07410204  0.03055972  0.03863677 -0.13200396  0.10394718
  0.02242032  0.14091523 -0.1262933   0.04860836 -0.01895391  0.05400523
 -0.13602745 -0.03977193  0.04529704  0.05641264 -0.13716733  0.18618554
  0.12640205 -0.04191209 -0.03687118  0.02807755 -0.05172331  0.14022376
 -0.17185807  0.14523146  0.03622437 -0.10849284  0.05109162  0.01021329
 -0.07659901 -0.02338633 -0.10682763 -0.23869199 -0.00178813 -0.00820268
  0.15545263  0.02435468  0.19357444  0.08586923  0.02596036  0.1008483
  0.01706087 -0.14781343 -0.03405217 -0.02216499 -0.10556685  0.08771586
  0.09595685  0.36890761 -0.04650219 -0.00115428  0.00989425  0.21762558
  0.09114538  0.05394991 -0.18056824  0.12392391 -0.13731166 -0.01509536
 -0.08957406  0.10858959 -0.11217207 -0.1057196  -0.15562815 -0.09241833
 -0.00432116  0.00199675  0.03354211 -0.10322611 -0.12968918 -0.10281645
 -0.06322085 -0.06709021  0.02562513 -0.00390094  0.05353939  0.01403112
 -0.02731788  0.07056545  0.16781386 -0.03740714  0.1478869   0.03891854
  0.2451086  -0.19351661 -0.112017    0.09680363  0.11744258 -0.13880654
  0.24545396 -0.13299847  0.11197408  0.05805588 -0.08559287 -0.2130403
  0.03637123 -0.01024284  0.2181195  -0.00999502  0.03493447  0.12463465
  0.04959934 -0.12626489  0.03154049 -0.2063603   0.01165026  0.08247708
  0.12570454 -0.19879427  0.11283767  0.1456189  -0.08649676  0.15307253
  0.02948268 -0.08863434  0.30510714  0.13798853  0.09962788 -0.00085536]


第5类： ['一个月一个账号', '一个账号就行', '个账号吧', '只需要账号', '可以在账号', '可以给账号', '如果一个账号', '就是平台账号', '就是账号数量', '已经有账号', '我两个账号', '我有主账号', '我有账号', '我有账号', '我没有账号', '我没有账号', '我没有账号', '我的账号', '我的账号', '我这账号', '方有几个账号', '是付费账号', '有几个账号', '有独立账号', '有账号的', '有账号的话', '有账号限制', '正常账号呢', '科天账号是', '美国人有账号', '请问这个账号免费', '谁的账号', '账号刚开通', '账号是用', '还需要账号', '那么一个账号', '那么一个账号', '需要账号吗']
语义向量：[-7.03146874e-02 -1.06676637e-01 -1.29270294e-01 -1.36065380e-01
 -3.21800833e-02 -4.95514420e-02 -1.48133776e-01  4.08006277e-01
 -1.62429820e-01  2.64511969e-01 -9.88817936e-02  2.38348912e-01
 -1.80860575e-01  7.80664451e-02  2.98618175e-01  4.57820872e-02
  6.38227517e-02 -1.76568512e-01  4.65102193e-02  1.17242113e-01
  2.98341917e-01  9.97320316e-02  2.57240098e-01 -2.73001617e-01
 -1.58989080e-01  1.29509956e-01  3.67439809e-03 -2.93042715e-02
 -2.61266630e-01 -2.50160447e-01 -1.42117994e-01  1.73244737e-01
 -8.99563508e-02  1.38794618e-01  1.27393850e-02 -1.59995344e-02
 -2.57445091e-01  1.65686632e-01 -2.71989443e-01 -2.10241400e-01
 -1.13282112e-01  1.64733541e-02 -2.96119463e-02  2.06827274e-01
 -7.08621766e-02 -3.67850429e-02  1.83979316e-01 -4.77016772e-02
 -1.43369958e-01 -1.57111673e-01  1.00496523e-01 -1.33879764e-01
  1.21370369e-02 -8.62736045e-02  1.73834965e-02  1.04156241e-01
 -1.08995456e-01 -1.36091363e-01 -1.76975673e-01 -1.29492889e-01
  2.17419429e-01  7.66709137e-02  4.55525095e-02 -3.16245572e-01
  7.06283632e-02  2.27225932e-01 -2.28156682e-01 -1.92108252e-01
  1.49156065e-01 -5.94071580e-02 -3.76373112e-03  2.67033010e-01
  2.05341194e-01 -1.53661753e-02  2.36592966e-01  1.58810979e-01
  1.35213134e-01  4.01822922e-02 -2.10934795e-01 -2.56439298e-02
 -7.42597296e-02  3.87276416e-02  3.21800543e-02  5.60896956e-03
 -3.31530598e-01  1.67194379e-01 -9.35937352e-02  8.86582816e-03
 -3.29309244e-02 -1.21490602e-01 -1.89978015e-02 -1.26924844e-01
 -1.08111195e-01 -8.42574113e-02  5.34838388e-02  8.59182595e-03
 -1.05818725e-01 -8.77334802e-03 -1.30475279e-01  1.61941024e-01
  6.34004736e-02 -1.41713474e-02 -4.52418640e-02 -1.06097897e-01
 -9.76130919e-02 -3.49856385e-01  1.60576831e-01  1.50109752e-01
 -3.65512727e-04  3.04563742e-02  9.66832108e-02 -6.25779848e-02
 -1.23068406e-01  6.11253953e-02 -2.78997904e-01 -3.19784519e-01
 -1.09786634e-01  2.39457665e-01 -1.30318897e-02 -1.59746755e-01
 -1.91064969e-01 -2.03285339e-01  3.47171409e-01 -8.49247696e-02
 -2.97437819e-01  2.54506712e-01  1.22338926e-01 -1.19546389e-01
  6.59993854e-02 -3.91732482e-02 -5.39037371e-02 -3.25961449e-02
  1.56038260e-01  3.14922648e-02  1.29717034e-01  3.63275845e-02
  1.36554344e-01 -3.43164530e-02 -4.15345827e-02 -1.88241560e-02
 -1.46965348e-01  1.68439714e-01 -6.53796872e-02 -2.69766231e-02
  9.63484592e-02 -2.50958542e-01  8.65744256e-02  1.93082533e-01
  6.65673751e-02 -8.42964608e-02 -3.25103822e-01 -1.94438489e-01
  1.67770925e-01  1.36383690e-01  4.97565315e-02 -8.22082487e-02
  9.59972210e-02 -4.78140769e-01 -9.19478660e-02  3.33631341e-01
  1.97495012e-01 -2.52691294e-01 -1.87485078e-02  2.37497507e-01
 -2.08820239e-01 -6.46461823e-02 -1.18304363e-01 -8.45984658e-02
 -1.13419182e-01 -1.60787233e-01  7.86610297e-02 -4.61335864e-02
  1.63458648e-01 -4.93534605e-02  7.63997361e-02  1.67865919e-01
 -2.50019823e-01  1.20444259e-01 -3.15398596e-01 -2.84592560e-02
  3.41200680e-01  9.91495730e-02  3.89985594e-02  5.13452719e-02
 -1.75541546e-01  1.37344039e-01  3.44493475e-02  1.87385841e-01
 -1.68902155e-01  6.66006484e-02 -2.36721498e-02  6.88986543e-02
 -1.80083192e-01 -5.21896657e-02  6.04117174e-02  7.79052302e-02
 -1.77750869e-01  2.44457492e-01  1.73238646e-01 -5.55839585e-02
 -4.53153240e-02  3.98440954e-02 -7.18174738e-02  1.87523219e-01
 -2.28449572e-01  1.96222226e-01  4.23882682e-02 -1.43596215e-01
  6.76672074e-02  1.59879895e-02 -1.03457654e-01 -2.69900473e-02
 -1.39830163e-01 -3.15191828e-01 -2.03658765e-03 -1.10533067e-02
  2.04520158e-01  3.01487746e-02  2.57852655e-01  1.12855857e-01
  3.29294279e-02  1.34356507e-01  2.17287218e-02 -1.97160643e-01
 -4.56109193e-02 -3.41105260e-02 -1.42725675e-01  1.14332289e-01
  1.24614313e-01  4.95703819e-01 -6.14493242e-02  3.63539436e-03
  1.00426963e-02  2.88021079e-01  1.19669958e-01  6.89144631e-02
 -2.37577259e-01  1.66418891e-01 -1.82842835e-01 -2.16392368e-02
 -1.24357271e-01  1.47669240e-01 -1.46802967e-01 -1.39781370e-01
 -2.07638625e-01 -1.20191272e-01 -4.90542865e-03  5.90853337e-03
  4.15088524e-02 -1.34647545e-01 -1.73525713e-01 -1.35199108e-01
 -8.35008584e-02 -8.86875083e-02  3.11984621e-02 -4.80357348e-03
  7.21957556e-02  2.22981611e-02 -2.90440487e-02  9.25113353e-02
  2.20201428e-01 -4.89636821e-02  1.96999955e-01  5.61573463e-02
  3.28758823e-01 -2.55127878e-01 -1.49372844e-01  1.29280361e-01
  1.58086209e-01 -1.82560658e-01  3.28915423e-01 -1.78611599e-01
  1.45803061e-01  7.54544234e-02 -1.15808339e-01 -2.84981535e-01
  4.98584835e-02 -1.20682514e-02  2.89625874e-01 -1.54662667e-02
  4.38014829e-02  1.66124156e-01  6.62225158e-02 -1.66401921e-01
  4.00505973e-02 -2.73606981e-01  1.23251793e-02  1.13162803e-01
  1.65643193e-01 -2.63513354e-01  1.50078329e-01  1.95769103e-01
 -1.14496391e-01  2.02103817e-01  4.09562683e-02 -1.15821540e-01
  3.98669368e-01  1.86060619e-01  1.34260040e-01  1.26428630e-03]


第6类： ['一个账号是否可以不同地方使用', '个账号会有优惠么', '为什么使用不了你们的账号', '之前使用的账号国企了', '但是我的账号提示不行', '你们的对公账号是什么', '你说的是后台的账号', '你那边没有临时账号吗', '关键忘记密码说我账号不存在了', '几方账号在哪可以查到', '只用账号就可以了吗', '哦哦哦你们不是按账号来的', '多账号是要多个账号密码吗', '就必须只用你们的账号', '已经被分派完账号了', '并没有什么账号之类的东西', '当账号在使用的时候', '必须要有账号吗及登录才能用吗', '您也可以在您的账号', '您可以在您的账号', '您可以在您的账号', '您可以在您的账号', '您可以在您的账号', '您可以在您的账号', '您可以在您的账号', '您可以在您的账号', '您可以在您的账号', '您可以在您的账号', '您可以在您的账号', '您可以在您的账号', '您可以在您的账号', '您可以在您的账号', '您可以在您的账号', '您可以在您的账号', '您可以在您的账号', '您可以在您的账号', '您可以在您的账号', '您可以在您的账号', '您可以在您的账号', '您可以在您的账号', '您可以在您的账号', '您可以在您的账号', '您可以在您的账号', '您可以在您的账号', '您可以在您的账号', '您可以在您的账号', '您可以在您的账号', '您可以在您的账号', '您可以在您的账号', '您可以在您的账号', '您可以在您的账号', '您可以在您的账号', '您可以在您的账号', '您可以在您的账号', '您可以在您的账号', '您可以在您的账号', '您可以在您的账号', '您可以在您的账号', '您可以在您的账号', '您可以在您的账号', '您可以在您的账号', '您可以在您的账号', '您可以在您的账号', '您可以在您的账号', '您可以在您的账号', '您可以在您的账号', '您可以在您的账号', '您可以在您的账号', '您可以在您的账号', '您可以在您的账号', '您可以在您的账号', '您可以在您的账号', '您可以在您的账号', '您可以在您的账号', '您可以在您的账号', '您可以在您的账号', '您可以在您的账号', '您可以在您的账号', '您可以在您的账号', '您可以在您的账号', '您可以在您的账号', '您可以在您的账号', '您可以在您的账号', '您可以在您的账号', '您可以在您的账号', '您可以在您的账号', '您可以在您的账号', '您可以在您的账号', '您可以在您的账号', '您可以在您的账号', '您可以在您的账号', '您可以在您的账号', '您可以在您的账号', '您可以在您的账号', '您可以在您的账号下', '您好您可以在您的账号', '您直接在您的账号', '想问下是固定账号吗', '我们支付完以后才能有账号和密码是吗', '我们现在的账号不够了', '我们的账号已经开通了', '我们目前有个科天云的账号', '我使用我们集团的账号', '我如果需要一个账号呢', '我怎么查看我的账号', '我指的是账号数', '我是说他们用什么账号', '我是说可以主持会议的账号', '我试了四个账号都是这样', '我账号也给你了', '我账号的试用期有多久', '我输入账号之后他就这么回复', '我这是公司的账号', '我进入我的账号了', '或者可以在您的账号', '或者可以在您的账号', '或者您可以在您的账号', '或者您可以在您的账号', '是每个人都需要一个账号', '是给我一个账号吗', '有使用账号体验下吗', '然后卖了我两个账号', '看到了但是没有账号啊', '科天云的账号能在这登陆吗', '给我开个临时的账号吧', '能不能帮我把账号恢复', '能给我个账号吗', '能给我个账号吗', '说我账号也不存在', '请帮我先开通一个账号', '请问一下账号注册号了吗', '请问临时账号可以录屏吗', '请问在哪设置其他的子账号', '账号同一时间点可以安排几个', '账号和操作指引是会发到我邮箱对吧', '账号是怎么够买的叻', '账号被锁定是什么情况', '还不确定需要几个账号', '还是只能用我同事的账号', '还是说一个企业有一个账号', '还是需要开通另外的账号呢', '还有你们现在那个平台账号', '这个是每人一个账号吗', '这个账号后续可以增加的吧', '这个账号的邮箱公司已经给他注销了', '那您直接在您的账号', '那我是不是只要开通一个账号', '那是你这边给一个账号', '那给我开通这个账号吧']
语义向量：[-3.86359262e-02 -5.16670648e-02 -6.44996826e-02 -6.61079904e-02
 -2.00120471e-02 -2.33839367e-02 -7.26065081e-02  2.00161174e-01
 -7.93326210e-02  1.30005249e-01 -4.56700167e-02  1.16476523e-01
 -8.77062917e-02  3.56070555e-02  1.46230747e-01  2.22548122e-02
  3.27109494e-02 -8.50280299e-02  2.77924977e-02  5.60197105e-02
  1.45525300e-01  4.80743935e-02  1.24640742e-01 -1.31362176e-01
 -7.72958895e-02  6.19322029e-02 -1.57608600e-03 -1.50811457e-02
 -1.30844788e-01 -1.19515209e-01 -6.68247766e-02  8.64479973e-02
 -4.35889861e-02  6.84571221e-02  9.91490171e-03 -8.45107396e-03
 -1.21279134e-01  8.20680960e-02 -1.28907553e-01 -1.01654614e-01
 -5.23547735e-02  5.56543463e-03 -1.58210964e-02  9.86867256e-02
 -3.44324452e-02 -1.93063479e-02  8.91556519e-02 -2.40356763e-02
 -7.09044982e-02 -7.71221186e-02  5.62519721e-02 -6.69687249e-02
  6.73524714e-03 -4.73212605e-02  1.32815999e-02  5.24095558e-02
 -4.84192698e-02 -6.93401305e-02 -8.86983104e-02 -6.37323092e-02
  1.06042356e-01  3.29647027e-02  1.81512195e-02 -1.53917963e-01
  3.41893039e-02  1.09108017e-01 -1.11234023e-01 -9.26148678e-02
  7.27772183e-02 -2.74203873e-02 -2.29137587e-04  1.35007620e-01
  9.83978997e-02 -9.41035210e-03  1.15042557e-01  7.66926055e-02
  6.63223973e-02  1.77340862e-02 -1.03096666e-01 -1.24421697e-02
 -3.16562737e-02  1.39466408e-02  1.51536569e-02  5.64149022e-03
 -1.63295283e-01  8.18080616e-02 -4.64385084e-02  6.06275837e-03
 -1.56513913e-02 -5.90701095e-02 -1.17880924e-02 -5.90203220e-02
 -5.56198166e-02 -3.91100733e-02  2.73941274e-02  4.96436193e-03
 -5.40032256e-02 -3.79613407e-03 -6.58137847e-02  7.66622550e-02
  3.26560091e-02 -4.81631663e-03 -2.28768423e-02 -5.03008651e-02
 -4.76168074e-02 -1.67914038e-01  7.89692535e-02  7.19418016e-02
  1.29479555e-03  1.42569734e-02  5.09203240e-02 -2.85363204e-02
 -5.77633845e-02  2.88979447e-02 -1.36711839e-01 -1.54365508e-01
 -5.40647291e-02  1.15079997e-01 -3.44804804e-03 -7.64390167e-02
 -9.46896401e-02 -9.63895382e-02  1.72289521e-01 -3.97819211e-02
 -1.43916374e-01  1.22505868e-01  6.03438188e-02 -5.73649758e-02
  3.05694629e-02 -2.06609196e-02 -2.56837329e-02 -1.56967655e-02
  7.56302699e-02  1.61739571e-02  6.33957526e-02  1.80212812e-02
  6.71590026e-02 -1.29904722e-02 -2.19095137e-02 -8.57587740e-03
 -7.30248053e-02  8.10648489e-02 -3.37343718e-02 -1.25741971e-02
  4.80121239e-02 -1.22570975e-01  4.29647011e-02  9.39089570e-02
  3.17439448e-02 -4.19129520e-02 -1.55435084e-01 -9.40643787e-02
  7.94271519e-02  6.54325650e-02  2.57635335e-02 -3.70945287e-02
  5.06048095e-02 -2.30796613e-01 -4.68556185e-02  1.62315681e-01
  9.49756346e-02 -1.25506642e-01 -8.26563279e-03  1.15793914e-01
 -9.84847512e-02 -3.13045456e-02 -5.97335725e-02 -3.85916978e-02
 -5.55764593e-02 -7.46832291e-02  4.03560509e-02 -2.34686504e-02
  7.78476036e-02 -2.44696107e-02  3.84943430e-02  8.36992751e-02
 -1.21587862e-01  5.62089473e-02 -1.54195421e-01 -1.33721825e-02
  1.65702347e-01  4.79318285e-02  1.53889144e-02  2.79608025e-02
 -8.45779273e-02  6.31417061e-02  1.96530064e-02  8.85939683e-02
 -7.81443665e-02  3.44661341e-02 -1.26737513e-02  3.04430937e-02
 -8.74254617e-02 -2.70174319e-02  3.27283914e-02  3.92425565e-02
 -8.92485635e-02  1.17367239e-01  7.93989986e-02 -2.64669521e-02
 -2.48289228e-02  1.69392528e-02 -3.43459402e-02  8.93830675e-02
 -1.13305521e-01  9.63979979e-02  2.11809416e-02 -6.70026679e-02
  3.00908051e-02  6.36597780e-03 -4.78639692e-02 -1.59065188e-02
 -6.98298908e-02 -1.50767124e-01 -4.45166979e-03 -3.10907629e-03
  9.63964672e-02  1.27109799e-02  1.25867760e-01  5.14325116e-02
  2.16782171e-02  6.83539509e-02  8.47081313e-03 -9.38069091e-02
 -1.89990645e-02 -1.44342601e-02 -6.53575031e-02  5.73821091e-02
  6.20184997e-02  2.41884587e-01 -2.90387228e-02 -2.96474360e-04
  6.42597181e-03  1.37841560e-01  5.71920039e-02  3.78588672e-02
 -1.12761828e-01  8.08208501e-02 -9.00175307e-02 -1.22089080e-02
 -5.83136871e-02  7.08105362e-02 -6.83603990e-02 -6.91873207e-02
 -1.03704795e-01 -5.82117107e-02 -4.50547523e-03  3.09047776e-03
  1.77541080e-02 -6.73940423e-02 -8.40548816e-02 -6.70390338e-02
 -3.91974448e-02 -4.26687285e-02  1.62060931e-02 -5.65690456e-03
  3.52389731e-02  1.09056989e-02 -1.71523412e-02  4.61182560e-02
  1.08724066e-01 -2.64412657e-02  9.04968072e-02  2.83627611e-02
  1.56564855e-01 -1.20093378e-01 -7.15881080e-02  6.50645701e-02
  7.71609359e-02 -8.50072088e-02  1.59467128e-01 -8.57288787e-02
  7.23018433e-02  3.83371930e-02 -5.80093490e-02 -1.39770285e-01
  2.16027057e-02 -1.49836817e-03  1.40568570e-01 -5.30572031e-03
  2.38406011e-02  8.10328962e-02  3.19378783e-02 -7.99363917e-02
  1.99705931e-02 -1.32672080e-01  4.44038158e-03  5.53000146e-02
  8.29015734e-02 -1.34426711e-01  7.28850078e-02  9.31467915e-02
 -5.32410264e-02  9.80635073e-02  1.97658152e-02 -5.71082541e-02
  1.92664093e-01  9.17194741e-02  6.37511830e-02 -4.10038948e-03]


第7类： ['可以网页版操作或者可以在您的账号', '可以网页版操作或者可以在您的账号', '同一账号可以同时登录电脑和手机吗', '您可以直接网页版操作或者您可以在您的账号', '我这边账号换了电脑登陆不进去', '电脑可以直接网页版操作或者在您的账号', '电脑可以直接网页版操作或者是可以在您的账号', '电脑可以直接网页版操作或者是在您的账号', '电脑您可以在您的账号', '电脑直接网页版操作就可以或者可以在您的账号', '电脑直接网页版操作或者可以在您的账号', '电脑直接网页版操作或者在您的账号', '电脑直接网页版操作或者在您的账号', '电脑直接网页版操作或者在您的账号', '电脑直接网页版操作或者您可以在您的账号', '电脑直接网页版操作或者您可以在您的账号', '电脑直接网页版操作或者是在您的账号', '电脑端可以用网页版操作或者可以在您的账号', '电脑端可以直接网页版操作或者可以在您的账号', '电脑端可以直接网页版操作或者是在您的账号', '电脑端您可以在您的账号', '电脑端您可以在您的账号', '电脑端直接网页版操作就可以的或者在您的账号', '电脑端直接网页版操作就可以的或者您可以在您的账号', '电脑端直接网页版操作或者是您可以在您的账号', '电脑端直接网页版操作或者是账号', '电脑端网页版操作或者可以在您的账号', '电脑网页版操作就可以或者可以在您的账号', '电脑网页版操作或者是可以在您的账号', '直接网页版操作或者在您的账号', '直接网页版操作或者您可以在您的账号', '端直接网页版操作或者是从您的账号', '网页操作或者是您可以在您的账号', '网页版操作就行或者您可以在您的账号', '网页版操作或者可以在您的账号', '网页版操作或者您可以在您的账号', '网页版操作或者您可以在您的账号', '网页版操作或者是您可以在您的账号']
语义向量：[-3.30380685e-03 -8.78724772e-02 -1.43718459e-01 -7.45282367e-02
 -2.30599716e-02  5.59718478e-02 -1.98409953e-01  3.14096832e-01
  5.19217692e-02  2.58406250e-01  2.47355995e-02  1.36338080e-01
 -2.31581684e-02  9.38350879e-02  2.69010212e-01  5.49903120e-02
  2.12616630e-02 -1.23811421e-01  1.67422522e-03  9.38702162e-03
  1.13015512e-01  8.12761224e-02  3.05457368e-02 -2.68665027e-02
 -2.62437849e-01  1.55032172e-01 -4.21131143e-03 -1.64541307e-02
 -1.82761210e-01 -1.72663570e-01 -1.97822480e-02  4.01179688e-02
 -1.81251219e-01  1.46497242e-01  1.09140468e-01  2.51890371e-03
 -8.94838898e-02 -7.80787199e-03 -6.23939372e-02 -2.24099148e-01
 -8.67278668e-04 -3.87197686e-02 -1.45518049e-01  7.86376375e-02
 -1.71841520e-01  1.20823001e-01 -9.78438016e-02 -1.02290403e-01
  5.37988332e-02 -3.96930652e-03  1.03456167e-01  6.41556497e-02
  2.05784437e-01 -1.68266890e-01  8.76268067e-02  1.67335991e-01
 -1.86551553e-02 -1.10604694e-01 -1.62726736e-01  6.39959147e-02
  1.36947744e-01 -1.03042106e-01 -1.00122685e-01 -1.95940658e-01
  6.31982561e-02  3.57806391e-02 -1.00493871e-01 -2.80380982e-01
  1.53069389e-01 -1.28854735e-02 -1.64152610e-02  3.23345131e-01
  1.98772935e-01  1.07054450e-01  7.92121058e-02 -1.16271376e-01
 -5.29523362e-03 -2.33527405e-02 -1.96212983e-01 -1.56422000e-01
 -9.33889808e-02  6.41949522e-02  1.89067551e-02  2.06836710e-01
 -2.62875204e-01  7.78762637e-02 -1.60340334e-01 -8.65614645e-02
  5.83216579e-03  1.01463981e-01  3.17112396e-02  1.05117638e-01
 -8.62386958e-02 -6.68831719e-02  6.40623338e-02  3.10039163e-03
 -1.35323200e-01 -5.47577224e-02 -1.44015572e-01  2.19407063e-03
  1.24234083e-01  1.12775005e-01 -5.96044003e-03  6.04169027e-02
 -9.56402035e-02 -1.96698979e-01  6.77540543e-02  3.50554319e-02
  7.23594254e-02 -7.49454671e-02  1.74185422e-01  3.53102211e-02
  3.73891596e-02  6.73085181e-02 -1.59116906e-01 -6.01704698e-02
 -8.10527407e-02  9.20455754e-02 -9.13801993e-02 -3.80347505e-02
  1.18597667e-03 -9.76436128e-02  8.45460611e-02 -1.31808105e-02
 -5.09858934e-02  2.55021350e-02  1.21041607e-01  1.07078163e-01
  3.14144521e-02  5.34491320e-02 -3.97820072e-02 -3.56523580e-02
  1.09408176e-01 -5.25842397e-02  1.33213349e-01  1.76100075e-01
 -4.93396710e-02 -8.17417332e-02 -2.01736954e-01  1.51465886e-01
 -9.12003752e-02  3.05569013e-02 -1.85583510e-02  7.81771171e-02
  1.47727401e-01 -1.43039069e-01  5.84597283e-02  3.07944541e-02
  7.66593840e-02 -1.74777933e-02 -1.39698224e-01  7.75673576e-02
 -1.95570401e-02  9.45374971e-02  1.09806107e-01  1.04023709e-03
  3.05050233e-02 -1.84525120e-01 -2.74993566e-02  2.07580782e-01
 -2.58196277e-04 -2.62270058e-01  8.64102886e-02  1.36842156e-01
 -1.05334778e-01  6.71996728e-02 -2.26883200e-01 -6.63598343e-02
  6.65592541e-02 -7.36375145e-02  1.66080181e-02 -1.17927944e-01
  5.21506557e-02  2.69882453e-02 -3.95680271e-02  4.82820519e-02
 -7.82877418e-02  1.34229029e-01 -1.34516625e-01  3.94323614e-02
  2.36539943e-01  2.01162641e-02  4.15385161e-03 -5.19274255e-03
 -1.67453137e-01  8.50170647e-02  1.47265929e-01 -1.02926949e-01
 -3.21669844e-02  1.65335466e-01 -3.62435626e-02 -7.78931680e-02
 -1.31404496e-01 -7.94253674e-02 -1.00418294e-01 -1.39021670e-02
  1.27062125e-02  2.15972306e-01  6.14421616e-02 -4.53612924e-02
 -1.40727371e-01 -1.64310843e-01 -2.31899906e-01  3.31486334e-02
 -2.97987639e-01  6.67966457e-02 -5.00019343e-02  1.55084498e-01
 -9.82735943e-03 -2.57560351e-03  4.70905116e-02  4.16919731e-02
 -7.74283435e-02 -8.99127337e-02 -1.88665635e-02 -3.36345792e-02
  1.63946079e-02 -1.28930551e-02 -1.55372492e-01 -5.68735592e-02
  2.87278017e-01  7.33975399e-02 -2.56888728e-02 -1.15913798e-01
  1.78949656e-01  2.93836365e-02 -2.97562907e-02  8.09821443e-02
  1.05281421e-01  3.07941199e-01  9.18393629e-02  3.73048071e-02
  8.80184029e-02  1.01098371e-01  1.15049456e-01  1.01463662e-01
 -1.20166072e-01  8.59961919e-02 -7.76782401e-02  1.41080496e-01
  2.22857301e-02 -1.13617846e-02 -2.50737856e-02 -1.47635588e-01
 -1.87740021e-01 -1.53984584e-02  7.18238720e-02  6.86067322e-05
 -9.38282984e-02 -1.15583108e-02 -6.90711083e-02 -7.79473553e-02
 -6.89362823e-02  6.12441348e-02  2.91283639e-02 -1.53153071e-01
  4.43549304e-02  6.91921630e-02 -3.31413952e-02  7.66041407e-02
  2.48733980e-01 -1.27308963e-01 -6.23590563e-02 -3.14924795e-02
 -2.30984392e-02 -4.60313082e-03 -1.21353698e-01  1.79564093e-01
  2.02579508e-01 -1.15974569e-02  1.72617450e-01  1.25984580e-02
  1.96452081e-01  1.08110166e-01 -2.03994596e-01 -3.64601209e-02
 -4.29207491e-02  1.99100531e-01  1.29596214e-02 -6.34874504e-02
  6.09445813e-02 -5.46154384e-02 -6.15425075e-03  4.16337988e-02
  2.85040002e-02 -1.40345012e-01 -9.90538477e-02 -9.17780492e-02
  2.34831725e-01 -1.28361000e-01 -1.63645429e-01  1.88601138e-01
  1.12705601e-01 -1.24474402e-01 -9.45093504e-03 -6.32337714e-02
  1.84082193e-01  7.10620281e-02  4.10919226e-02 -8.58871839e-02]


第8类： ['测试账号', '测试账号', '测试账号']
语义向量：[ 2.58576781e-01  1.01978689e-01 -5.39579093e-01 -4.08596933e-01
  7.00472370e-02 -1.89427808e-02 -4.12694067e-02  2.62439609e-01
 -2.32210308e-02  7.29794979e-01 -3.29920709e-01  7.07277060e-02
 -8.32321495e-02  1.02643080e-01  2.43682444e-01  6.86337799e-03
  4.52077538e-01 -3.39073479e-01  4.93334681e-01  1.63246349e-01
  1.89211309e-01  2.60510668e-02  1.13741529e+00 -6.34048879e-01
 -1.00302771e-01  1.81616157e-01  1.16794363e-01  1.76100552e-01
 -2.52541959e-01 -8.82632971e-01 -2.43290693e-01 -7.44982064e-02
 -1.11118749e-01  4.62931246e-02 -8.70724618e-02 -1.61182970e-01
 -8.84869695e-01 -3.85484368e-01 -4.37881380e-01 -8.28881264e-02
 -6.05916500e-01 -1.10140607e-01  3.35202873e-01  8.47770452e-01
 -2.57144630e-01 -4.67705369e-01  1.74680695e-01  2.53399968e-01
 -2.39071816e-01 -1.95033029e-01  2.87507236e-01 -7.04470634e-01
  2.40374610e-01 -3.76003742e-01  3.15492660e-01 -1.29221201e-01
 -5.28148711e-01 -2.02087969e-01 -2.73530543e-01 -3.24361682e-01
  9.75620389e-01  6.31769001e-01  1.06260866e-01 -6.89453900e-01
  9.74630639e-02  2.21172303e-01 -8.20009589e-01 -9.22651887e-01
  5.07359803e-02  5.96315414e-03  1.60260648e-01  6.35053635e-01
  6.13005877e-01 -2.74516921e-02  1.70182973e-01  5.98374724e-01
  1.05679788e-01  6.30712092e-01 -3.17534804e-01 -5.70808470e-01
  1.85059622e-01 -6.53005838e-02  2.18352258e-01  5.78782111e-02
 -7.95470417e-01  8.61975729e-01 -8.43345523e-02  1.33102551e-01
 -1.32601723e-01  2.03594059e-01  1.18066166e-02 -3.68876427e-01
 -3.92582804e-01  3.12829167e-02  4.67658192e-02  5.14391541e-01
 -5.80519736e-02  2.96585470e-01  3.76957506e-02  2.19221979e-01
  2.25103959e-01  3.40866596e-02  4.29408461e-01 -2.83797860e-01
 -3.17791373e-01 -8.87319028e-01  4.90613401e-01  5.04227161e-01
 -3.16333994e-02  4.61478949e-01 -6.42122924e-02 -2.63330229e-02
 -3.69200140e-01 -9.90781188e-02 -1.00640088e-01 -4.54494596e-01
 -4.20591980e-02  4.92703140e-01 -3.46427232e-01 -5.36939144e-01
 -1.26746565e-01 -7.17837930e-01  6.62055552e-01 -2.41602838e-01
 -4.90966767e-01  4.93479341e-01 -5.69575131e-02 -1.00413129e-01
  6.41466081e-02 -2.01178193e-01 -4.98976409e-01 -1.96121465e-02
  2.23855749e-01  2.71649927e-01  3.73881042e-01  1.20871775e-01
 -1.39713019e-01 -1.18031323e-01  1.38974965e-01 -1.91936731e-01
 -7.79093564e-01  4.32125986e-01 -2.41613388e-01 -1.03733867e-01
  4.96940911e-01 -7.00125337e-01 -5.96169055e-01  6.10983133e-01
 -2.05330729e-01 -4.35124308e-01 -6.64813280e-01 -4.34054732e-01
  4.75266039e-01  7.97882020e-01  3.82420868e-01 -9.41333771e-02
  1.28963366e-01 -1.61146212e+00  2.57422447e-01  7.58042991e-01
  2.87810832e-01 -3.78876567e-01 -1.89548373e-01  3.59382123e-01
 -2.75943428e-01 -4.04475331e-01 -1.15953237e-02 -6.82702243e-01
 -2.91391134e-01 -4.91644621e-01  1.29999101e-01 -1.44603968e-01
 -1.33334771e-01 -3.69979411e-01  5.14060736e-01  1.00299215e+00
 -1.12615395e+00  2.70136207e-01 -5.30440211e-01  4.68352914e-01
  8.83760095e-01  7.74040818e-04  5.50927758e-01  1.37489811e-02
 -5.80023885e-01 -4.70580459e-02  2.18969718e-01  3.14157397e-01
  2.05742568e-02  2.83512175e-02 -3.61371249e-01 -1.03793591e-01
 -2.73065925e-01 -6.89913630e-01  1.59093365e-01  2.33008757e-01
 -8.21042240e-01  1.09910762e+00  2.21543744e-01  5.91121465e-02
 -5.44199422e-02 -1.05175138e-01 -1.50521860e-01  5.85332036e-01
 -3.00229460e-01  2.86643267e-01 -4.43878680e-01  1.92284912e-01
  3.03888321e-01  2.61523407e-02  2.45768681e-01 -6.41529441e-01
 -5.95618069e-01 -6.29150212e-01 -3.26035529e-01  1.28407627e-01
  6.18651748e-01  2.65563548e-01  7.46305108e-01  3.35778415e-01
  4.63337034e-01  3.50508481e-01 -1.36456504e-01 -2.74907291e-01
 -3.14530402e-01  2.59855419e-01  1.10411897e-01  2.79542476e-01
  8.74500498e-02  9.09890175e-01 -8.79215598e-02 -1.35901421e-01
  4.29438770e-01  2.56549507e-01  1.91501215e-01  1.44156143e-02
 -2.87645578e-01 -2.02375352e-01 -5.07242978e-01 -1.71100110e-01
 -8.34283307e-02  8.58278930e-01 -7.67546833e-01 -2.89735436e-01
 -8.32266510e-01  3.52958798e-01 -5.01356982e-02 -7.41682872e-02
  1.76263034e-01 -2.26965368e-01 -5.15505672e-01 -5.14989316e-01
 -1.83674544e-01 -3.63469124e-01 -1.06046088e-02 -4.22483027e-01
  8.02417547e-02  3.93391609e-01 -2.73746848e-01  7.20128953e-01
  5.69137931e-03 -8.95919949e-02  5.80137849e-01 -2.21373439e-02
  7.03240216e-01 -8.53277445e-01 -6.47160590e-01 -8.40876251e-02
  3.14646780e-01 -6.04724169e-01  3.65731120e-01 -3.76874089e-01
  8.61366987e-01  7.60739148e-01  1.70035094e-01 -5.94243169e-01
  2.27779180e-01  4.69927609e-01  7.83269763e-01 -9.14350003e-02
 -1.66982457e-01  2.77575880e-01 -9.73099023e-02 -5.91949105e-01
 -2.87476070e-02 -6.92045093e-01  5.78478396e-01  3.59198898e-01
  3.41209471e-01 -8.16946208e-01  4.49578971e-01  3.42707932e-02
 -1.27653539e-01  5.43306828e-01 -6.39276356e-02 -4.64525521e-01
  1.13112652e+00  2.71311074e-01  5.62206984e-01 -1.42659828e-01]


第9类： ['可以用账号登录', '在网页登陆账号', '我用账号登录那个', '我账号登录了', '登录账号是什么', '登录账号然后呢', '科天云登录账号', '账号无法登陆', '需要登录科天云账号', '需要登录账号']
语义向量：[-1.79192640e-01 -1.71583988e-01 -2.63460143e-01 -2.10210072e-01
 -7.15928465e-02  4.02140075e-02 -2.12094577e-01  5.73923123e-01
 -7.89151624e-02  4.99691707e-01  7.11052090e-02  3.43707934e-01
 -1.23122732e-01  1.73380527e-01  4.64128235e-01  2.03342572e-01
  2.06647675e-01 -1.60428293e-01  2.86869340e-01  1.19569195e-02
  1.92541033e-01  6.41171426e-02  2.44746354e-01 -1.34315030e-01
 -2.26813167e-01  1.94611885e-01 -1.27648053e-01 -2.29736049e-02
 -4.73893005e-01 -4.23475078e-01 -7.55535118e-02  2.69712791e-01
 -2.25557810e-01  3.66144189e-01  1.78935768e-01 -4.52598538e-02
 -2.36952630e-01  7.88342029e-02 -2.51334661e-01 -2.11676121e-01
 -1.39453550e-01 -6.34860650e-02 -1.58847867e-01  2.34002452e-01
 -1.52133821e-01  2.36734746e-02  2.75131784e-02 -1.75941477e-02
 -1.77903217e-01 -7.60624088e-02  3.08300734e-01 -1.22183783e-01
  2.20082416e-01 -3.52896595e-01  1.58860590e-01  2.58367020e-01
 -1.73767723e-01 -3.49962834e-01 -2.89140564e-01 -1.40951268e-02
  3.71571967e-01 -5.38915806e-02 -7.46235296e-02 -4.35248464e-01
  1.47466870e-01  1.88487081e-01 -3.37636513e-01 -4.06463140e-01
  1.92744040e-01 -2.75898024e-02 -6.99281373e-03  7.00170040e-01
  2.76296571e-01  1.27552053e-01  2.48926786e-01  1.80299202e-01
  1.59960639e-01 -7.00439848e-03 -3.43101889e-01 -2.11216714e-01
  6.14773359e-02 -2.81094317e-02  3.27184744e-02  3.05777301e-01
 -6.18411672e-01  2.59782320e-01 -2.70471251e-01 -1.67451151e-02
 -8.39652400e-03 -2.22343646e-02 -9.34031799e-02 -5.95521376e-02
 -2.53783473e-01 -1.52264302e-02  9.47444960e-02 -2.61438629e-02
 -2.37219322e-01 -1.88869946e-02 -2.80973005e-01  2.13479649e-01
  1.32702378e-01  8.52062825e-02 -1.02318527e-02  1.52129257e-02
 -2.13277229e-01 -4.98177639e-01  1.25171351e-01  1.50160534e-01
  1.06009240e-01  4.95768273e-03  2.06734820e-01  5.85163198e-02
 -7.62552522e-02  6.14896953e-02 -4.33281055e-01 -2.39950351e-01
 -6.47456877e-02  2.45439151e-01 -1.02273375e-04 -2.04312165e-01
 -1.04175133e-01 -3.12570152e-01  5.33808762e-01 -1.13509768e-02
 -3.04062445e-01  2.05426011e-01  2.69087808e-01 -7.40822040e-02
  4.89731228e-02 -1.78270638e-03 -6.72776021e-02 -3.49957279e-02
  1.43892546e-01  3.66013635e-02  3.20183435e-01  1.85095954e-01
  4.70749818e-02  5.05701381e-02 -1.74650034e-01 -2.91212581e-02
 -2.45934224e-01  1.54116329e-01 -5.97554505e-02  4.02976163e-02
  2.40140891e-01 -3.40303057e-01  2.19750394e-01  7.74043936e-02
  4.10915464e-02 -1.41529621e-01 -4.47478902e-01 -1.00491612e-01
  1.94749918e-02  2.76216289e-01  1.20715450e-01 -2.86081426e-02
  9.24999863e-02 -5.21659869e-01 -4.00617346e-03  4.00496134e-01
  1.73249888e-01 -4.48516366e-01  6.00912001e-02  2.60792774e-01
 -2.24494258e-01 -1.33239282e-01 -3.34224847e-01 -1.72079362e-02
 -6.83350671e-02 -1.48479363e-01  1.70686768e-01 -5.11600748e-02
  7.05757834e-02 -1.85477438e-01  2.20024781e-01  2.82546705e-01
 -2.63457321e-01  1.08488339e-01 -4.07152662e-01  1.10231113e-01
  4.50007457e-01  1.27830601e-01 -3.90987951e-02  1.57648529e-01
 -3.20712456e-01  9.41360138e-02  1.48140983e-01  9.49656464e-02
 -1.23606129e-01  1.92221775e-01 -8.88283968e-02 -5.23426577e-02
 -3.00872070e-01 -7.85976231e-02  3.01950532e-02  8.33427057e-02
 -2.14291445e-01  3.45952037e-01  1.36197550e-01 -4.35815480e-02
 -1.53572997e-01 -1.15938290e-01 -2.23646487e-01  1.32751899e-01
 -3.40705833e-01  2.51658542e-01 -3.87046099e-02  2.19006871e-02
 -3.58649427e-02 -4.06950766e-02 -3.08744445e-02  2.26026492e-02
 -1.41641343e-01 -1.26182446e-01 -6.27268821e-02 -4.40493815e-02
  1.71661608e-01  1.03409246e-01  1.49854301e-01 -2.38157568e-02
  3.86121616e-01  2.58719352e-01 -4.15951647e-02 -1.67262618e-01
  7.66700536e-02 -4.81347460e-02 -1.87285294e-01  2.26016080e-01
  2.29284616e-01  6.83523417e-01  1.00066952e-01 -6.85576536e-02
  1.26676328e-01  2.15553111e-01  1.50333528e-01  1.44665091e-01
 -2.13409881e-01  1.73875661e-01 -2.89184944e-01 -7.14364650e-02
 -8.40700254e-02  2.39932682e-01 -1.60991739e-01 -1.02617350e-01
 -3.84362075e-01 -1.45246955e-02  9.99791209e-02  7.50552937e-03
 -1.14536617e-01 -1.31034774e-01 -3.08245882e-01 -1.92424807e-01
 -8.90078850e-02 -3.41132708e-02  8.72954041e-02 -1.81323212e-01
  1.32455084e-01  1.51478691e-01 -1.59576161e-01  1.83251950e-01
  2.76139751e-01 -1.69027409e-01  6.38200775e-02  1.14470778e-01
  2.27827884e-01 -1.88376564e-01 -1.99865539e-01  3.25139409e-01
  3.86586952e-01 -1.22847287e-01  3.62119690e-01 -1.28736761e-01
  3.40741524e-01  1.88690604e-01 -2.05383603e-01 -2.74703565e-01
 -3.71872460e-02  2.98180169e-01  2.60618219e-01  2.26421367e-02
  1.82616313e-01  1.07808727e-01 -5.53528167e-02 -6.44085377e-02
  3.78600560e-02 -3.16784772e-01 -1.05521042e-01  1.02785215e-01
  3.40122545e-01 -4.37175399e-01  3.96960162e-02  9.60912690e-02
 -4.38962407e-02  1.05005132e-01 -1.67599445e-02 -1.65903814e-01
  4.20491061e-01  3.49883461e-01  1.64321011e-01 -1.90719666e-01]


第10类： ['个账号报价度搜', '之前有领取过测试账号', '你们的账号是可以免费测试', '你好给我个测试账号', '免费测试账号最多多少方', '可以帮我开一个测试账号吗', '可以给我一个账号测试看看啊', '思科给我们的测试账号', '我如何可以拿到测试账号', '我现在测试账号可以几方的', '有测试账号可以用吗', '测试的账号通过的邮件还没收到喔', '测试账号刚是了下功能', '测试账号可以用一个月是吗', '测试账号都可以使用哪些功能', '现在我是以个人账号就行测试', '结果测试账号还在排队开通中', '能不能请您帮我建立一个测试账号', '能现在提供一个测试账号', '能给我一个申请测试账号的链接吗', '这是测试的账号是吗', '那你能不能帮我多申请几个测试账号', '那你这边先帮我申请个测试账号', '那测试账号可以用多久了', '那给我开测试账号可以吗']
语义向量：[ 0.06056931  0.02894875 -0.14981864 -0.11693784  0.01516323 -0.00328965
 -0.0242167   0.0885453  -0.018125    0.20327466 -0.0869998   0.03785619
 -0.04121194  0.03375277  0.08550031  0.01149207  0.13245201 -0.10613312
  0.1399198   0.03472763  0.0567218   0.0209684   0.3182579  -0.17445054
 -0.03393776  0.07219702  0.01849474  0.02150309 -0.07047167 -0.2495843
 -0.10397638  0.00061046 -0.04901287  0.01056499 -0.02318317 -0.05037043
 -0.2548536  -0.10828208 -0.11497299 -0.04830371 -0.18049001 -0.03719833
  0.08875805  0.26308475 -0.08727992 -0.12778618  0.04451149  0.06836952
 -0.0812388  -0.06027731  0.08316492 -0.17796024  0.06634418 -0.11722275
  0.07863721 -0.00847947 -0.1351716  -0.07399475 -0.08415044 -0.1054494
  0.28764331  0.19412149  0.02467347 -0.21890755  0.0240275   0.05618506
 -0.23984832 -0.28506031  0.00842613 -0.026371    0.03865943  0.20908571
  0.17810387 -0.01739616  0.06687588  0.16642475  0.03476703  0.1971555
 -0.0902039  -0.16362028  0.04304922 -0.00328444  0.06603855  0.01014857
 -0.24622241  0.25796699 -0.02346741  0.04680844 -0.04667847  0.04939627
 -0.00374886 -0.12107758 -0.12042528  0.00258165  0.02148179  0.1326351
 -0.01480622  0.08541662 -0.00808191  0.06693792  0.06724325  0.00978908
  0.10942565 -0.06892647 -0.09088599 -0.26147971  0.13701761  0.16400571
  0.00791452  0.13749038 -0.02408944 -0.02869294 -0.11311729 -0.01502451
 -0.04048511 -0.13967594 -0.0188636   0.15197397 -0.09751578 -0.15247269
 -0.04576055 -0.21578093  0.20694155 -0.08710824 -0.14883706  0.14754355
 -0.00935349 -0.02970555  0.01881832 -0.03591915 -0.12802549 -0.00900293
  0.080773    0.09076942  0.12761802  0.04337809 -0.03513408 -0.05104857
  0.03047531 -0.06785994 -0.22485116  0.12318581 -0.06711358 -0.0345629
  0.15832713 -0.21878327 -0.15808961  0.1802177  -0.0333247  -0.1243267
 -0.20804612 -0.13115415  0.12605149  0.22294356  0.10110148 -0.01238006
  0.03515948 -0.46829227  0.0808835   0.23528413  0.12760531 -0.10714314
 -0.04413723  0.14909252 -0.08646796 -0.11074511 -0.03248582 -0.18189813
 -0.09220556 -0.15285053  0.03779937 -0.04288866 -0.0358746  -0.09528987
  0.16421338  0.27887733 -0.32578151  0.08557388 -0.1584443   0.12781396
  0.27357318  0.02087916  0.15551773  0.01491113 -0.16654861  0.00466659
  0.05043795  0.07775622 -0.01439013  0.00878877 -0.11102494 -0.02506186
 -0.07735346 -0.1822513   0.04074227  0.058818   -0.24458229  0.30183259
  0.05302747  0.01331123 -0.02922843 -0.0336004  -0.03587318  0.16520498
 -0.09438773  0.08533148 -0.13185431  0.0436887   0.09315631  0.01659815
  0.08030474 -0.16567297 -0.16971388 -0.18345915 -0.0735484   0.02693462
  0.18068634  0.06046201  0.217937    0.10460642  0.14167581  0.11581052
 -0.02594204 -0.07637996 -0.10062703  0.08427078  0.02584808  0.07731951
  0.03734256  0.26512898 -0.03336038 -0.04434588  0.11120707  0.08106752
  0.05993273  0.00151304 -0.1012054  -0.06231726 -0.15982667 -0.03094845
 -0.01932376  0.23830372 -0.2169604  -0.08195464 -0.22458216  0.09215413
 -0.00503757 -0.01381299  0.06678746 -0.0701771  -0.16122535 -0.16278709
 -0.07179895 -0.11721624 -0.01157062 -0.10834093  0.01989151  0.10723071
 -0.08647769  0.20844176  0.01188301 -0.02811417  0.17076281 -0.0124555
  0.20017981 -0.25160193 -0.19081346 -0.01784828  0.10988106 -0.1702987
  0.10974395 -0.11761372  0.23185531  0.20320964  0.04168711 -0.17342006
  0.08129891  0.1230921   0.24742695 -0.01813112 -0.04338452  0.07283471
 -0.03335901 -0.16144471 -0.01416912 -0.21913522  0.15447737  0.09892397
  0.09487036 -0.23022475  0.12852115  0.01688567 -0.05368461  0.15594246
  0.00355086 -0.14074692  0.32593774  0.07914509  0.16098412 -0.04503388]


第11类： ['一个账号', '一个账号', '一个账号', '不是账号问题', '不用账号', '个主账号', '使用账号', '使用账号', '几个账号', '同一个账号', '没有账号', '没有账号', '终端登录账号', '账号数目', '这个账号']
语义向量：[-0.12649568 -0.15970244 -0.20402256 -0.19341488 -0.08388846 -0.05849668
 -0.21479727  0.61493893 -0.23847518  0.39698898 -0.12741156  0.36377375
 -0.27276971  0.12714901  0.46018298  0.04820269  0.10650892 -0.2755418
  0.08750484  0.15267406  0.45790146  0.16079529  0.36552659 -0.41219903
 -0.26686137  0.19723035 -0.00921857 -0.05115415 -0.41009211 -0.36154916
 -0.22252019  0.26232246 -0.15790958  0.23118992  0.02704178 -0.02081262
 -0.36735844  0.26423007 -0.36475009 -0.33171902 -0.16439308  0.01304243
 -0.06025346  0.30169156 -0.1129368  -0.04470803  0.26994621 -0.08931643
 -0.20947514 -0.22561574  0.15799369 -0.18981665  0.0469553  -0.15403817
  0.03843684  0.17814089 -0.12896905 -0.22762443 -0.2545073  -0.20557104
  0.32597494  0.10888568  0.05937326 -0.49670555  0.09409218  0.32978212
 -0.35141365 -0.29921986  0.23693969 -0.10109707  0.01282956  0.41467201
  0.30102347 -0.03468231  0.36012757  0.20080394  0.20310838  0.06291021
 -0.31435999 -0.04231893 -0.13204041  0.05200783  0.06393795  0.01051519
 -0.50640487  0.24496871 -0.12705062  0.01931027 -0.0467871  -0.16684218
 -0.02437832 -0.19983857 -0.18185521 -0.14667969  0.07379753  0.00328229
 -0.16228034 -0.03126004 -0.19125835  0.26125308  0.09953875 -0.02494272
 -0.08044934 -0.14092398 -0.14807737 -0.51709332  0.25138397  0.22217262
 -0.00279538  0.05610237  0.152797   -0.0782802  -0.17431285  0.07337461
 -0.41626567 -0.48940342 -0.15575777  0.37857883 -0.02613213 -0.22049679
 -0.3134927  -0.31679639  0.52441614 -0.11603946 -0.43361724  0.39629577
  0.17945563 -0.17541082  0.09319812 -0.04455047 -0.08618073 -0.06408076
  0.25242554  0.0474345   0.19638554  0.10424181  0.22004493 -0.06441326
 -0.0834097  -0.0440505  -0.22854247  0.25058409 -0.10974472 -0.04048881
  0.16679499 -0.38868969  0.12273057  0.30905575  0.11454428 -0.13224647
 -0.4763399  -0.28495701  0.23433355  0.19536364  0.07951442 -0.10574798
  0.1619116  -0.72030798 -0.1303536   0.52453739  0.3057619  -0.39611549
 -0.02614736  0.3934281  -0.31966128 -0.1160221  -0.19730668 -0.11869878
 -0.17070786 -0.23551285  0.13197738 -0.08064391  0.22428188 -0.06561581
  0.10291091  0.25738794 -0.37726409  0.17002066 -0.47347814 -0.03356892
  0.51470554  0.16138374  0.04797545  0.09341749 -0.26929616  0.20173043
  0.04475911  0.26350499 -0.24402673  0.11640173 -0.03649362  0.09715911
 -0.27748723 -0.08529822  0.09096746  0.10026395 -0.28139833  0.37356622
  0.24208137 -0.07727433 -0.09726377  0.06507299 -0.12154278  0.27647046
 -0.36337589  0.29302462  0.07218394 -0.22040032  0.08542822  0.01416172
 -0.14491402 -0.04679657 -0.22263556 -0.47796491 -0.00377385 -0.02175317
  0.31180427  0.05774101  0.38202333  0.14559924  0.07640217  0.21490171
  0.03380854 -0.29524086 -0.05886553 -0.05242095 -0.20653517  0.1795928
  0.20431849  0.7411832  -0.09197491 -0.00257202  0.02890092  0.41831999
  0.18576946  0.13705856 -0.36358765  0.24313774 -0.27063611 -0.03669461
 -0.16238652  0.20105428 -0.21624414 -0.2157422  -0.31586194 -0.20349628
 -0.00607588  0.0276349   0.06252091 -0.2156627  -0.24942048 -0.20161468
 -0.13507509 -0.11622894  0.05102539 -0.01657833  0.11746752  0.02827649
 -0.07289946  0.13995444  0.3276036  -0.06759279  0.28853108  0.07560379
  0.47356357 -0.35602797 -0.21650868  0.21965171  0.25734581 -0.2611155
  0.48242495 -0.26184755  0.22147336  0.1034031  -0.19631377 -0.40803613
  0.06467195  0.00981553  0.42898293 -0.0320326   0.07336844  0.23009618
  0.09321596 -0.23046419  0.06268377 -0.42074393  0.01040019  0.14905924
  0.25036225 -0.41113424  0.21024192  0.27731325 -0.17384923  0.28560252
  0.06070649 -0.17203984  0.61726525  0.27586829  0.18523294 -0.01926414]


第12类： ['忘记密码需要输入邮箱账号', '账号发到邮箱里了吗', '账号是那个邮箱吗', '邮箱和账号', '邮箱账号填写错误了']
语义向量：[-2.90989575e-01 -3.82754451e-02 -1.74151714e-01 -1.31215850e-01
 -2.33298939e-01 -5.51421342e-02 -3.49773604e-01  4.81591302e-01
 -2.32756111e-01  4.52807963e-01 -8.34903661e-02  2.18372443e-01
 -2.13574946e-01 -1.00380065e-01  3.39185527e-01  5.60675576e-02
  6.62318051e-02 -1.20808006e-01  1.32836497e-01  1.66702265e-01
  4.61513078e-01  1.87111261e-01  3.17180142e-01 -2.85565728e-01
 -1.72620128e-01  1.15522490e-01 -7.16928780e-02 -2.13286033e-01
 -4.15666562e-01 -1.44790778e-01 -2.24219117e-01  2.33070424e-01
 -1.17084812e-01  5.79038490e-02  1.74143384e-01 -5.67146003e-02
  1.39625439e-02  3.84230685e-01 -2.46487775e-01 -3.04005143e-01
  5.23782857e-02 -2.22595209e-01 -1.21795562e-01  2.18266451e-01
 -1.17448337e-01 -2.24467573e-01  2.90889189e-01  3.65929212e-05
 -2.67647937e-01 -4.49461633e-01  4.95351225e-01 -2.08919534e-01
 -2.96776092e-01 -3.84990257e-01  2.52996090e-01  2.96227130e-01
  1.65197219e-01 -4.26991969e-01 -3.55359620e-01 -3.07893568e-01
  3.16736752e-01 -1.03499682e-01 -1.08704308e-01 -3.73515666e-01
  5.76055765e-02  1.26134011e-01 -3.20952597e-01 -1.49519958e-01
  2.05595604e-01 -1.01814801e-01  3.79737776e-02  4.27596653e-01
  1.63074714e-01 -1.23322460e-01  3.17457443e-01  1.81551147e-01
  2.20572013e-01  5.64430967e-02 -1.19769356e-01  4.33719378e-02
  1.11500102e-01 -8.57539654e-02 -9.71825877e-03 -9.94963691e-02
 -4.04114777e-01  3.24792922e-01 -1.24958594e-01  3.55233209e-02
 -5.11484250e-02 -1.70205344e-01 -1.50277583e-01  3.02258749e-03
 -1.14385550e-01 -3.62129517e-02  2.03638673e-01  1.18412925e-01
 -1.49037819e-01  1.38153602e-01 -1.86328834e-01 -1.09349936e-01
  2.14442599e-01 -4.45464626e-04 -6.64368026e-02 -2.03901458e-01
 -1.36084057e-01 -2.44095239e-01  2.19055566e-01  1.73944342e-01
  9.36760537e-02  7.39574358e-02  1.85080163e-01 -8.11604522e-02
 -6.97912190e-02  2.05442378e-01 -3.24234110e-01 -3.70910543e-01
 -2.74731779e-01  1.67056979e-01  1.49196379e-01 -7.99376532e-02
 -3.04830763e-01  4.72289063e-02  7.02436888e-01 -6.82744647e-02
 -4.01508373e-01  2.52400568e-01  2.73314875e-01 -1.97139427e-01
  5.41766103e-02 -1.14321345e-01  7.29910240e-02  3.90579455e-02
  5.15679019e-02  6.24730542e-02  1.19102870e-01 -2.00853097e-01
  2.64877766e-01  1.59567194e-01 -1.89850450e-01  6.55711971e-02
 -1.93486121e-01  1.11693165e-01 -5.96248362e-02  7.27095537e-02
  1.14554159e-01 -2.43350667e-01  1.44548203e-01  1.40124120e-01
  1.46446405e-01 -1.38871886e-01 -1.08869143e-01 -5.04469573e-01
  1.35778664e-01  3.97411041e-02  1.26690246e-01  8.25793542e-02
  3.39933282e-01 -5.35187668e-01 -2.34089699e-01  3.06131718e-01
  4.31638551e-01 -3.56402749e-01  9.60325345e-02  3.73692876e-01
 -9.83149402e-02 -4.19854980e-02 -1.94494288e-01  7.62809474e-02
 -2.31998426e-01 -2.19730385e-02  2.20165804e-01 -1.84747954e-01
  2.18118891e-01 -1.87964348e-02  2.70803937e-01  2.76106456e-01
 -2.84751648e-01 -2.34759054e-02 -4.57142282e-01 -8.59876707e-02
  4.90934026e-01  1.72282647e-01 -4.73115141e-02  2.32770780e-01
 -1.61250851e-01  1.65380628e-01  1.35326533e-01  7.60863786e-02
 -3.26975033e-02  2.05218512e-01 -1.19673239e-01 -1.20367594e-01
 -1.02907506e-01 -1.81385964e-01  2.58320758e-01  2.24544892e-01
 -3.65348685e-01  2.35964384e-02 -9.00620759e-02 -2.60361373e-02
 -2.30914485e-01 -7.75129020e-02 -3.70858997e-02  1.25078440e-01
 -4.64839029e-01  2.60127798e-01  3.37760488e-02 -8.36897964e-02
  6.80750102e-02  9.27132027e-02  1.51369463e-01 -6.58968747e-02
 -3.22122318e-01 -2.20168764e-01 -1.70133489e-01  1.44260001e-01
  3.27229825e-02 -3.28181392e-01  5.19134963e-01  4.78006743e-02
  2.03998531e-01  2.89680365e-01 -1.45749494e-01 -9.17734548e-02
  6.48411512e-03  1.34814548e-01  1.95839253e-01  1.99712384e-02
  1.57249059e-01  5.28302503e-01 -1.29603454e-01  2.10753039e-02
 -1.43174104e-01  2.03281027e-01  3.64312012e-02  2.79730812e-01
 -1.03281964e-01  7.41274111e-02 -2.86029115e-01  2.85587312e-02
 -1.08251897e-01  5.58444190e-02 -1.50674474e-02 -2.51930347e-01
 -2.93428376e-01 -1.04951697e-01 -1.52868129e-01  1.92236331e-01
 -7.65724061e-03 -2.29769108e-01 -1.91259348e-01 -1.41725849e-01
 -5.61043009e-02 -1.82999679e-01 -4.72512141e-02 -7.59454399e-02
  2.99065161e-02 -3.62116305e-02 -7.73497384e-02  1.21933103e-01
  2.49321809e-01 -2.03889039e-01 -7.22882334e-02  1.94403818e-01
  2.72476122e-01 -8.94923918e-03 -1.46859542e-01  1.05383131e-01
  1.62143891e-01 -1.62959419e-02  4.01064032e-01 -2.61861390e-01
  4.80770208e-02  1.25206690e-01 -1.17588384e-01 -4.01241380e-01
  8.89877822e-02  7.40789644e-02  4.21886218e-01  5.52521896e-02
  5.15470870e-02  1.33016403e-01  1.90236594e-01 -1.99406204e-01
  1.81992325e-02 -2.70715016e-01 -6.53225154e-02  1.38580471e-01
  2.72266021e-01 -7.53584766e-01  2.95632321e-01  3.07232642e-01
  1.44828085e-02  3.30294919e-01  1.27811970e-01 -2.81255385e-01
  2.63713482e-01  2.68910328e-01  9.81609412e-03 -3.13911932e-02]


第13类： ['登录账号']
语义向量：[-3.52640301e-01 -3.09258938e-01 -4.87345517e-01 -4.10016358e-01
 -1.65838808e-01  7.35795349e-02 -3.66565466e-01  1.02904129e+00
 -1.53722018e-01  9.10373390e-01  1.22575596e-01  6.27122641e-01
 -2.13167459e-01  3.24736178e-01  8.27707410e-01  3.78979266e-01
  4.34834778e-01 -3.03067058e-01  5.92506409e-01 -9.53286886e-03
  3.33911449e-01  1.01112500e-01  4.76679623e-01 -2.63464987e-01
 -3.56004238e-01  3.31986547e-01 -2.45046347e-01 -3.10089849e-02
 -8.96160781e-01 -7.80242562e-01 -1.43819615e-01  5.16605973e-01
 -3.68150026e-01  6.98165059e-01  3.37454110e-01 -7.99393207e-02
 -4.46706980e-01  1.43848240e-01 -4.42370713e-01 -3.59678984e-01
 -2.63116747e-01 -1.13828048e-01 -2.54084945e-01  4.49256718e-01
 -2.49814451e-01  2.87845843e-02  6.38166368e-02  1.75052509e-02
 -3.41518402e-01 -1.32479414e-01  5.85804462e-01 -2.66270012e-01
  4.17013437e-01 -6.85685754e-01  2.95898318e-01  4.51354831e-01
 -3.45808357e-01 -6.66935682e-01 -5.19338310e-01 -1.50408894e-02
  6.89789474e-01 -9.97275636e-02 -1.39581323e-01 -7.77942777e-01
  2.67809600e-01  3.21156442e-01 -6.52194738e-01 -7.36466944e-01
  3.40981364e-01 -4.54618037e-02  8.51628080e-04  1.27705276e+00
  4.79412436e-01  2.24087536e-01  4.21136379e-01  3.69158030e-01
  3.22665155e-01  6.58258796e-06 -6.06121302e-01 -4.12106514e-01
  1.47251859e-01 -9.32975858e-02  6.20471723e-02  5.63141346e-01
 -1.13871694e+00  4.97751713e-01 -4.87137228e-01 -4.68634926e-02
  2.11567059e-03 -4.95650023e-02 -1.61879286e-01 -1.53722972e-01
 -4.89999115e-01 -5.01140952e-03  1.56291306e-01 -4.11006436e-02
 -4.14735615e-01 -5.03497310e-02 -5.17831147e-01  4.18255627e-01
  2.48910487e-01  1.48351207e-01 -1.79018155e-02  2.68820226e-02
 -4.22700822e-01 -9.42277670e-01  2.18991593e-01  2.88642138e-01
  1.94872454e-01  4.08393294e-02  3.33196104e-01  1.49765685e-01
 -1.56505853e-01  6.50013462e-02 -7.93768525e-01 -4.28564638e-01
 -9.99111012e-02  4.62175727e-01  3.98127213e-02 -3.87452096e-01
 -2.03536138e-01 -5.78319550e-01  1.01408839e+00 -2.22988203e-02
 -5.63206375e-01  4.00550067e-01  4.94212359e-01 -1.64830804e-01
  1.11108318e-01 -2.73371674e-02 -1.53615236e-01 -7.33114332e-02
  2.27055609e-01  9.14428830e-02  6.03784561e-01  3.39226425e-01
  1.17804557e-01  1.31770864e-01 -3.01715165e-01 -8.24126899e-02
 -4.50123250e-01  3.07481438e-01 -1.14201948e-01  4.17828411e-02
  4.31546032e-01 -6.53252006e-01  4.08653080e-01  1.79958165e-01
  5.90688102e-02 -2.74238229e-01 -8.31294179e-01 -2.21975714e-01
  2.85159200e-02  5.42907238e-01  2.10880220e-01 -5.92761375e-02
  1.98761612e-01 -9.51967597e-01  4.82669771e-02  7.47669578e-01
  3.21038932e-01 -8.11976433e-01  1.11209385e-01  4.46680874e-01
 -4.02625740e-01 -3.11688781e-01 -5.76762080e-01 -2.22355127e-04
 -1.64534196e-01 -2.52060145e-01  3.36270034e-01 -7.80866593e-02
  1.11109570e-01 -4.01692152e-01  4.38441753e-01  5.64897656e-01
 -5.12006283e-01  1.65694773e-01 -7.50323415e-01  2.32722908e-01
  7.83887267e-01  2.34558791e-01 -8.71368349e-02  3.15938801e-01
 -5.84554672e-01  1.08885892e-01  2.48968333e-01  2.08026320e-01
 -2.42837712e-01  3.50126028e-01 -1.62165701e-01 -7.70422965e-02
 -5.56939483e-01 -1.50558829e-01  7.36042634e-02  1.54020831e-01
 -4.10577536e-01  6.29229069e-01  2.54265815e-01 -5.89930043e-02
 -2.64601618e-01 -2.07877442e-01 -3.92916203e-01  2.40087852e-01
 -5.75905979e-01  4.83415216e-01 -7.03690723e-02  1.25898272e-02
 -7.63708130e-02 -8.85924697e-02 -6.62607029e-02  3.36357281e-02
 -2.72787988e-01 -2.19827712e-01 -1.06695727e-01 -5.64255565e-02
  3.21046472e-01  1.97180703e-01  3.47464561e-01 -4.46224213e-02
  7.07155704e-01  4.70309347e-01 -1.17043450e-01 -2.65987515e-01
  1.03093423e-01 -8.02085176e-02 -3.58860284e-01  4.11171854e-01
  4.27415103e-01  1.27531838e+00  1.90945983e-01 -1.61818162e-01
  2.27214769e-01  3.46209615e-01  2.47420043e-01  2.81637341e-01
 -3.80113512e-01  3.11345786e-01 -5.45638442e-01 -2.00456351e-01
 -1.65274397e-01  4.96138513e-01 -3.03574950e-01 -1.61637366e-01
 -7.23222971e-01  9.33647156e-04  1.84091449e-01  1.35305431e-02
 -2.27746412e-01 -2.78205812e-01 -5.89736342e-01 -3.50746185e-01
 -1.54633820e-01 -8.64682347e-02  1.42992452e-01 -3.29598814e-01
  2.43477434e-01  2.88935900e-01 -3.20610285e-01  3.66169095e-01
  4.44706917e-01 -3.02877784e-01  1.16585284e-01  2.43274808e-01
  4.38728750e-01 -3.56007695e-01 -3.57743263e-01  6.05108500e-01
  7.12157547e-01 -2.22058788e-01  6.65810466e-01 -2.31178194e-01
  6.42278552e-01  3.79287124e-01 -3.52901191e-01 -5.25846839e-01
 -6.80758059e-02  5.68161190e-01  4.79974598e-01  5.82738221e-02
  3.25373262e-01  2.05760211e-01 -1.15746602e-01 -1.19208887e-01
  4.89986166e-02 -5.69297493e-01 -1.87046915e-01  2.16495544e-01
  5.88790894e-01 -8.24967265e-01  9.97003317e-02  1.10841751e-01
 -9.80358720e-02  2.32688755e-01 -5.17417006e-02 -3.21356297e-01
  7.77955174e-01  6.62293911e-01  2.97769487e-01 -3.79836977e-01]


第14类： ['一个账号一年多少钱', '一个账号多少钱', '个账号多少钱', '价格的是几个账号', '你们一个账号是可以接入多少终端', '多少钱一个账号呢', '是一个账号接入', '请问一个账号一年多少钱', '账号参会方是否有限制', '账号费用是多少', '那一个账号多少钱']
语义向量：[-5.92663451e-02 -1.04245409e-01 -1.81897948e-02 -1.61235156e-01
 -2.71892110e-02 -3.31547484e-03 -1.00501733e-01  2.52416280e-01
 -1.55746173e-01  1.18643427e-01 -1.15727517e-01  3.71126982e-01
 -2.36876146e-01  1.38820716e-01  2.32377455e-01  9.17891574e-03
 -4.50662487e-02 -1.86791787e-01  3.55581620e-02  8.59821825e-02
  2.15699547e-01  1.84200615e-01  1.54995101e-01 -1.95924132e-01
 -1.66132210e-01  1.66753837e-01 -2.27668661e-02 -5.41419701e-02
 -2.47128879e-02 -1.19865663e-01 -1.46882372e-01  1.61833911e-01
 -7.31237852e-02  1.73298477e-01 -9.17452584e-02 -4.71252694e-02
 -2.53690308e-01  6.08784208e-02 -8.69364420e-02 -2.91884953e-01
 -7.82236140e-02 -1.04969630e-01  5.19226085e-03  1.07129165e-01
 -1.02614603e-01  4.41643968e-02  1.40403488e-01 -8.77058530e-02
 -6.45549269e-02 -6.72898624e-02  5.10145957e-02  5.43760532e-02
  8.11955123e-02 -8.56027684e-02 -3.64120675e-02  1.09268218e-01
  1.96444692e-03  3.27863238e-02 -5.35323876e-02 -1.93424345e-01
  5.70267442e-02  1.44644805e-01  4.21456202e-02 -2.90150791e-01
 -1.12419380e-01  9.86312523e-02 -2.44316833e-01 -1.77016046e-01
  1.04210504e-01 -1.37761564e-01  6.36666297e-02  1.26433811e-01
  1.32441954e-01 -1.09686486e-01  2.05683197e-01  8.06256912e-02
  2.67101685e-02  7.56186470e-02 -1.62812656e-01 -8.02805989e-02
 -1.53725750e-01  1.36466602e-01  1.61944395e-01 -1.11097764e-01
 -2.84904029e-01  7.20411878e-02 -5.80665788e-02  7.10279439e-02
  5.43059786e-02 -9.85512136e-02  6.44226340e-02 -2.93011087e-01
 -6.89144316e-02 -1.26126790e-01  1.11346957e-02  5.74959517e-02
  1.70964473e-04 -1.67999590e-01 -5.40445623e-02  1.75884751e-01
  3.84742593e-02 -3.56169829e-02 -1.61952150e-01 -3.10172715e-02
 -1.08995237e-02 -2.05094318e-01  2.31419290e-01  9.06393967e-02
  4.33135449e-02  1.06076418e-01  1.57152912e-02 -1.56396436e-01
 -7.05430189e-02  8.08162750e-03 -2.94930816e-01 -3.06148652e-01
 -1.15169534e-01  2.95786608e-01 -1.06162454e-01  6.85050474e-03
 -2.01565027e-01 -2.89766890e-01  2.04083130e-01 -5.50559302e-02
 -2.07229089e-01  2.19917780e-01 -6.18368567e-02 -9.97684200e-02
  8.57572994e-02  2.56008010e-02  3.88267569e-03 -6.10707490e-02
  2.01015430e-01  3.69993002e-02  1.55719906e-01  1.61823801e-01
  1.03390925e-01 -2.90880519e-01 -5.97983524e-02 -5.11241081e-02
 -7.44428431e-02  1.42369381e-01 -1.02968637e-01 -1.59598931e-02
  1.77357155e-01 -2.48873056e-01  2.91395423e-02  2.20262362e-01
  7.88134411e-02 -1.00717405e-01 -2.81729313e-01  5.79344195e-02
  1.71309668e-01  1.80690346e-01 -5.24864305e-02 -5.11081688e-02
  1.42729686e-01 -3.51932778e-01 -1.16524116e-02  4.01355944e-01
  2.95057346e-01 -2.46652102e-01 -2.69092168e-02  4.42171227e-01
 -2.25333039e-01 -8.32425930e-03 -2.49354885e-01 -4.51162870e-02
 -2.41972675e-02 -2.03120108e-01 -4.77676534e-04 -1.34083232e-01
  3.65424163e-02  9.14866938e-02 -4.38903235e-02  9.11991522e-02
 -7.83075508e-02  5.31976501e-02 -2.02422001e-01  6.94972222e-02
  1.75468155e-01  1.67743184e-01 -8.53777345e-02  5.39999186e-02
 -1.61600599e-01  8.52135620e-02 -6.94084824e-02 -2.49423290e-03
 -4.77895695e-02 -9.15847956e-02  3.19384218e-02  5.39781557e-02
 -8.97774188e-02 -7.86768499e-02 -1.06288589e-01  3.21554302e-02
 -3.05181621e-01  2.26083012e-01  8.00902847e-02  7.49132630e-03
 -3.08758352e-02 -4.84225391e-03 -2.04982182e-02  9.22169096e-02
 -1.60949834e-01  1.34388375e-01  5.40300032e-02 -1.66556606e-01
  2.72845575e-02 -2.38435236e-02 -1.08865397e-01  1.32488871e-01
 -1.20465315e-01 -3.70211542e-01  4.78642329e-02 -1.01816428e-01
  2.42586821e-01  4.03939044e-02  6.24490880e-02  1.05050619e-01
 -3.56158326e-03  9.81649001e-02  1.00456952e-01 -1.32181838e-01
  3.60037644e-02 -1.28509013e-02 -9.56948650e-02  1.45895560e-01
  8.75138945e-02  2.63343485e-01 -6.30998395e-02  1.56095145e-02
  1.13000093e-01  2.45201828e-01  1.61752503e-01 -7.42967430e-02
 -1.80318288e-01  1.39919745e-01 -5.91227578e-02  1.40099793e-01
 -1.07393711e-01  8.91809728e-02 -1.44148306e-01 -1.45195073e-01
 -1.55055294e-01 -6.16029147e-02  1.05516654e-01 -1.12572112e-01
  1.97479557e-01 -1.46101532e-01 -7.07725493e-02 -2.07153547e-01
 -1.06414565e-01 -5.08166982e-02  4.94417861e-02  4.54360564e-02
  2.82601279e-02  1.68688087e-03 -1.17804868e-02  1.80543975e-01
  1.19946329e-01  5.12807742e-02  1.94564326e-01 -3.11238529e-02
  1.92842240e-01 -2.67673186e-01 -1.32519061e-01  5.97433275e-02
  1.81845322e-01 -1.45403904e-01  2.19470246e-01 -1.37950721e-01
  1.35546409e-01 -1.08533445e-01 -1.16810389e-01 -1.09402976e-01
  3.79627123e-02 -3.75030035e-02  2.20538203e-01 -1.84910005e-02
  4.40979660e-02  8.51954684e-02  1.69504189e-02 -8.10901585e-02
  7.66923939e-02 -2.59358059e-01  7.90880509e-02  7.93940527e-03
  1.11520211e-01 -9.18546272e-02  4.92455756e-02  1.67931668e-01
 -2.05622172e-01  7.04313401e-02  1.02446724e-01 -2.29422790e-02
  4.65611767e-01  6.64061005e-02  6.87828227e-02 -4.79035176e-02]


第15类： ['一个账号可以同时登陆两个手机', '他不用登陆账号什么的么', '另还需要移动端登录进入会议室的账号五个', '可以同时在两个手机登录一个账号吗', '可以同时用一个账号登陆吗', '大家都用一个账号登录么', '就是点击登陆账号就是无法显示', '怎么登陆这个账号啊', '我已经用账号登录上去了', '我是登录我的账号', '我登录过管理账号', '我的账号可以登录', '我账号可以两地同时登录吗', '是用登陆账号设置吗', '是用账号直接登陆还是', '登录之后您可以在您的账号', '登陆您账号里', '能否设置一个公用的账号', '能多个人同时登录一个账号吗', '要不要提前设置账号', '这个账号能登陆国外', '这是我登陆的账号', '那您需要在科天云官网登陆账号', '需要使用账号登陆么', '需要登录到您的账号里']
语义向量：[-1.10394938e-01 -1.03348222e-01 -1.48411717e-01 -1.18670239e-01
 -4.09817170e-02  2.31372190e-02 -1.18489774e-01  3.12908138e-01
 -5.70483274e-02  2.76337152e-01  2.36491892e-02  2.10604981e-01
 -9.60213055e-02  8.35853225e-02  2.76843206e-01  1.10974708e-01
  9.28258336e-02 -8.37200574e-02  1.51595563e-01  2.17382830e-02
  1.24278118e-01  3.70572932e-02  1.42839330e-01 -9.50171808e-02
 -1.56055509e-01  1.27027383e-01 -6.66657791e-02 -3.05496801e-02
 -2.60226691e-01 -2.20909205e-01 -4.30162143e-02  1.50076023e-01
 -1.43556207e-01  1.93682428e-01  8.59991039e-02 -3.80917625e-02
 -1.30143581e-01  4.22706464e-02 -1.45795707e-01 -1.36990942e-01
 -9.44541676e-02 -2.77240868e-02 -9.15473245e-02  1.29265972e-01
 -9.73588142e-02  3.79456375e-04  2.63414753e-02 -2.82687141e-02
 -1.17393305e-01 -4.28225639e-02  1.79942093e-01 -7.82584457e-02
  1.12310469e-01 -1.80136586e-01  8.57639656e-02  1.44869190e-01
 -8.23664955e-02 -1.79387867e-01 -1.82728168e-01 -3.85925785e-02
  2.15304637e-01 -1.32220344e-02 -4.46090773e-02 -2.67856236e-01
  8.17609538e-02  1.16788480e-01 -1.79111292e-01 -2.07883683e-01
  1.06356337e-01 -3.10026069e-02 -7.16318044e-03  3.95776407e-01
  1.72030668e-01  5.89529053e-02  1.71262465e-01  8.56704322e-02
  8.59098144e-02  3.29972134e-03 -2.10559530e-01 -9.73376699e-02
  2.99674453e-02 -2.13965630e-02  4.90711829e-02  1.56847130e-01
 -3.48556124e-01  1.27555623e-01 -1.56975218e-01  1.63768758e-02
  5.32565208e-03 -2.18743611e-02 -7.06724650e-02 -4.23210490e-02
 -1.40866329e-01 -2.10118275e-02  7.07884054e-02  3.48539235e-03
 -1.42016502e-01 -2.06977133e-02 -1.49088227e-01  1.16619460e-01
  6.59700358e-02  3.77056098e-02 -1.86177057e-02  9.31419220e-03
 -8.39769250e-02 -2.63227656e-01  8.48324530e-02  9.39063124e-02
  5.92570867e-02 -6.66861858e-03  1.34448466e-01  7.66180061e-03
 -2.94689387e-02  4.77944759e-02 -2.51015829e-01 -1.49940462e-01
 -5.78963817e-02  1.59238812e-01 -3.10781458e-02 -1.06281985e-01
 -7.92811199e-02 -1.90693658e-01  3.12915104e-01  6.07815817e-03
 -1.72599972e-01  1.35590599e-01  1.42765409e-01 -5.37672991e-02
  3.13066533e-02  3.61088598e-03 -2.00160776e-02 -2.18291694e-02
  1.26561717e-01  2.64831273e-02  1.63518236e-01  1.03570795e-01
  2.37701245e-02 -1.20541591e-03 -9.53522916e-02 -2.81461331e-02
 -1.49295645e-01  8.44420548e-02 -2.81612806e-02  3.02217399e-02
  1.45155637e-01 -2.06160415e-01  1.15629922e-01  4.54037576e-02
  2.14342431e-02 -7.93693763e-02 -2.49876793e-01 -4.52673828e-02
  2.71754461e-02  1.47250054e-01  7.09859614e-02 -1.58763521e-02
  6.28557719e-02 -3.18466319e-01 -3.37133847e-02  2.40145437e-01
  1.29180897e-01 -2.60067025e-01  3.33045722e-02  1.82299796e-01
 -1.27880797e-01 -5.92133344e-02 -2.21354721e-01 -1.70436895e-02
 -2.00075420e-02 -1.01687256e-01  8.61345130e-02 -3.12911688e-02
  5.38756856e-02 -8.16184270e-02  1.19927648e-01  1.47218935e-01
 -1.48046209e-01  7.13521700e-02 -2.25744755e-01  5.78547090e-02
  2.66721995e-01  8.28927816e-02 -2.77028339e-02  7.51888891e-02
 -1.65319898e-01  7.40457653e-02  8.27147596e-02  4.51970673e-02
 -5.93816381e-02  1.01748905e-01 -6.09063049e-02 -2.98734704e-02
 -1.64948797e-01 -3.97056285e-02  8.09222311e-03  6.62428300e-02
 -1.47144019e-01  2.11137184e-01  8.06052911e-02 -3.28001462e-02
 -9.66676348e-02 -5.63615405e-02 -1.09924983e-01  8.06232549e-02
 -2.02597339e-01  1.46351975e-01 -9.84009083e-03  8.09864579e-03
 -8.08096334e-03 -2.33587497e-02 -2.90260481e-02  8.72407232e-03
 -8.03699000e-02 -1.01310394e-01 -3.76563640e-02 -3.95292524e-02
  1.05335478e-01  5.85464457e-02  7.06193650e-02 -7.60714218e-03
  1.92231606e-01  1.55850519e-01  4.76154516e-03 -1.16662636e-01
  4.80650589e-02 -2.26797144e-02 -9.33301461e-02  1.40159497e-01
  1.19295878e-01  3.76928263e-01  2.84229107e-02 -3.78778066e-02
  8.31105153e-02  1.51899361e-01  9.25561267e-02  6.97646768e-02
 -1.23710682e-01  1.03071902e-01 -1.61473274e-01 -2.45786791e-02
 -4.87182097e-02  1.19885710e-01 -1.08071738e-01 -7.49144541e-02
 -2.15163121e-01 -2.49674022e-02  4.23549281e-02 -9.30373730e-03
 -2.87944978e-02 -8.07365859e-02 -1.79422776e-01 -1.30092455e-01
 -5.07481643e-02 -1.26425366e-02  6.92781873e-02 -9.12097761e-02
  7.93782827e-02  6.47096809e-02 -1.04508111e-01  8.88570326e-02
  1.76780972e-01 -9.35410747e-02  5.99349423e-02  4.76731312e-02
  1.33273386e-01 -1.15662238e-01 -9.35418309e-02  1.77321174e-01
  2.14795240e-01 -7.73610331e-02  2.10186041e-01 -8.47049634e-02
  1.86014071e-01  8.16659680e-02 -1.06095485e-01 -1.68401084e-01
 -2.04560987e-02  1.45581995e-01  1.64567058e-01  1.99071593e-02
  1.11194861e-01  7.27182551e-02 -1.13322029e-02 -4.68777058e-02
  2.93155856e-02 -1.94286378e-01 -3.60330579e-02  6.59814212e-02
  2.26027515e-01 -2.41756012e-01  3.95302860e-02  8.35512881e-02
 -4.14610982e-02  7.21881829e-02  2.81540100e-04 -9.48384497e-02
  2.56094996e-01  1.85953826e-01  9.49408163e-02 -1.05405748e-01]


第16类： ['买一个账号可以用多久', '买几个账号不确定', '在你们网站上买的账号', '我买的你们科天云的账号', '我们想买账号', '所以我们只要买一个账号就行了吧', '是要买设备还是买账号就行']
语义向量：[-5.89908654e-02 -6.27976853e-02 -1.78902500e-01 -1.11382260e-01
 -9.85008911e-03 -4.84868437e-02 -3.35700794e-02  2.65549426e-01
 -9.63242065e-02  2.21316157e-01  3.21369821e-03  2.36960105e-01
 -7.01587413e-02  1.66846121e-01  1.88629819e-01  1.42786583e-02
  6.15276543e-03 -1.26071947e-01  9.54610056e-02 -4.47564075e-02
  9.90051148e-02  2.84232721e-02  1.81603962e-01 -2.20156785e-01
 -4.69249609e-02  8.54343101e-02 -2.57515612e-02 -2.18209636e-02
 -1.33990176e-01 -2.52905156e-01 -1.24535679e-01  1.33634489e-02
 -5.72523166e-02  1.47778314e-01  1.92372154e-02 -9.81641752e-02
 -2.39884385e-01 -6.05246983e-04 -1.60465922e-01 -1.12708704e-01
 -1.78047917e-01 -2.07246648e-01 -2.82243993e-02  1.37077363e-01
 -3.86152818e-02  1.65513650e-04  1.27583991e-01  7.03668658e-04
 -4.99928908e-02 -6.57939373e-02  6.84213362e-02 -1.60300458e-02
  3.27644758e-02 -1.45077891e-01  1.67465974e-02  1.40683026e-01
 -1.59884553e-02 -1.17108504e-01 -1.08117083e-01 -2.09080913e-01
  2.04985231e-01  1.41871127e-01 -1.33527703e-02 -3.42727865e-01
 -7.01835038e-02  1.82065410e-01 -2.40411675e-01 -2.35837044e-01
 -6.51639982e-02 -2.46571766e-01  2.13424183e-02  2.13766500e-01
  7.54578145e-02 -1.62349925e-02  1.17261893e-01  1.96177787e-01
  1.47860037e-02  8.13957719e-02 -1.17808877e-01 -1.34689533e-01
 -8.15488505e-02  8.21316828e-02  1.09361236e-01 -5.87210586e-02
 -2.82428856e-01  2.04254376e-01  2.67555155e-02  1.23923305e-01
 -1.96940465e-05  4.76938470e-02  5.47150863e-02 -2.31086691e-01
 -1.32789406e-01 -1.46194309e-01 -1.74748203e-02 -7.88253746e-03
 -8.85306033e-02 -5.37869105e-02 -1.13374653e-01  1.32287366e-01
 -7.64027215e-03 -7.32759636e-02  9.54632248e-06 -1.16499266e-02
 -1.06925221e-01 -2.71902461e-01  7.95676229e-02  2.78832998e-01
  1.57565642e-01  8.17070795e-02  5.87376255e-02 -7.05094423e-02
 -1.70453267e-01 -8.12755166e-04 -2.48350158e-01 -7.26914315e-02
 -6.96008514e-02  1.06115054e-01  1.76597448e-02 -1.29876762e-01
 -1.37568335e-01 -3.14615692e-01  1.35431282e-01  4.92407711e-02
 -1.35561656e-01  1.14131148e-01  4.25334701e-02 -8.52790390e-02
  6.31633577e-02  2.46667261e-02 -1.15822076e-01 -2.91191071e-02
  9.33589855e-02 -5.77994514e-03  1.68004490e-01  1.74808136e-01
  1.04252829e-01 -5.20335494e-02  4.48701658e-02 -5.76504006e-02
 -2.24324871e-01  3.69382990e-02 -5.69903180e-02 -3.58180861e-03
  1.28589284e-01 -1.22225239e-01 -3.53364165e-02  2.07319032e-01
  4.02708623e-02 -9.12446976e-02 -2.75303079e-01 -5.76293000e-02
  6.37763515e-02  1.88901094e-01  5.82719860e-02  5.70997143e-02
  2.57972505e-02 -4.21677113e-01  5.72320473e-03  2.06208687e-01
  1.83106755e-01 -1.99610129e-01 -4.77254396e-02  2.72197979e-01
 -2.04208038e-01 -8.49499287e-02 -1.73686262e-01 -1.22531558e-01
 -2.18320332e-02 -1.15500945e-01  4.21025713e-02 -1.31214287e-01
  6.85722801e-02 -1.20574386e-01  8.62043604e-03  7.42056040e-02
 -1.90055660e-01  5.55699297e-02 -1.39020451e-01  2.13284057e-02
  2.20768051e-01  1.11269565e-01 -1.62070372e-02 -3.08304639e-02
 -2.42946116e-01  1.09028040e-01 -1.20316695e-01  8.21497196e-02
 -9.19764723e-02  2.89423726e-02 -3.94460439e-03  2.78240355e-03
 -9.25469537e-02 -5.88501388e-02 -8.09152350e-02  1.05215992e-01
 -1.83070289e-01  3.08785415e-01  1.95721111e-02 -8.79618826e-04
 -7.63238583e-02 -3.69925885e-02 -3.95984493e-02  7.89727313e-02
 -1.50322446e-01  1.03058466e-01  1.11911853e-02 -9.18539358e-02
  7.90403496e-02 -6.15715390e-02  4.43959928e-02 -1.25950056e-03
 -9.36237105e-02 -2.23840186e-01  8.45688060e-02 -9.04730255e-02
  1.09984977e-01  1.54569367e-01  1.17419857e-01  1.70171959e-01
  9.55265281e-02  1.85365504e-01  3.87477659e-02 -6.88992627e-02
 -3.25216672e-02  5.80987654e-02 -5.99029107e-02  7.94844436e-02
 -8.70237942e-03  2.59228723e-01 -3.01156627e-02 -6.77172409e-02
  8.50540165e-02  1.24478563e-01  7.96498683e-02  1.18344985e-02
 -1.12750760e-01 -3.00143264e-02 -1.44457909e-01  2.32503085e-02
 -2.69901473e-02  2.37529063e-01 -1.02730336e-01 -7.04093086e-02
 -1.93449987e-01 -8.36606414e-02  1.17512504e-01 -1.20215873e-02
  9.69991812e-02 -7.80643022e-02 -1.52308452e-01 -1.36844232e-01
 -8.98505247e-02 -5.78836447e-02  5.58525888e-02 -8.79949693e-02
  1.14028211e-01 -4.66490444e-03  6.61239374e-03  1.16638391e-01
  1.12678476e-01 -1.06079598e-01  1.38873244e-01 -6.12699347e-02
  2.35890836e-01 -1.76610442e-01 -1.94248287e-01  4.73819567e-02
  2.32056232e-01 -1.54508231e-01  2.20312029e-01 -1.52910922e-01
  1.58814737e-01  2.04210452e-02 -1.25825185e-01 -1.19924460e-01
  1.37624361e-01  7.11743842e-02  2.58131270e-01  1.02371729e-01
  4.85364300e-02  4.16810411e-02  6.38980424e-02 -1.94008331e-01
  8.45990894e-02 -2.84617522e-01  1.40125340e-01 -4.11940150e-02
  1.45858338e-01 -1.77476074e-01  4.69166626e-02  7.78441637e-02
 -1.18274772e-01  1.24388354e-01  6.70224167e-02 -9.42812924e-02
  2.80785424e-01  2.24016605e-01  8.07770688e-02 -3.63471410e-02]


第17类： ['如何申请测试账号', '如何申请账号', '账号怎申请', '账号申请好了吗']
语义向量：[-0.14017474 -0.10421973 -0.2604889  -0.18806672 -0.04201763 -0.06923107
 -0.2042047   0.48345272 -0.17520108  0.58562066 -0.07474536  0.11483475
 -0.29513968  0.13490532  0.37253308  0.22732013  0.2412022  -0.26866988
  0.35917941 -0.04239755  0.33302748 -0.00885542  0.76663825 -0.30702743
  0.14311808  0.22685783 -0.01201571 -0.28732742 -0.30188079 -0.47736921
 -0.478397    0.33725971  0.03575178  0.1448673   0.02212816 -0.08146919
 -0.59845775  0.08436267 -0.43181685 -0.33628351 -0.22060608 -0.06492115
  0.09546285  0.48503266 -0.12953992 -0.22800324  0.34735305  0.28349601
 -0.36198201 -0.25508928  0.40001617 -0.2450842  -0.12251489 -0.39683694
  0.26525753  0.20315588 -0.33638462 -0.28636065 -0.30142836 -0.16484188
  0.46533681  0.31231626 -0.01110506 -0.39649869  0.25030623  0.24622288
 -0.32612554 -0.49192055 -0.06014957 -0.18188221 -0.03226525  0.61511691
  0.40768781 -0.09645545  0.08828687  0.45256816  0.28357067  0.31380406
 -0.15142531 -0.10228423  0.09421238  0.04714413 -0.1145275  -0.00942438
 -0.70212223  0.59045678 -0.11326192  0.15804596  0.00800431 -0.17836535
 -0.04951412 -0.31378755 -0.41589251  0.00102356  0.11161544  0.15430798
 -0.12945242  0.16723389 -0.36691328  0.19986773  0.10929014 -0.04043821
  0.02968272 -0.1967549  -0.26012108 -0.67378491  0.28574625  0.47550874
  0.26165717  0.28710713 -0.08366972 -0.25287162 -0.48365804 -0.07420232
 -0.19577932 -0.18844699 -0.16623861  0.12463164  0.08325496 -0.41349176
 -0.18824135 -0.27617012  0.70288211 -0.14742559 -0.51788244  0.12762685
  0.21012113 -0.30660325  0.03596634  0.07174424 -0.01188684  0.07434523
 -0.01035381  0.10757011  0.2643143  -0.23717026  0.11722494  0.13422319
 -0.01590668 -0.34832596 -0.36637861  0.2817128  -0.31984936 -0.11711285
  0.20091072 -0.379944    0.06450071  0.28214329  0.05465771 -0.33460897
 -0.68305199 -0.62313713  0.21191875  0.35929384  0.15256366  0.094643
  0.05662454 -0.85258618 -0.06898498  0.56503731  0.36968368 -0.13443861
  0.03057374  0.31018487 -0.19457408 -0.24705755 -0.16454148 -0.03236359
 -0.43197711 -0.17203578  0.15864899 -0.05534424  0.20362568 -0.2980229
  0.4249244   0.39807753 -0.56767401 -0.04113302 -0.51392555  0.07542191
  0.65495539  0.23918857  0.13905678  0.20235556 -0.33163873  0.0555967
  0.13651853  0.27041609 -0.17570276  0.03177059 -0.12242562 -0.00220733
 -0.32735995 -0.02055826  0.06207108  0.2495205  -0.33968407  0.23697606
  0.17528279 -0.1392873   0.13534086 -0.13969998 -0.03769877  0.24337127
 -0.21324015  0.3117975  -0.36648366 -0.05374653  0.12908824  0.0184718
  0.06374925 -0.15365612 -0.20594738 -0.36091758 -0.0247888   0.03575659
  0.2688016  -0.02564208  0.74480769  0.28192228  0.2458109   0.32983267
 -0.07736709  0.02352513 -0.20456401  0.1471041  -0.14710371  0.14113994
  0.01226458  0.66602053 -0.15269433 -0.05314789 -0.0233067   0.21155517
  0.00810518  0.02473459 -0.31235424  0.01396836 -0.50308993 -0.16475681
 -0.2653812   0.41142568 -0.21951041 -0.11926123 -0.42724369  0.13508493
  0.08661118  0.04995285  0.09620323 -0.18436396 -0.51323929 -0.26913077
 -0.15848532 -0.33310487 -0.09954107 -0.0995427   0.13699887  0.247718
 -0.01852918  0.3824682  -0.00900914 -0.05202437  0.3348605   0.21925315
  0.51560855 -0.48541273 -0.49871817  0.10821146  0.31223381 -0.2834485
  0.45179781 -0.34167372  0.1854689   0.29568513 -0.01349727 -0.57742506
  0.31194747 -0.01636595  0.65594885  0.12847766  0.13282111  0.25977279
 -0.0293775  -0.33167257 -0.1891192  -0.54179741  0.09108436  0.39318695
  0.21429148 -0.58973204  0.37888812  0.22185918 -0.27846638  0.36828793
  0.19709872 -0.25335806  0.42139965  0.3881401   0.28098646  0.10303403]


第18类： ['但重置密码说这个邮箱账号停用了', '因为对方链接发过来要账号和密码', '密码账号不通用吗', '开通成功之后会把账号和密码发到我留的邮箱吧', '我有账号和密码', '我用我的账号和密码', '我的账号和密码', '我这边输入找回密码显示的没有这个账号', '然后有个账号和密码的', '申请的账号和密码在哪里登录啊', '账号和密码都在我手上', '账号和密码都没问题', '还需要账号跟密码吗', '那如果我要改登陆的这个账号邮箱呢']
语义向量：[-2.41119333e-01 -1.09996323e-01 -1.14523208e-01 -7.20728205e-02
 -4.69465398e-02  4.76241080e-03 -1.35025645e-01  3.77071910e-01
 -1.36517862e-01  2.28466016e-01 -1.83096826e-02  2.02505016e-01
 -1.22233384e-01 -4.51833907e-02  2.86758345e-01  9.39107324e-02
  7.77880753e-02 -4.04644986e-02  1.75593756e-01  6.99245552e-02
  2.07154711e-01  6.94466900e-02  1.50764817e-01 -9.53048595e-02
 -1.26597665e-01  1.73227506e-01 -1.45322924e-01 -6.21171669e-02
 -2.74693222e-01 -1.37074289e-01 -8.43467175e-02  2.97877512e-01
 -1.02564333e-01  1.48275669e-01  1.22875309e-01 -3.88986705e-02
 -2.27241996e-03  1.46309617e-01 -1.53914727e-01 -1.48607152e-01
 -3.10831947e-02 -3.43608516e-02 -1.04147392e-01  8.18213070e-02
 -1.23963102e-01 -9.56944594e-02  9.60823515e-02 -3.29840803e-02
 -1.64967148e-01 -1.51396818e-01  2.99686215e-01 -1.16288163e-01
 -4.24084713e-02 -2.44592095e-01  1.39857119e-01  2.21151551e-01
  1.32464347e-02 -2.56237821e-01 -2.21281572e-01 -1.38610707e-01
  1.43729334e-01 -1.65066031e-02 -1.04789505e-01 -2.62402401e-01
  7.63201581e-02  1.17820247e-01 -1.98831307e-01 -1.11608422e-01
  1.35002589e-01 -2.33517650e-02  2.84073949e-02  4.44248585e-01
  1.62683006e-01 -3.24363236e-02  2.63851479e-01  1.35692104e-01
  1.29251535e-01 -4.43365729e-02 -1.70431915e-01  4.04154531e-02
  8.41909853e-02 -9.94959835e-02  1.06373252e-02  1.14255497e-01
 -3.23423943e-01  1.60455364e-01 -1.28935168e-01  5.04143298e-02
 -6.89609694e-02 -9.25222654e-02 -1.73567515e-01 -4.97208981e-03
 -9.68711749e-02  8.89811332e-02  7.34404951e-02  1.77213429e-03
 -1.87052128e-01  3.07479154e-02 -1.54925876e-01  5.61891645e-02
  5.98277161e-02  1.80544280e-02 -9.62326327e-02  1.70951520e-02
 -4.35319299e-02 -1.95068701e-01  1.73524048e-01  6.49051363e-02
  9.26780839e-02  4.77027875e-02  1.77014876e-01 -7.08474929e-02
 -4.52236963e-02  9.07727362e-02 -2.77507537e-01 -2.25627031e-01
 -1.26671990e-01  1.54576052e-01  1.01382931e-01 -7.58676093e-02
 -1.38847651e-01 -4.95626932e-02  4.63266575e-01 -1.26935024e-02
 -2.66411483e-01  1.39078598e-01  1.70817057e-01 -3.58810876e-02
 -2.96643356e-02 -4.84051432e-02  9.95082163e-02 -7.36249745e-03
  1.49715010e-01  1.10913285e-01  1.42824039e-01  8.43501590e-03
  5.38366233e-02  9.19207207e-02 -7.77483207e-02 -4.55730214e-02
 -1.04072677e-01  5.80725758e-02 -4.31996851e-02  6.42168815e-02
  1.02837261e-01 -2.56334310e-01  1.84902475e-01 -4.22528499e-02
  1.16044001e-01 -8.02679783e-02 -1.81748809e-01 -1.01060086e-01
  7.84576050e-02  2.95253724e-02  5.93584318e-02  4.37125274e-02
  1.22848807e-01 -2.68691911e-01 -1.59749930e-01  2.70446404e-01
  2.21433347e-01 -2.32792410e-01  1.99904448e-02  2.23923776e-01
 -9.11359768e-02  2.25940235e-02 -2.23976171e-01  6.04672264e-02
 -1.14340295e-01 -4.58914116e-02  1.71240637e-01  2.97576200e-02
  1.25309106e-01 -2.84917228e-02  1.75804373e-01  1.95156117e-01
 -1.50715990e-01 -1.56878945e-02 -2.83092663e-01 -1.68865672e-02
  3.17668635e-01  1.11139399e-01 -7.23720613e-02  2.24488146e-01
 -8.94093016e-02  7.72846477e-02  1.46765521e-01  2.84001849e-02
 -2.81017220e-02  1.13216618e-01 -1.09786768e-01 -4.94364382e-02
 -1.54387752e-01 -4.46427585e-02  1.57083839e-01  1.16435490e-01
 -2.35246062e-01  7.71322069e-02  6.26780585e-03 -1.49824937e-02
 -1.00507823e-01 -2.58737644e-02 -2.31468209e-02  5.20022707e-02
 -2.42752779e-01  1.21563528e-01  3.27992828e-02 -2.99781292e-02
 -3.33429326e-02 -3.73464160e-02  4.81611716e-04 -4.48549515e-02
 -1.58451913e-01 -8.00793320e-02 -1.17476055e-01  2.95136032e-04
  6.44407536e-02 -7.61840483e-02  1.89356733e-01 -3.72752619e-02
  1.83312863e-01  2.12429211e-01  9.03151038e-03 -1.04685036e-01
  1.88615630e-02 -5.28999079e-03  3.39662320e-02  1.26840620e-01
  1.76881911e-01  3.58930940e-01 -2.28532186e-02 -6.94804652e-02
  1.52709338e-02  1.41689725e-01  5.91072449e-02  1.42252373e-01
 -1.40796006e-01  7.47123327e-02 -1.96706940e-01 -3.64197438e-02
 -2.24580169e-02  5.66917625e-02 -9.38304831e-02 -1.26248770e-01
 -2.09461774e-01 -4.48594894e-02 -8.95669033e-02  6.21094288e-02
 -8.32832618e-03 -1.29875055e-01 -1.33774152e-01 -2.26628413e-01
 -5.32597232e-02 -6.68753920e-02  5.14878901e-02 -9.79296296e-02
  7.72192208e-02  4.81328020e-02 -1.33965272e-01  1.28545581e-01
  2.00380528e-01 -1.11742496e-01 -1.80003607e-02  9.12007689e-02
  1.16526339e-01 -6.89689480e-02 -1.05436508e-01  1.63202747e-01
  1.98660289e-01  1.22880428e-02  2.26487393e-01 -1.31354032e-01
  1.35936090e-01  8.20029649e-02 -7.17558363e-02 -2.28363135e-01
 -2.03050201e-03  8.66770116e-02  2.74249835e-01  1.08874154e-01
  1.06934558e-01  6.62163725e-02 -2.42548066e-02 -1.08083272e-02
  6.16213457e-02 -2.76629753e-01 -3.33846843e-02  1.28415806e-01
  2.12820525e-01 -4.33190014e-01  1.37142466e-01  9.57551577e-02
 -7.41591189e-02  1.95799671e-01  7.24272861e-02 -1.62960221e-01
  2.51415265e-01  1.96730117e-01  4.85398493e-02 -1.50081377e-01]


第19类： ['一个公司只能一个账号', '一个终端不就是一个账号么', '一个账号无法开多个会议室吗', '一个软件就一个主持人账号吗', '个账号差不多够了', '什么叫是哪个账号', '你们账号要什么格式', '公司有正式扎账号', '关键是我账号搞不清', '几方账号是什么意思', '即使这个账号到期了', '另一个国内朋友说有个人账号', '可以在您的账号', '可以在您的账号', '可以在您的账号', '可以在您的账号', '可以在您的账号', '可以在您的账号', '可以在您的账号', '可以在您的账号', '可以在您的账号', '可以在您的账号', '可以在您的账号', '可以在您的账号', '可以在您的账号', '可以在您的账号', '可以在您的账号', '后期有增加账号的', '国内账号和我们之前的国外账号能合一吗', '在您的账号下', '多方接入的时候是以各自账号还是统一账号', '如果我用两个账号呢', '就是一个母账号下面可以开多少个子账号', '就是我们就一个账号', '您在您的账号', '您的账号无权访问', '意思是说一个账号对应一个会议室', '我之前的账号需要换一个邮箱', '我们公司想开一个账号', '我们公司需要十个账号', '我们是有账号的', '我们目前只开两个账号', '我只需要电话会议的账号', '我的免费账号三天后到期', '我的是公司账号', '我的账号是多少', '指的是一个账号', '是不是类似钉钉账号', '是不需要账号的', '是主持人给账号吗', '是说账号数量吗', '正式账号都有吗', '每个公司仅限一个账号', '每个公司账号费原价', '的授权有几个账号', '目前就需要一个账号', '说我账号不村子', '账号我去哪里要', '账号是怎么分配的', '账号的费用怎么算的', '账号被停用是怎么回事', '这个是公司的账号', '这些账号怎么管理啊', '那多久可以拿到账号', '那账号是怎样算']
语义向量：[-4.57008450e-02 -5.70030470e-02 -7.45944230e-02 -8.40396456e-02
 -2.62768936e-02 -2.76385143e-02 -8.49817383e-02  2.37762710e-01
 -9.42652518e-02  1.55184137e-01 -6.17522694e-02  1.48912254e-01
 -1.08948326e-01  4.75826322e-02  1.76953878e-01  2.22066172e-02
  3.38638836e-02 -1.07804077e-01  2.61969717e-02  6.65264520e-02
  1.80573057e-01  6.65642721e-02  1.47832831e-01 -1.68903442e-01
 -1.08268683e-01  7.90595157e-02  1.37424617e-03 -2.19292423e-02
 -1.54642162e-01 -1.45024430e-01 -8.75704412e-02  9.14729376e-02
 -6.04128889e-02  8.43664698e-02  1.06054892e-02 -1.22375746e-02
 -1.46277014e-01  9.68237026e-02 -1.55331257e-01 -1.27810773e-01
 -6.67576042e-02  1.42755839e-03 -2.03963018e-02  1.24589930e-01
 -4.67171944e-02 -2.11927755e-02  1.06611570e-01 -2.86846881e-02
 -7.96104681e-02 -9.09273246e-02  5.81406991e-02 -7.52666382e-02
  1.53602328e-02 -5.42272739e-02  6.48903635e-03  6.31109182e-02
 -5.35151111e-02 -8.21047442e-02 -1.08102633e-01 -8.22383259e-02
  1.29844312e-01  4.46222212e-02  1.94825584e-02 -1.96533816e-01
  3.40803620e-02  1.29953080e-01 -1.38448505e-01 -1.16559992e-01
  8.92412806e-02 -4.60881829e-02  1.33933223e-03  1.55298805e-01
  1.24577164e-01 -1.53661399e-02  1.45337337e-01  8.68465239e-02
  7.24827170e-02  3.03004119e-02 -1.26033224e-01 -2.05510760e-02
 -4.98458027e-02  2.59758979e-02  2.72851893e-02 -3.98863752e-05
 -1.99300565e-01  9.58021479e-02 -5.03352102e-02  5.35071165e-03
 -2.10516593e-02 -6.71128807e-02 -1.05360199e-02 -8.17876082e-02
 -6.51605045e-02 -5.90134525e-02  3.17765400e-02  6.90551306e-03
 -6.07553165e-02 -1.30973396e-02 -7.27277555e-02  9.22207701e-02
  3.87634010e-02 -1.31553254e-02 -2.89907627e-02 -5.72192479e-02
 -5.28102007e-02 -2.04173964e-01  9.60485744e-02  9.58508013e-02
 -9.59035238e-04  1.65237881e-02  6.03234952e-02 -3.56343645e-02
 -6.23581806e-02  4.07041551e-02 -1.67120618e-01 -1.88979813e-01
 -7.04662752e-02  1.46438987e-01 -1.74109428e-02 -8.61667079e-02
 -1.18716629e-01 -1.24902480e-01  2.02849460e-01 -4.91527984e-02
 -1.69808716e-01  1.56258939e-01  7.31363324e-02 -6.96725071e-02
  4.31526481e-02 -2.28736721e-02 -3.87544808e-02 -2.22569194e-02
  1.02324743e-01  1.74830850e-02  7.72026000e-02  3.34795603e-02
  8.32345555e-02 -3.56055990e-02 -2.88026225e-02 -3.45305846e-03
 -9.16993065e-02  1.01346767e-01 -3.63765409e-02 -1.52398616e-02
  6.13953372e-02 -1.50018321e-01  4.69566612e-02  1.25872548e-01
  3.97083560e-02 -4.97121348e-02 -1.84597885e-01 -1.10013899e-01
  9.79343881e-02  7.93224279e-02  2.54059689e-02 -4.35137400e-02
  6.41395338e-02 -2.92335158e-01 -5.04178622e-02  2.03549335e-01
  1.24888224e-01 -1.53448391e-01 -1.35352377e-02  1.55446674e-01
 -1.24617755e-01 -3.59257651e-02 -7.72073722e-02 -5.22697830e-02
 -6.09646252e-02 -9.89447378e-02  4.37886291e-02 -3.60774696e-02
  9.23844170e-02 -2.36188951e-02  3.99738976e-02  9.84346493e-02
 -1.46362406e-01  7.56904670e-02 -1.85105078e-01 -1.57181048e-02
  2.04774461e-01  6.12050915e-02  2.28631840e-02  2.51410268e-02
 -1.08241914e-01  8.39002992e-02  1.30949669e-02  1.01820858e-01
 -1.00559900e-01  4.34344647e-02 -1.63649796e-02  4.06015965e-02
 -1.00288682e-01 -3.48225442e-02  3.46492858e-02  3.96947876e-02
 -1.12870307e-01  1.54613612e-01  9.22722804e-02 -3.01682143e-02
 -3.51151693e-02  2.03312900e-02 -4.70954931e-02  1.07906633e-01
 -1.42929637e-01  1.12891912e-01  3.06628135e-02 -8.98688196e-02
  4.16699038e-02  8.46391085e-03 -5.97356988e-02 -1.38702595e-02
 -8.94963499e-02 -1.95672846e-01  4.16005329e-03 -3.57098613e-03
  1.19510717e-01  1.61484165e-02  1.43753364e-01  6.97789836e-02
  1.93278185e-02  8.11686580e-02  1.54001108e-02 -1.16786771e-01
 -2.14699231e-02 -1.24628130e-02 -7.81328486e-02  7.05918362e-02
  8.02602492e-02  2.87012569e-01 -3.71139448e-02  1.50010116e-03
  8.49121113e-03  1.70349925e-01  7.26215965e-02  4.22400804e-02
 -1.43188644e-01  9.70405628e-02 -1.03240376e-01 -7.69765876e-04
 -6.95606227e-02  8.12271779e-02 -8.81085185e-02 -9.14686502e-02
 -1.23507693e-01 -7.89650610e-02 -3.03437294e-03  1.64265469e-03
  3.08169768e-02 -8.34028440e-02 -1.00522552e-01 -8.12738177e-02
 -5.11541697e-02 -5.17097511e-02  2.26697514e-02 -4.26783252e-03
  4.15487476e-02  6.02844366e-03 -2.30098228e-02  5.97243384e-02
  1.37166184e-01 -3.03391747e-02  1.16077769e-01  2.35884174e-02
  1.91548675e-01 -1.51331123e-01 -8.26364612e-02  7.53646398e-02
  9.87051963e-02 -1.06270466e-01  1.89407769e-01 -1.04935932e-01
  9.07749556e-02  4.18364610e-02 -7.22099940e-02 -1.60086252e-01
  3.05857552e-02 -8.96649748e-03  1.67190189e-01 -1.00282371e-02
  2.69834594e-02  9.69659560e-02  4.31713441e-02 -9.97106376e-02
  2.93472080e-02 -1.64212511e-01  1.21754605e-02  5.37819886e-02
  1.04257030e-01 -1.59884297e-01  8.51917713e-02  1.18934760e-01
 -6.50703928e-02  1.16457145e-01  2.71499045e-02 -7.03130924e-02
  2.45993358e-01  1.10051598e-01  7.48581786e-02 -4.40341976e-03]


