第1类： ['不用购买硬件', '产品怎么购买', '总部购买设备', '比如说购买支持', '购买软件', '除了购买系统', '需要购买硬件么', '需要购买硬件吗', '需要购买硬件码', '需要购买设备']
语义向量：[ 4.11084214e-02  2.99002902e-01 -1.34530656e-01 -2.49854833e-02
 -1.26752392e-01  1.63614526e-01  8.74601361e-02  5.07983053e-04
  1.38133808e-01  3.69381654e-01  1.76472259e-01  7.93594519e-02
  1.77379627e-02  2.22485252e-01 -7.19474580e-02 -1.79768678e-01
 -1.30274815e-01 -2.49124499e-01  3.49988085e-01 -4.76401752e-01
 -2.83791752e-01  1.59717368e-01  3.97663498e-01 -5.81042740e-01
  1.75188829e-02  2.54700209e-01  7.78079629e-03  6.41037386e-02
 -1.90030659e-02 -2.62282221e-01 -1.88681655e-01 -5.28516263e-01
 -1.23210783e-01  2.96057932e-01  7.17701659e-02 -8.64383914e-02
 -3.83174059e-01 -3.67935811e-01  4.76885368e-02 -7.63656247e-02
 -3.25579020e-01 -3.53443027e-01  1.70614935e-01  2.17196493e-01
 -2.09398964e-02  3.36503172e-01  1.02460830e-01  1.95661805e-01
  2.72625964e-01 -1.14151284e-02 -2.29407190e-01  8.93626258e-02
  3.57477865e-01 -2.60724621e-01 -1.49179565e-01 -2.19903434e-02
 -1.15406657e-01 -1.31614611e-01  1.68164942e-02 -3.95314905e-01
  3.81925261e-01  5.34749910e-01 -1.00685895e-01 -5.77053338e-01
 -1.65307261e-01  1.23630729e-01 -3.68722799e-01 -7.15883654e-01
 -3.50968874e-01 -5.41129163e-01  5.44931850e-02  2.46911004e-01
  1.90393502e-02 -7.41513893e-02 -1.74175602e-01 -4.42867117e-02
 -4.04672816e-02  4.43588531e-01  3.39313295e-02 -6.40178704e-01
 -2.20898849e-01  1.25283363e-01  1.06326784e-01 -3.11171345e-01
 -1.41093171e-01  4.22103748e-01  1.66055740e-01  1.53904895e-01
  7.42529854e-02  3.81412306e-01  2.54805599e-01 -6.47209758e-01
 -3.17848555e-01 -2.97587247e-01  5.57699775e-02  7.17545450e-02
  2.32047239e-02 -2.74890178e-01  1.48779155e-01  1.25228751e-01
 -9.71601577e-03 -2.15789624e-01  3.73769483e-01  6.39286138e-02
 -2.31033632e-01 -4.30336592e-01 -1.52109336e-02  4.11095747e-01
  1.40465733e-01  2.02496238e-01 -1.26881949e-01 -8.31791780e-02
 -3.27628911e-01 -5.46398833e-02 -6.35048617e-02  1.80643419e-01
 -6.07741939e-02  4.97295152e-02 -3.64476824e-01 -7.65709816e-02
  1.38921602e-02 -7.65364432e-01 -1.25772664e-01 -4.56267613e-02
 -4.28963440e-02  2.18169105e-01  6.60183987e-02  9.17830024e-02
  1.51053229e-01  2.26263890e-01 -5.26833323e-01 -8.83024407e-03
  2.05507418e-01 -5.10007069e-02  3.77136445e-01  5.21194130e-01
  3.18164032e-01 -1.26691391e-01  3.02652499e-01 -8.92658606e-02
 -4.99540415e-01  1.81577161e-01  8.15432612e-03 -2.09132427e-01
  2.84505998e-01  1.11127324e-01 -3.81994075e-01  4.73429683e-01
 -1.87618586e-01 -5.67249546e-02 -3.54010555e-01 -2.43408242e-01
  2.34820997e-02  2.28890420e-01  2.27890277e-01  2.07053160e-01
  1.06487449e-01 -6.75595772e-01  2.81664884e-01  3.22815439e-01
  3.33111443e-01 -3.39675432e-01 -2.48926748e-03  5.91895318e-01
 -5.07757869e-01 -2.65117414e-01 -2.57782201e-01 -3.31304759e-01
  3.42735333e-02 -1.47499328e-01  1.32603162e-01 -4.50349391e-01
 -1.19330873e-01 -3.38776314e-01 -2.70260300e-01  1.14695499e-01
 -3.88870332e-01  6.54844233e-02  1.65036014e-01  2.19120311e-01
  5.41718984e-01  1.51048238e-01  3.06612797e-01 -1.81368399e-01
 -4.91648597e-01  6.41693913e-02 -5.90691796e-01  5.34796616e-02
 -2.41565201e-01  1.39441559e-01 -6.65808484e-02  8.38103056e-02
  1.34621129e-01 -2.77694891e-01 -7.32697193e-02  8.17885622e-03
 -2.30721312e-01  7.97338212e-01 -8.92396020e-02  1.00954154e-01
 -3.36067484e-01 -8.57853159e-02 -3.22490034e-01  1.16601628e-01
 -2.09751659e-01  7.99563192e-03  2.11286724e-02 -7.28170514e-02
  2.18912892e-01 -4.48292951e-02  3.42877737e-01 -1.10825114e-01
 -2.24772214e-01 -3.71873116e-01  4.03671068e-01  4.84151367e-02
  2.40840486e-02  4.26211575e-01  4.57511958e-02  2.72393242e-01
  1.65640071e-01  1.32730604e-01 -1.52740794e-01  1.58079540e-01
  8.66742805e-05  2.31394102e-01 -1.34528733e-01 -2.60190532e-02
  1.56450349e-01  2.88623950e-01 -1.67046227e-02 -2.00869449e-01
  2.18647364e-01  5.22841573e-02  1.08016574e-01  1.17907037e-01
 -2.58696367e-01 -5.15221003e-01  1.03844300e-01  6.44461603e-02
  6.58037357e-02  4.16299608e-01 -6.05329525e-02 -2.10218146e-01
 -3.48300107e-01 -7.59066294e-02  1.96172990e-01  1.61380737e-01
  1.42207110e-01  1.87187169e-01 -2.39673157e-01  3.51268491e-03
 -2.48534362e-01 -1.76956225e-02 -1.06751485e-01 -1.69173217e-01
  3.40950647e-01 -1.10530029e-01 -6.80471936e-02  1.66709361e-01
  1.26420612e-01 -2.54196665e-01  3.39080176e-01 -3.48640006e-01
  2.16685969e-01 -3.76001503e-01 -4.27999628e-01 -5.60521392e-02
  6.53455856e-01 -2.15058526e-01  2.36158693e-02 -2.42111747e-01
  3.05702158e-01  1.46674991e-01 -2.85270721e-01  5.88781647e-02
  3.85518529e-01  3.18730638e-01  3.38391936e-01  2.21044736e-01
 -1.89054303e-02 -1.16955105e-01  1.14837585e-01 -1.50468860e-01
  1.64532642e-01 -4.45885468e-01  2.54788068e-01 -2.62731813e-01
  2.45630067e-01 -2.93447958e-01 -1.22801114e-01 -4.64749184e-02
 -2.70184803e-02  4.62504067e-03  5.12796143e-02 -9.63027935e-02
  2.93573594e-01  3.16266175e-01  9.50373903e-02 -1.20507544e-01]


第2类： ['一个用户要购买一个', '不是我们自己公司购买', '但是我们公司目前没有购买', '公司应该已经购买了', '公司要求需要签订合同购买', '参会的需要购买这个套餐吗', '可以连续购买三年吗', '可是我已经购买了哦', '同时公司也购买了几个', '后期购买分钟数是联系你们还是在', '和购买的有什么区别', '因为我们课程想要购买的', '大家公用购买时长是吗', '如何劝说领导购买呢', '如果可用的话会选择购买', '如果我们以企业形式购买', '如果我购买了英语版的', '如果是购买了全版', '如果没有购买分钟数', '如果购买了就可以吗', '如果购买应该在北京这边', '如果购买的话会直接和你们联系', '如果购买的话应该也在', '实际购买可以便宜些吗', '就是比如我现在购买', '已经有购买了吗', '已经购买了你们的账户', '已经购买过啦把', '应该是已经购买了的', '怎么个购买方式呢', '怎么查询购买日期和有效期', '您这个如何购买呢', '我之前公司购买过的', '我们公司如果要购买', '我们公司已经购买了', '我们公司有意向购买', '我们公司目前不考虑购买', '我们公司这边购买过了', '我们客户想要购买您的', '我们希望可以直接购买原厂', '我们想购买的话怎么联系', '我们是已经购买了的', '我们是已购买的', '我们这边已经购买使用', '我们这边想购买几个', '我们香港公司购买了', '我什N都]有购买', '我公司想购买一套', '我公司现需要购买', '我已经购买了账户了', '我是已经购买了得', '我看你们购买有', '我确定购买再找你', '我购买了你们的', '我这边已经购买了', '我这边是个人购买', '日本使用的话如何购买', '是不是需要购买使用的', '是所有参会人员都要购买吗', '是要单独购买会议室的吗', '是要购买会员吗', '是购买版本不对吗', '暂时还未考虑是否购买', '有购买了一个美国的', '比如我购买的是', '现在我们要购买使用', '目前公司购买的计划', '直接在在线商城购买吗', '确定是要购买的话', '能够按点数购买吗', '请问如果我客户透过我司购买', '请问我怎么购买呢', '请问是需要购买吗', '请问购买账户可以开发票吗', '购买应该是在浙江', '购买方式是一样吗', '购买时能够换吧', '购买是怎么进行的', '购买模式是怎样的', '还是只需要一方购买', '还需要另外购买吗', '这个你们后期需要购买是怎么购买的呢', '这个你们这边可以购买吗', '这个必须是先购买吗', '这个必须要购买吗', '这个要购买的吗', '这个购买不限制区域吧', '这个需要购买点数吗', '那么也就是说我购买的话', '那么客户也需要购买吗', '那如果我需要购买', '那就先购买了', '那就先购买了', '那我们不购买的话', '那我们已经购买了', '那我只需购买该项', '那我可以在哪里购买', '那我如何登陆购买的', '那购买一个能同时']
语义向量：[-0.02165286  0.12710165 -0.08688842 -0.01526167 -0.04142147  0.03464422
  0.02942375  0.02644168  0.07611468  0.18041539  0.0994847   0.02498431
  0.04752215  0.081054   -0.07245957 -0.04972576 -0.0243034  -0.05514284
  0.24212354 -0.1887651  -0.12414691  0.01971495  0.24454731 -0.27857297
  0.16308214  0.13797647 -0.01789932  0.08137959 -0.03616993 -0.1462664
 -0.02959718 -0.17631614  0.01880012  0.21197663  0.09523567 -0.01346519
 -0.19406033 -0.13273106  0.01494693 -0.02803988 -0.11474862 -0.16636453
  0.14829651  0.04983157  0.01610664  0.14541367  0.10789923  0.13361356
  0.10428435 -0.05127519 -0.02459847 -0.02013996  0.15831924 -0.1653157
  0.05515167 -0.01770086 -0.11733545 -0.05272005  0.01785512 -0.18551892
  0.15841796  0.25070168 -0.023118   -0.20787283 -0.02518569  0.08196515
 -0.18968583 -0.31037249 -0.17672826 -0.15792655  0.03178593  0.12126795
 -0.01259641 -0.06399875 -0.12469905  0.08286198  0.01808694  0.17239583
  0.01532894 -0.29903137 -0.00904157  0.0132888  -0.02802236 -0.11334398
 -0.02838724  0.23379787  0.0738063   0.06034422  0.06772985  0.1762206
  0.08365622 -0.29426066 -0.18257841 -0.04433277 -0.01107331  0.12447188
 -0.02715994 -0.12540834  0.06093629  0.06878154 -0.01717329 -0.06091221
  0.18490178  0.0075764  -0.11841531 -0.20762824  0.02817643  0.15189471
  0.09990033  0.16519499 -0.02578491 -0.04532427 -0.19617136 -0.0685978
 -0.01361959  0.09128991 -0.02853942 -0.03111375 -0.07604301 -0.05185515
 -0.00298177 -0.27747373  0.02071969 -0.00826864 -0.07601112  0.05688711
  0.02483196  0.03231658  0.05172845  0.01427371 -0.25270554  0.01137768
  0.01044925 -0.02078078  0.16730214  0.1731627   0.15090511  0.10000952
  0.18193134 -0.06550436 -0.21406137  0.06859637 -0.0875287  -0.1083418
  0.07715086  0.0608765  -0.11470805  0.15576406 -0.10291946 -0.0637393
 -0.17158733 -0.13275371  0.04446944  0.13274285  0.13001219  0.06578455
  0.08569558 -0.24494611  0.07953809  0.12888578  0.07085366 -0.14958925
 -0.05504243  0.18614552 -0.18637724 -0.18934508 -0.0718084  -0.11394973
  0.0010227   0.00912863  0.12703315 -0.15028326 -0.05489665 -0.24164501
 -0.1422916   0.10806901 -0.17619876 -0.05948954  0.04841086  0.0969153
  0.19660742  0.06827561  0.10338289 -0.02185764 -0.19422581 -0.03279152
 -0.19671617  0.05858517 -0.06485767  0.01464362 -0.03088551  0.00483183
  0.01563805 -0.11555495  0.03926892  0.06336975 -0.10114255  0.31420496
 -0.00765169  0.06459844 -0.06094361 -0.02438707 -0.13655174  0.03182266
 -0.06108776  0.01876889 -0.03561192 -0.04288537  0.04728164 -0.02832988
  0.1648052  -0.08812294 -0.11713535 -0.14798393  0.12573774  0.02987578
  0.00557605  0.23068532  0.07275319  0.09869994  0.0988124   0.06451191
 -0.15214034  0.10450404  0.01626347  0.07305465 -0.07248092 -0.00445704
  0.09171122  0.16059347  0.01294349 -0.09421317  0.13053022 -0.05648286
 -0.00674172  0.09136876 -0.06259311 -0.2295497   0.02802645 -0.1306012
  0.03513186  0.28464792 -0.01743459 -0.0925547  -0.22172086  0.06418289
  0.06068297  0.05347449  0.01182319  0.08515507 -0.13320201 -0.01532246
 -0.0853919  -0.02057103 -0.00662183 -0.11626361  0.19911431  0.00193497
 -0.03397233  0.11061448  0.00373067 -0.10391936  0.13123533 -0.09448657
  0.05596198 -0.18624243 -0.24842198 -0.03816416  0.32958926 -0.07875091
  0.06108939 -0.11827968  0.1432832   0.10899029 -0.11182902 -0.01396431
  0.14550768  0.17892559  0.15014197  0.14530924  0.03515703 -0.04016968
  0.0460528  -0.07111787  0.02707631 -0.21405156  0.10833128 -0.04535233
  0.11414143 -0.19162716 -0.03524614 -0.0847235  -0.02361871  0.03947327
  0.01065007 -0.07783833  0.09452455  0.17492051  0.05964081 -0.06622819]


第3类： ['企业购买', '准备购买', '准备购买', '准备购买', '后期购买', '如何购买', '如何购买', '如何购买', '如何购买', '如果购买', '山东购买', '已经购买', '已经购买', '已经购买', '已经购买', '已经购买', '已经购买', '怎么购买', '怎么购买', '怎么购买', '怎么购买', '怎么购买', '怎么购买', '怎么购买', '怎么购买', '我们购买', '打算购买', '没有购买', '没有购买', '没有购买', '没有购买', '然后购买', '现在购买', '计划购买', '计划购买', '请问购买', '购买一个', '购买之后', '购买什么', '购买失败', '购买套餐', '购买怎么购买', '购买是哪里购买', '购买的话', '购买的话', '购买的话', '近期购买', '重新购买', '需要购买']
语义向量：[-0.04916245  0.34112386 -0.2222791  -0.04259733 -0.09017439  0.10227157
  0.07937215  0.06819109  0.20322715  0.49377526  0.26994283  0.06296622
  0.14681642  0.21891051 -0.19206012 -0.12504557 -0.07111391 -0.15100954
  0.659861   -0.51628997 -0.3326732   0.04699005  0.64811444 -0.75008982
  0.46298016  0.38404264 -0.0289534   0.23893113 -0.08512797 -0.39294878
 -0.06900329 -0.4812197   0.05873924  0.58591233  0.26554594 -0.03140316
 -0.53258452 -0.35461071  0.02061817 -0.07238312 -0.30573094 -0.44642643
  0.40343404  0.12850148  0.05581317  0.40018474  0.29576023  0.37306751
  0.28464765 -0.14976209 -0.06809834 -0.05822847  0.41848629 -0.43340955
  0.12259785 -0.06507458 -0.34795913 -0.13052475  0.05566874 -0.50007788
  0.41275188  0.68024356 -0.0623657  -0.54018744 -0.05138401  0.23295746
 -0.5275708  -0.83353599 -0.4815244  -0.42898872  0.0685496   0.31214836
 -0.01863577 -0.16158518 -0.33606381  0.22861564  0.06723321  0.46128845
  0.05329077 -0.81536042 -0.0262834   0.04322905 -0.0951681  -0.32252513
 -0.06659632  0.63895402  0.21198291  0.16157798  0.19130893  0.47497835
  0.22079232 -0.7924449  -0.48112662 -0.10986726 -0.05098426  0.34238602
 -0.07428664 -0.33347542  0.1704421   0.18436711 -0.05666773 -0.16761764
  0.49882994  0.0051583  -0.31990167 -0.56985261  0.06231407  0.40833369
  0.27862188  0.44726877 -0.07035722 -0.1149478  -0.55029951 -0.19292003
 -0.03677531  0.26997088 -0.07572036 -0.10634224 -0.19575355 -0.13882625
  0.00402983 -0.73566932  0.04866439 -0.03221862 -0.21605761  0.15092504
  0.07164586  0.08636089  0.13660772  0.02999542 -0.67435639  0.03633946
  0.01924196 -0.06577795  0.44660895  0.43946559  0.39565001  0.29213268
  0.5057897  -0.17544777 -0.56557058  0.18277592 -0.24065967 -0.3027575
  0.18734877  0.17853642 -0.30512679  0.41265685 -0.28543243 -0.16456687
 -0.48109671 -0.36220514  0.13793159  0.34785543  0.34903715  0.17379661
  0.2097932  -0.64893028  0.21710089  0.34338273  0.19294201 -0.38520669
 -0.15207614  0.47881996 -0.52051103 -0.50983403 -0.17990282 -0.30188867
 -0.00533586  0.01726745  0.33265313 -0.38778524 -0.13657503 -0.66206511
 -0.38156537  0.28804164 -0.47703063 -0.16476186  0.13185471  0.24675012
  0.535652    0.18526633  0.29195799 -0.05693933 -0.52322336 -0.0670596
 -0.53904989  0.17013152 -0.19298465  0.03060998 -0.09322354  0.03497168
  0.04263409 -0.30522256  0.10914925  0.17619646 -0.24884481  0.83983255
  0.00172772  0.16652356 -0.15000998 -0.05153117 -0.36257583  0.07994114
 -0.1589698   0.05318447 -0.12971969 -0.14139868  0.13068909 -0.07741405
  0.44459645 -0.21740916 -0.30133343 -0.39053229  0.34478268  0.07902892
  0.01287288  0.61528555  0.18773713  0.2702971   0.23990943  0.16952371
 -0.42455034  0.28477742  0.0354755   0.1813472  -0.21776968 -0.03431099
  0.2445436   0.43859556  0.03179333 -0.23875906  0.33969943 -0.15908747
 -0.02437189  0.23378406 -0.17026861 -0.61098486  0.0837541  -0.36669102
  0.07031931  0.78172187 -0.03476722 -0.24851605 -0.59274406  0.17288482
  0.16459593  0.14743064  0.03020323  0.25376386 -0.35778945 -0.02547435
 -0.22352003 -0.0590458  -0.02937974 -0.30717487  0.5322478   0.01556372
 -0.06712355  0.28967874  0.00926696 -0.27381864  0.36800701 -0.24654835
  0.17142393 -0.50234977 -0.67427213 -0.10348872  0.89691063 -0.21411109
  0.16696015 -0.31888804  0.37354105  0.29465319 -0.30940839 -0.03963827
  0.39633383  0.48123854  0.41607626  0.39858049  0.09622771 -0.10667327
  0.12394251 -0.18792511  0.07583806 -0.59089557  0.2927768  -0.11331299
  0.30852747 -0.50404443 -0.10172337 -0.21674035 -0.06430128  0.09569843
  0.03784036 -0.20705596  0.23774044  0.47999396  0.15944848 -0.16002421]


第4类： ['也就是只接购买软件就可以使用了', '产品是购买安装后立即可以使用是吗', '你们是提供软件服务还是也可以购买', '你们的软件是租用还是需要购买', '你们软件购买一次授权后面升级还要钱么', '假如我购买了语音包', '单纯的购买软件就可以了吗', '双方购买软件的都要交钱吗', '只要购买您公司的软件', '可以单独购买语音包吗', '在国内购买能在国外使用吗', '您好请问软件是怎么购买的', '我们公司之前是购买的电话会议', '我们已经购买过这个软件了', '我们想购买贵公司的电话会议服务', '我们软件从您这里购买', '我们还购买了两年的系统', '我们这边需要购买一套客服外呼系统', '是购买客户端数量还是怎么样', '电脑端必须要购买么', '设备什么的都不需要购买吧', '请问科天云软件购买费用是多少', '购买的一方使用时是要安装软件的吗', '购买语音包是全世界都通用的', '软件无限制运用需要怎么购买', '软件是要购买的吗', '软件购买后你们这边都有哪些服务吗', '这个不需要另行购买什么设备吧', '这边购买是不是请问这个软件', '那他们需要安装软件或者购买什么设备吗', '那是需要我购买什么设备吗', '那购买了之后只要手机下载']
语义向量：[-1.44914128e-03  1.12510364e-01 -6.55303622e-02 -2.69308246e-02
 -3.08230199e-02  7.03628576e-02  3.92216973e-02  3.15870335e-02
  5.42760902e-02  1.81244069e-01  8.40449382e-02  7.11811353e-02
 -6.95364844e-03  1.03056532e-01  9.52134524e-03 -3.98846809e-02
 -7.46522797e-02 -9.06008923e-02  1.19462227e-01 -2.04972967e-01
 -1.30873543e-01  8.10773484e-02  1.52968432e-01 -2.35052758e-01
 -6.06073933e-02  1.25495058e-01  5.71464526e-03  2.43683780e-02
 -2.49467452e-02 -1.32354014e-01 -6.42700259e-02 -2.24799777e-01
 -8.62893126e-02  1.30198341e-01  2.45069858e-02 -5.32152573e-02
 -1.54854186e-01 -1.81638259e-01 -1.80406009e-02 -2.24473002e-02
 -1.29276322e-01 -1.28958143e-01  4.39373551e-02  9.82176570e-02
 -1.93209090e-02  1.40122524e-01  1.75622224e-02  6.22230698e-02
  1.35254871e-01  2.20836533e-02 -9.34401357e-02  5.05868788e-02
  1.68819514e-01 -1.11402636e-01 -8.72345740e-02  5.97891264e-03
 -5.78712982e-02 -3.90107572e-02 -1.59145699e-02 -1.38304215e-01
  1.67124666e-01  2.09765486e-01 -7.03269533e-02 -2.53128904e-01
 -4.74193899e-02  5.23764913e-02 -1.39276518e-01 -3.06004599e-01
 -1.52465537e-01 -2.33090967e-01  7.32241319e-03  1.62264115e-01
  6.86886562e-02  1.72548747e-03 -4.29863758e-02 -4.42765896e-02
 -4.70818432e-02  1.92499850e-01 -3.20078847e-02 -2.73042023e-01
 -1.11816145e-01  6.20054129e-02  4.93727781e-02 -8.63143107e-02
 -1.12260791e-01  1.62647239e-01  5.79428666e-02  5.40230897e-02
  2.42314867e-02  1.66079685e-01  9.43296080e-02 -2.30521149e-01
 -1.60675434e-01 -1.27117179e-01  2.50894956e-02  2.33468342e-02
 -2.14244652e-02 -1.02253697e-01  4.63309126e-02  5.36755092e-02
  1.82111562e-02 -9.83894755e-02  1.46647454e-01  5.65886487e-02
 -7.57613281e-02 -1.90187553e-01 -1.60569446e-02  1.79620593e-01
  6.72907940e-02  5.37896854e-02 -2.12119431e-02 -3.80871319e-02
 -1.14495403e-01  1.16389153e-02 -3.40422421e-02  9.08401480e-02
 -5.65194982e-02  9.10520328e-03 -1.87312073e-01 -4.96480926e-02
  2.90654601e-02 -3.26829716e-01 -6.92109383e-02  1.20846453e-04
 -5.50016385e-03  5.18959649e-02  6.29909409e-02  4.35285131e-02
  7.24582851e-02  1.16395677e-01 -2.10057469e-01 -1.54288255e-02
  1.18674424e-01 -4.22286850e-02  1.71129822e-01  2.06555147e-01
  8.92793267e-02 -7.95966086e-02  9.86741328e-02 -9.71164503e-03
 -2.14775755e-01  7.44579282e-02  1.66414563e-02 -7.72984169e-02
  1.29533521e-01  5.74783840e-02 -1.50988685e-01  1.74475050e-01
 -8.47426339e-02 -1.19188550e-02 -1.49017492e-01 -6.65607648e-02
  2.14129532e-03  1.00724760e-01  1.03021820e-01  1.03421099e-01
  1.72974649e-02 -2.89912791e-01  1.06090854e-01  1.52363494e-01
  1.52536093e-01 -1.48743931e-01  1.36350019e-02  2.44787376e-01
 -2.33161670e-01 -5.16093176e-02 -1.68530519e-01 -1.53089866e-01
  3.91512881e-02 -8.46504743e-02  1.94382244e-02 -1.62094558e-01
 -4.56665126e-02 -1.24174330e-01 -1.14710931e-01  1.85954963e-02
 -1.62382852e-01  6.12162725e-02  6.58196595e-02  9.72893332e-02
  2.52722795e-01  7.18053351e-02  1.36956699e-01 -7.63994587e-02
 -2.10967318e-01  6.20478815e-02 -2.07493317e-01  1.06303318e-02
 -9.49492240e-02  8.29778783e-02 -5.48611338e-02  1.74008799e-02
  5.93833626e-02 -1.06444351e-01 -5.80240092e-02 -2.85273006e-03
 -8.61280197e-02  3.59678627e-01 -3.71825031e-02  4.56646367e-02
 -1.45131573e-01 -5.93345070e-02 -1.63653997e-01  2.24352861e-02
 -1.10295630e-01  7.50564878e-03 -1.08906623e-02 -1.28698866e-02
  9.66973846e-02 -2.15258340e-02  1.39929136e-01 -3.00281939e-02
 -6.89235278e-02 -1.67790541e-01  1.57181484e-01  6.89288972e-03
  7.74871476e-03  1.87424611e-01 -3.57676671e-02  9.87697517e-02
  8.62014247e-02  6.87597091e-02 -3.86604383e-02  2.90784171e-02
  4.76246938e-02  8.49714792e-02 -6.33007367e-02  1.03775075e-02
  7.63099118e-02  1.39742256e-01  2.60465672e-03 -6.90178282e-02
  1.01109180e-01  7.63371501e-02  6.55688011e-02  2.38809538e-02
 -1.25958457e-01 -1.68110176e-01  3.90963309e-02  5.42422848e-02
  2.26824226e-02  1.45993270e-01 -3.79188841e-02 -9.69997562e-02
 -1.58931333e-01 -5.00467831e-02  8.91164825e-02  3.82641909e-02
  6.44707854e-02  1.03001078e-01 -1.11168052e-01  1.55334787e-02
 -9.34350537e-02  1.19800744e-02 -1.95200727e-02 -1.03205518e-01
  1.45241335e-01 -2.58339527e-02 -2.50548605e-02  8.26530216e-02
  1.01568836e-01 -1.19281489e-01  1.35464093e-01 -1.61612473e-01
  9.35095189e-02 -1.76788950e-01 -1.78133214e-01  8.33500343e-03
  2.94985671e-01 -7.84074134e-02 -3.17866571e-03 -9.78136697e-02
  1.35842501e-01  5.68547751e-02 -1.29873330e-01  3.44599380e-02
  1.62011252e-01  1.34781114e-01  1.39776165e-01  7.36309639e-02
  1.61241984e-02 -3.91974476e-02  2.93396352e-02 -7.41469696e-02
  9.08097740e-02 -2.19565792e-01  1.02281126e-01 -1.26349171e-01
  1.53936598e-01 -1.13712216e-01 -7.53034865e-02  1.95265870e-02
  4.92740190e-03 -2.97826719e-02  2.78190641e-02 -3.68798020e-02
  1.29670146e-01  1.55437060e-01  4.82117191e-02 -4.32961101e-02]


第5类： ['不需要购买', '之前购买的', '以前购买过', '公司没有购买', '公司购买的', '具体后续购买', '具体购买形式', '另外你们购买', '可以单单购买', '咋购买呢', '在哪儿购买', '在哪里购买', '如何购买的', '如果不购买', '如果不购买', '如果不购买', '如果不购买', '如果希望购买', '如果我要购买', '如果有购买', '对方购买了', '已经购买了', '已经购买了', '已经购买了', '已经购买了', '已经购买了', '已经购买了', '已经购买了', '已经购买了', '已经购买了', '已经购买了', '已经购买了', '已经购买了', '已经购买了', '已经购买了', '已经购买的', '已经购买的', '已经购买的', '已经购买过', '应经购买了', '必须购买吗', '怎么购买呢', '想要购买啊', '想购买一个', '我们有购买', '我们购买了', '我们购买了', '我们购买了', '我们购买了', '我们购买的', '我已经购买', '我想要购买', '我想购买', '我想购买', '我想购买', '我想购买', '我想问下购买', '我没有购买', '我没有购买', '我购买了', '我购买了', '我需要购买', '是要购买', '有没有临时购买', '有计划购买', '有计划购买', '有计划购买', '有购买计划', '有购买计划', '有购买计划', '正式购买的', '没有购买啊', '没有购买计划', '由深圳购买', '直接购买后', '线下怎么购买', '请问如何购买', '请问购买这个', '购买了的', '购买了的', '购买在北京', '购买在河南', '购买方式呢', '购买的版本', '购买过了', '购买过了', '购买过了', '购买过了', '购买过的', '购买过的', '购买过的', '购买过的', '购买过的', '还是不用购买', '还有购买的', '还未购买', '还没有购买', '还没购买', '这个怎么购买', '这个购买是', '这个购买的话', '这个需要购买', '这边购买是不是', '这边购买的话', '需要购买哪']
语义向量：[-0.03255352  0.22587931 -0.1471848  -0.02820634 -0.05971007  0.06772036
  0.05255723  0.04515356  0.13456933  0.32695928  0.17874593  0.04169385
  0.09721628  0.14495425 -0.12717494 -0.08280044 -0.04708894 -0.0999928
  0.43693498 -0.34186769 -0.22028361  0.03111503  0.42915687 -0.49668109
  0.30656794  0.25429851 -0.01917184  0.15821116 -0.05636852 -0.26019582
 -0.04569137 -0.31864548  0.0388949   0.38796899  0.17583448 -0.02079398
 -0.35265732 -0.2348098   0.01365257 -0.04792936 -0.20244347 -0.2956067
  0.26713875  0.08508882  0.03695737  0.2649872   0.19584124  0.2470312
  0.1884829  -0.09916679 -0.04509215 -0.03855669  0.27710578 -0.28698739
  0.08117966 -0.04308992 -0.23040538 -0.08642855  0.03686173 -0.33113265
  0.27330866  0.45043156 -0.04129621 -0.35769168 -0.03402455  0.15425561
 -0.34933743 -0.55193597 -0.31884724 -0.28406009  0.04539095  0.20669283
 -0.0123399  -0.10699559 -0.22252874  0.15138063  0.04451929  0.30544776
  0.03528713 -0.53990084 -0.01740388  0.02862464 -0.06301671 -0.21356393
 -0.04409756  0.42309117  0.14036706  0.10699082  0.12667753  0.3145127
  0.14620031 -0.52472705 -0.31858385 -0.07274994 -0.03375985  0.22671507
 -0.0491898  -0.22081481  0.11286031  0.12208092 -0.03752322 -0.11099005
  0.33030632  0.00341563 -0.21182679 -0.37733483  0.04126202  0.27038312
  0.18449287  0.29616445 -0.04658789 -0.07611408 -0.36438751 -0.12774435
 -0.02435122  0.17876451 -0.05013916 -0.07041581 -0.1296206  -0.09192549
  0.0026684  -0.4871324   0.03222372 -0.02133395 -0.14306517  0.09993685
  0.04744118  0.05718492  0.09045646  0.01986183 -0.44653329  0.02406262
  0.0127413  -0.04355567  0.29572755  0.29099748  0.26198447  0.1934392
  0.3349148  -0.11617488 -0.37449944  0.1210273  -0.15935573 -0.20047456
  0.12405527  0.11822006 -0.20204341  0.27324575 -0.18900256 -0.10896996
 -0.31856403 -0.23983854  0.09133308  0.23033671  0.2311192   0.11508154
  0.13891712 -0.42969707  0.14375599  0.22737505  0.12775891 -0.25506929
 -0.10069907  0.31705645 -0.3446627  -0.33759281 -0.11912484 -0.19989926
 -0.0035332   0.01143385  0.22027032 -0.25677672 -0.09043482 -0.43839446
 -0.25265816  0.19073027 -0.31587163 -0.10909907  0.0873092   0.16338859
  0.3546885   0.12267635  0.19332354 -0.03770307 -0.3464587  -0.04440433
 -0.35693845  0.11265466 -0.12778713  0.02026877 -0.0617291   0.02315692
  0.02823068 -0.20210683  0.0722745   0.11667063 -0.16477562  0.55610532
  0.00114403  0.11026561 -0.09933093 -0.03412199 -0.24008399  0.05293399
 -0.10526379  0.03521674 -0.08589547 -0.09362885  0.08653737 -0.05126065
  0.29439494 -0.14396012 -0.1995316  -0.25859571  0.22830205  0.05232996
  0.00852394  0.40741882  0.12431242  0.17898051  0.15885894  0.11225218
 -0.28112116  0.18856883  0.02349054  0.12008125 -0.14419885 -0.02271944
  0.16192752  0.2904214   0.02105234 -0.15809722  0.22493611 -0.1053417
 -0.01613814  0.15480296 -0.11274543 -0.40457106  0.0554588  -0.24280892
  0.04656279  0.51762664 -0.02302154 -0.16455792 -0.39249268  0.11447778
  0.1089892   0.09762299  0.01999944  0.16803282 -0.23691463 -0.01686815
 -0.14800651 -0.03909789 -0.01945416 -0.20339958  0.35243437  0.0103057
 -0.04444667  0.1918143   0.00613623 -0.18131234  0.24368031 -0.16325499
  0.11351044 -0.33263701 -0.4464775  -0.06852631  0.59390026 -0.14177626
  0.1105547  -0.21115559  0.24734475  0.19510819 -0.20487852 -0.02624696
  0.26243725  0.31865796  0.27550995  0.26392493  0.06371835 -0.070635
  0.08207004 -0.12443689  0.05021709 -0.3912687   0.19386572 -0.07503157
  0.20429522 -0.33375916 -0.06735737 -0.14351726 -0.04257788  0.06336788
  0.02505646 -0.13710462  0.15742272  0.31783384  0.10558075 -0.10596198]


第6类： ['不购买额外的硬件', '不需要另外购买硬件支持的', '不需要购买指定硬件吧', '不需要购买设备吗', '只购买语音包行不', '只需要电话会议的话购买', '好让我们之后购买硬件设备', '就是购买服务的模式', '我不需要购买任何硬件设备吗', '我想购买一个视频监控', '是需要自己购买硬件吗', '有意向购买服务', '目前摄像硬件还没购买呢', '硬件我们自己购买吗', '要购买什么设备', '设备是自己购买吗', '购买你们的服务后', '还是需要购买相应的硬件', '需要购买什么硬件支撑', '需要购买什么硬件设备么', '需要购买什么设备吗', '需要购买什么设备能实现', '需要购买终端么']
语义向量：[ 5.04792158e-03  1.87444280e-01 -7.40538887e-02 -1.87470943e-02
 -9.11449400e-02  1.21753366e-01  6.71946039e-02 -1.40848674e-02
  9.98077786e-02  2.02384185e-01  7.73323582e-02  4.65180693e-02
  2.53798272e-02  1.34678427e-01 -4.21259025e-02 -1.38847634e-01
 -7.55758943e-02 -1.59984883e-01  2.31499902e-01 -2.82332982e-01
 -1.63934230e-01  1.01432017e-01  2.10280743e-01 -3.54836531e-01
  2.72082671e-03  1.69889362e-01  1.19143136e-02  3.69835715e-02
  1.46087429e-03 -1.31498564e-01 -1.11714013e-01 -3.56360312e-01
 -5.93170233e-02  2.00373333e-01  6.46397371e-02 -5.12353056e-02
 -2.05806376e-01 -2.10149738e-01  5.96298285e-02 -5.85084754e-02
 -1.81378606e-01 -2.43098888e-01  1.08047391e-01  1.24224131e-01
 -3.26561423e-02  1.94144533e-01  6.99731990e-02  1.34089499e-01
  1.76679235e-01  1.84010545e-04 -1.45009761e-01  6.47595835e-02
  2.44710716e-01 -1.51312056e-01 -8.62525344e-02 -3.21082736e-02
 -3.39534380e-02 -8.75568110e-02 -1.94419323e-02 -2.33568374e-01
  2.03015769e-01  3.05432805e-01 -9.01681231e-02 -3.43957480e-01
 -1.31132650e-01  6.00393057e-02 -2.27213981e-01 -4.14300736e-01
 -1.77543087e-01 -3.19916325e-01  4.32844505e-02  9.91368357e-02
 -1.51985100e-02 -6.15528268e-02 -8.31652995e-02 -4.34679348e-02
 -4.70688774e-02  2.75417877e-01  3.17022325e-02 -3.95455710e-01
 -1.14513586e-01  7.04587538e-02  9.52673801e-02 -2.22936828e-01
 -5.11353486e-02  2.37781207e-01  1.07058015e-01  8.21994625e-02
  5.84009833e-02  2.56541462e-01  1.55182159e-01 -4.22851389e-01
 -1.59764632e-01 -1.70078302e-01  5.16366416e-03  6.11814540e-02
  3.72131688e-02 -2.01801208e-01  1.07623632e-01  5.30999295e-02
 -4.18524650e-02 -1.47409238e-01  2.09656483e-01  8.34691909e-02
 -1.20252794e-01 -2.23750974e-01 -1.71248250e-02  2.72931425e-01
  9.20126750e-02  1.43252792e-01 -7.12909516e-02 -4.82484138e-02
 -1.62999377e-01 -4.07794426e-02 -5.76307995e-02  1.12527125e-01
 -3.59469948e-02  4.18088683e-02 -2.16765424e-01 -5.73673758e-03
 -5.66736821e-03 -4.43681580e-01 -7.80045951e-02 -9.54032537e-03
 -5.46910426e-03  1.76256428e-01  2.02093074e-02  6.56246652e-02
  9.65623428e-02  1.11723706e-01 -3.37619292e-01 -2.18410932e-02
  1.47912097e-01 -2.91233068e-02  2.16554675e-01  3.66881030e-01
  2.21317831e-01 -9.76994272e-02  1.96858117e-01 -4.31082637e-02
 -2.98866095e-01  1.06769694e-01  1.40224811e-02 -1.03777113e-01
  1.55407732e-01  4.17037013e-02 -2.35538559e-01  3.13371725e-01
 -9.79798226e-02 -3.31898207e-02 -1.67458424e-01 -1.21072923e-01
  1.69361210e-02  1.31707688e-01  1.21008698e-01  1.17455366e-01
  8.98485929e-02 -4.13839550e-01  1.74524380e-01  2.00066993e-01
  1.83187047e-01 -2.09082574e-01 -1.13187797e-02  3.59985992e-01
 -2.82166276e-01 -1.75471955e-01 -1.15949130e-01 -1.76390203e-01
  4.54315957e-02 -8.00870319e-02  9.34277430e-02 -3.00632457e-01
 -6.50295841e-02 -2.21509293e-01 -1.66546909e-01  8.35109139e-02
 -2.09678098e-01  3.29443653e-02  1.18011216e-01  1.42348805e-01
  3.03314771e-01  8.77269633e-02  1.71619310e-01 -1.16978557e-01
 -2.89523789e-01  3.43262858e-02 -3.71007551e-01  1.55010264e-02
 -1.43811149e-01  9.67887284e-02 -3.49420434e-02  7.45727055e-02
  7.46102471e-02 -1.51589590e-01 -3.90643956e-02 -2.64993457e-02
 -1.37569808e-01  4.76113677e-01 -6.46781081e-02  5.51914858e-02
 -2.04804580e-01 -3.78631899e-02 -1.96451236e-01  4.17938269e-02
 -1.56682207e-01 -2.60466300e-02  5.17720263e-02 -8.40081908e-02
  1.32352091e-01 -3.06200703e-02  2.13299492e-01 -5.40284629e-02
 -1.82844991e-01 -2.19811689e-01  2.58915645e-01  4.01015051e-02
  5.91932365e-03  2.29389907e-01 -5.26956473e-03  1.93387059e-01
  6.87408351e-02  5.44737440e-02 -9.54131572e-02  1.13137749e-01
 -3.07892212e-02  1.57783706e-01 -7.37828369e-02 -3.24391563e-02
  1.09312315e-01  1.10004935e-01 -1.13113059e-02 -1.25718970e-01
  1.29263504e-01 -1.34787311e-02  3.55466713e-02  7.38552955e-02
 -1.47010755e-01 -3.22866640e-01  8.13645182e-02  6.81111679e-02
  6.48637594e-02  2.43352887e-01 -5.15159063e-02 -1.58708542e-01
 -2.08493383e-01 -5.84169660e-02  1.03315726e-01  9.37567889e-02
  9.72579954e-02  7.87600148e-02 -1.17684879e-01 -1.20954287e-02
 -1.40789350e-01 -1.00866892e-02 -4.88757488e-02 -8.38423824e-02
  1.94227561e-01 -9.60255824e-02 -5.11164119e-02  1.09541222e-01
  8.45974195e-02 -1.39295796e-01  1.94004831e-01 -2.31377641e-01
  1.08155044e-01 -2.10884170e-01 -2.36693502e-01 -3.56543523e-02
  3.96530306e-01 -1.17232203e-01  9.77893352e-03 -1.10386449e-01
  2.19484213e-01  1.07101692e-01 -1.64941033e-01  6.29029209e-02
  2.47173675e-01  2.07620717e-01  1.78436429e-01  1.54969616e-01
  6.22404957e-03 -9.06945096e-02  6.35899939e-02 -8.83696121e-02
  1.08616561e-01 -2.30376932e-01  1.81475982e-01 -1.95907939e-01
  1.59931444e-01 -1.70067040e-01 -9.12188762e-02 -2.53594513e-02
 -1.03784815e-02  2.16864418e-02  1.76199853e-02 -6.45782776e-02
  2.14078587e-01  1.60753468e-01  2.92200167e-02 -1.05900522e-01]


第7类： ['个人能够购买你们的产品吗', '产品在线购买是怎么操作', '产品购买付款线上线下都行吗', '你们这个产品是如何购买呢', '公司已经有人去咨询购买事宜了', '另外产品购买的价格是怎么算的', '在重庆想购买产品', '如果我购买了产品', '如果购买了这个产品', '如果购买了这个产品', '就是不需要在购买外接产品', '就是我购买价格怎么样的啊', '怎么购买你们的产品', '想咨询一下科天云的购买', '想购买你们的产品', '我们公司已经购买了你们的产品', '我们公司应该购买了产品了的', '我们是企业用户如何购买申请电话会议系统', '我是打算在线购买的', '我购买成功了你们的服务', '我这次想购买远程协助的产品', '是只要购买你们的服务', '科云天是不是只能购买服务', '购买之后没有上门培训吗', '购买的账号是按服务来计费的', '还需要购买其他的服务么', '这个是负责公司软件购买这边的', '那购买方案有哪些呢', '问下一个产品的购买']
语义向量：[ 2.22120379e-02  1.22834248e-01 -9.88871445e-02 -9.74345730e-03
 -5.57830611e-02 -3.41080639e-04  3.85180503e-02  4.12588443e-02
  1.71084315e-02  1.23444000e-01  9.55742373e-02 -7.20458466e-03
 -3.46437844e-02  8.78436754e-02 -7.09122116e-02 -7.79067291e-02
 -6.63462667e-02 -8.97132644e-02  1.36050649e-01 -1.84635302e-01
 -1.53014877e-01  4.25915910e-02  2.54201684e-01 -2.59775758e-01
  5.08495168e-02  1.20044839e-01 -1.62150135e-02 -6.31455300e-03
 -2.14588572e-02 -1.55000657e-01 -1.28506781e-01 -1.98881029e-01
 -1.56496404e-02  5.02714645e-02 -3.62431636e-02 -8.25176841e-02
 -2.06588250e-01 -2.11228576e-01  3.80003031e-02  2.00831066e-02
 -1.60764966e-01 -1.47794572e-01  1.27560565e-01  1.58594611e-01
  4.92360801e-03  1.27383403e-01  5.46409691e-02  8.37074157e-02
  9.69377248e-02 -4.05070268e-03 -1.04718151e-01  6.26430781e-02
  1.43897863e-01 -1.22093550e-01 -1.64703747e-02 -5.07074261e-03
 -5.56386681e-02 -4.01682382e-02  1.31447547e-02 -2.14935112e-01
  1.71748308e-01  3.22005497e-01 -2.96127272e-02 -2.79220097e-01
 -5.82762862e-02  5.76947546e-02 -1.37116030e-01 -3.42830762e-01
 -2.28547957e-01 -2.49038282e-01  1.69178679e-02  1.46941651e-01
 -2.38183741e-02 -1.83173135e-02 -1.15512051e-01  3.94589229e-02
 -3.04971943e-02  2.74088217e-01  1.42410103e-02 -2.84719133e-01
 -5.06732619e-02  7.58384685e-02  3.32473857e-02 -1.57427070e-01
 -5.11914933e-02  2.42211068e-01  1.09837970e-01  8.14854503e-02
 -2.68765186e-03  1.45328485e-01  1.19637010e-01 -2.94288276e-01
 -1.63094185e-01 -9.33055212e-02  6.83623028e-02  7.90435320e-03
  1.37118367e-02 -4.96713376e-02  3.83694440e-02  6.05066313e-02
  2.34783626e-02 -9.57553628e-02  2.06408394e-01  6.40853367e-02
 -1.15411885e-01 -2.06949199e-01  5.23675056e-04  1.99413853e-01
  4.37504299e-02  1.20167021e-01 -6.90301506e-02 -1.07686431e-01
 -2.13857871e-01  9.49478772e-03  2.87364758e-02  5.66275655e-02
 -4.06686236e-03 -1.29610796e-02 -1.39741854e-01 -8.80571478e-02
  2.03392303e-02 -3.27600600e-01 -5.83385439e-02 -5.84694741e-02
 -3.43431246e-02  3.02935080e-02  1.85231066e-03  3.45294314e-02
  6.86261184e-02  1.02132129e-01 -2.42487548e-01  1.68773392e-02
  5.97145308e-02  1.09706904e-02  2.04251793e-01  2.06605061e-01
  1.41874406e-01 -5.51099754e-02  1.59501798e-01 -4.53208997e-02
 -2.49509767e-01  7.96271373e-02 -1.71542711e-02 -9.84811730e-02
  1.49225871e-01  5.12506414e-02 -2.01906173e-01  2.01058878e-01
 -5.87365800e-02 -2.05533769e-02 -1.86833702e-01 -1.11392778e-01
 -6.65750186e-03  1.01972827e-01  1.44041086e-01  1.07009464e-01
  2.62258516e-02 -3.06305064e-01  1.09379382e-01  1.40987752e-01
  1.45483459e-01 -1.32559665e-01 -6.66104923e-03  2.48149058e-01
 -2.23313575e-01 -8.08947354e-02 -1.33823983e-01 -1.75458965e-01
 -3.07584733e-02 -4.34759517e-02  5.71206471e-02 -1.82168926e-01
 -3.80175335e-02 -1.50840652e-01 -8.28773998e-02  4.32340602e-02
 -2.37024102e-01  4.49544506e-02  8.27693365e-02  8.78016653e-02
  2.66537134e-01  1.06011533e-01  1.61265659e-01 -6.93390829e-02
 -1.92076407e-01  2.21482097e-02 -2.18066923e-01  4.99367312e-02
 -1.37218036e-01  3.20717372e-02 -1.51180677e-02  1.28554363e-02
  9.29469704e-02 -1.42284879e-01 -1.17878192e-02  3.45876574e-02
 -1.26615521e-01  3.30276519e-01 -5.62688940e-02  5.55094182e-02
 -1.31437930e-01 -3.84867603e-02 -1.07587253e-01  7.88044536e-02
 -3.66001479e-02 -1.85459935e-02 -1.98950498e-02  3.39902777e-02
  1.19618071e-01  1.87151195e-02  1.42688352e-01 -1.05275262e-01
 -1.04717509e-01 -1.90286308e-01  1.67954507e-01  3.30186295e-02
  8.03291260e-03  2.02403942e-01  6.42715431e-02  1.37892481e-01
  8.63538145e-02  5.63001905e-02 -3.38472154e-02  9.17779658e-02
 -2.29956070e-02  1.26294839e-01 -3.42118707e-02 -1.30447760e-02
  3.96191844e-02  1.62998083e-01 -2.16901452e-02 -1.24172501e-01
  7.63767924e-02  5.76126381e-02  6.30868336e-02  3.51253696e-02
 -1.28656322e-01 -2.50123623e-01 -5.49656173e-04 -1.63943814e-03
  4.72690557e-02  2.19815083e-01 -2.67297878e-02 -6.66105213e-02
 -1.26729769e-01  4.81398808e-03  6.52177912e-02  8.99191796e-02
  5.99986161e-02  1.01629675e-01 -1.58209261e-01 -3.88599229e-02
 -1.10336493e-01 -5.38289671e-02 -4.66675454e-02 -1.03174843e-01
  1.58018819e-01 -4.81041138e-02 -2.16323233e-02  9.40016946e-02
  4.95314264e-02 -1.41516528e-01  1.64120081e-01 -2.00418034e-01
  1.15791487e-01 -2.20738762e-01 -2.36074771e-01 -6.39112206e-02
  2.63063276e-01 -1.21956315e-01  2.63353420e-02 -1.72877940e-01
  1.22137868e-01  6.62460790e-02 -1.09593814e-01 -2.73570898e-02
  2.46927318e-01  1.17980286e-01  1.96081458e-01  1.05967501e-01
 -5.47293951e-02 -9.31140239e-03  2.90997999e-02 -1.03824357e-01
  8.57310637e-02 -2.55306023e-01  1.29543989e-01 -8.51493023e-02
  8.17702022e-02 -1.41091617e-01  4.56801934e-03 -4.81733609e-02
 -5.57320266e-02  2.13296255e-02  6.30812596e-02 -5.25510690e-02
  8.85340928e-02  1.34173706e-01  5.70502922e-02 -3.35155401e-02]


第8类： ['一个月之后再决定是否购买是吧', '一般是不是购买一个权限就可以了', '不过我们是委托第三方公司购买的', '中国发起的话需要在中国再次购买吗', '中国境内可以购买和使用吗', '之前是我们公司其他部门购买使用的', '也就是只有发起方需要购买你们服务', '你们这边购买都是通过顺丰发送合同的吗', '假如要购买的话是怎么算', '公司应该是已经购买了呢', '公司购买的话也是直接在网上下单吗', '发起放需要购买就可以了是吧', '只需要一方购买就可以吼', '在还没购买的情况下', '如果发起人购买了的话可以更多放么', '如果可以按次购买点数是最好的了', '如果我从你们代理商那里购买你们的', '如果我购买的是中国区的', '如果效果好的我会购买的', '如果是要使用你们的这个软件是需要购买还是怎样', '如果有更高要求可以自行购买摄像头和麦克风', '就是说你们售前是不知道购买了大陆账号', '就是购买你们的产品我们直接装上我们原有的摄像头就可以了是吗', '广州数码乐华科技有限公司购买的以下产品将于', '您这边是有购买计划再做测试是嘛', '想确认一下如果购买普通的', '我以前公司是是这个的现在想自己购买', '我们不需要购买贵公司的设备吧', '我们公司已经购买了你们的指标', '我们公司是已经购买过科天云的产品的', '我们商务说我们自己购买账号十分麻烦呢', '我们日常工作都是用公司购买的账号', '我们是否只需购买你们的软件就可以用', '我们购买的本意是作为公司账户来用', '我们这边使用的话需要购买什么产品吗', '我公司现在已经购买了你们家的', '我可以把我们要购买的设备清单发给贵公司给我们报个价行吗', '我在看在线购买的事情', '我好像看见那个购买界面了', '我就问你是不是得购买才行', '我想问下您这边是怎么购买的', '我想问下购买时只能按一年来算', '我指的是对于已经购买了的用户', '我是说产品购买了后开会还需不需要你们介入', '我现在只能告诉你我们可能购买', '我现在注册的账户和购买的账户的区别您能再跟我说一下么', '我看你们是可以直接网上购买的不是吗', '我购买以后是网上培训如何使用吗', '我购买的一个公司账号被锁定了', '我购买贵公司的万年船行车记录仪', '或者公司总部已经购买过了只是我还不知道', '所以在没购买分钟数的情况下', '所以研究是否单独购买语音包同时使用', '效果好当然会提出购买计划', '是不是我只需要购买账号就可以了', '是按月购买的租赁形式', '是的公司有意向租赁或者购买', '是要另外购买才能使用的吗', '是需要购买才能用的吧', '有要求一定是要购买的那方登入主持会议吗', '沈阳这边统一购买就可以吗', '然后现在有两方是购买了', '现在购买是打电话给那个刘晓雯吗', '看你们在线商城的购买流程并没有什么负责人对接的情况下就要付费了', '若要购买的话价格是怎么样的呢', '请问一下购买价格是怎样计算的', '请问他这种个人用户该如何购买呢', '请问具体购买和使用方式是什么', '购买之后是不是会有一个专属的登陆链接', '购买之后给不给我们进行培训', '购买有最少起订数量的吗', '购买的版本才可以是吧', '还是企业购买的话有另外的功能', '这个是一个人购买了就可以嘛', '这个是根据我们购买的数量的事吗', '这种购买有网站的限制么', '这边我如果要购买个人版本的可以么', '通过美国网站和你们网站购买有何不同', '那个我在问一下那个购买账号的话是帮我们这个所有设备都弄好的吗', '那你们这儿的电话会议是需要购买套餐之类的吗', '那其他人是不是就不用购买吧', '那只能到时候我们购买了之后才会有人数多一点的是吧', '那在你这购买账号是怎么算钱的呢', '那如果主持人已经购买了你们的服务呢', '那如果人多的话就需要购买服务了', '那就是相对于租用或者购买云服务的方式对吧', '那就是相当于购买后的使用效果了是吧', '那您们这边我看到有一个购买分钟数', '那我们是购买您的软件还是怎样才能使用呢', '那我只需要购买几个账户', '那通常一个公司得购买好多个分给不同团队了吧', '除了购买这一部分之外有租赁的模式吗', '需要在基础服务上额外购买的是吗']
语义向量：[-1.02949802e-02  7.89234053e-02 -5.36802654e-02 -1.25632324e-02
 -2.64163456e-02  2.15884863e-02  1.84458287e-02  2.44307750e-02
  3.79817457e-02  1.11359739e-01  5.75422831e-02  2.29094559e-02
  1.86524811e-02  5.43542084e-02 -3.52895679e-02 -3.16120890e-02
 -2.01691256e-02 -4.28912457e-02  1.41464925e-01 -1.18646755e-01
 -7.61869692e-02  2.17850956e-02  1.50548574e-01 -1.77011976e-01
  8.02749668e-02  9.10709770e-02 -1.00883890e-02  4.15155238e-02
 -2.12617947e-02 -9.61278288e-02 -3.15634621e-02 -1.13242926e-01
  1.42779973e-03  1.21363656e-01  4.80962282e-02 -1.54103477e-02
 -1.25281919e-01 -9.02478191e-02  4.70216044e-03 -1.77174134e-02
 -8.04703023e-02 -1.02648674e-01  8.70526608e-02  4.80470526e-02
  4.94118857e-03  8.88633154e-02  6.09572557e-02  7.56684602e-02
  6.27355187e-02 -2.86828918e-02 -2.51019640e-02 -3.77951322e-03
  1.00525394e-01 -9.71889962e-02  1.57540884e-02 -1.01259741e-02
 -6.88264881e-02 -3.39307210e-02  5.71317786e-03 -1.21218493e-01
  1.04109716e-01  1.66569526e-01 -1.74204174e-02 -1.45670446e-01
 -1.96893772e-02  5.21373984e-02 -1.19932584e-01 -2.04214937e-01
 -1.12038451e-01 -1.13456987e-01  1.82931712e-02  8.41555861e-02
  1.55782455e-04 -3.42549807e-02 -6.39200977e-02  4.71843169e-02
  6.34609364e-03  1.21434738e-01  4.90239592e-03 -1.89263037e-01
 -1.44749242e-02  1.74882132e-02 -7.85324224e-03 -7.81713789e-02
 -2.96562680e-02  1.49790855e-01  5.03169494e-02  4.14323263e-02
  3.36175694e-02  1.05793838e-01  5.39822377e-02 -1.88872845e-01
 -1.11937991e-01 -3.61543542e-02 -1.85367879e-03  6.45892815e-02
 -1.42400086e-02 -7.22483347e-02  3.53569631e-02  4.53979786e-02
 -8.39546670e-03 -4.47153485e-02  1.13657439e-01  1.08402104e-02
 -7.18335127e-02 -1.35951716e-01  1.42339116e-02  1.07508138e-01
  5.74048905e-02  9.75643133e-02 -1.87307524e-02 -3.43722170e-02
 -1.23484902e-01 -3.04118394e-02 -1.37059325e-02  4.87165288e-02
 -1.96993673e-02 -1.12044439e-02 -5.91377564e-02 -3.71589596e-02
 -1.08041189e-03 -1.84688088e-01  9.19018047e-03 -1.34754870e-02
 -4.71321877e-02  4.39509668e-02  1.60709301e-02  1.86277116e-02
  3.66254570e-02  1.82614309e-02 -1.56715326e-01  5.58358726e-03
  2.22036663e-02 -9.46720043e-03  1.13012425e-01  1.16132130e-01
  9.20885790e-02  3.89711343e-02  1.09928571e-01 -3.64931302e-02
 -1.41126693e-01  4.74197796e-02 -4.39686590e-02 -6.79621319e-02
  5.87752770e-02  2.87182819e-02 -7.90785004e-02  1.09425506e-01
 -5.77723056e-02 -3.42450603e-02 -1.15910618e-01 -8.07573519e-02
  2.79937158e-02  8.02402568e-02  7.99395703e-02  4.51859318e-02
  4.55070969e-02 -1.71441155e-01  5.47761148e-02  9.22942009e-02
  6.27497031e-02 -9.54465891e-02 -2.89194074e-02  1.33678537e-01
 -1.27824077e-01 -1.05203066e-01 -5.66931758e-02 -7.90482185e-02
 -6.43643286e-04 -1.08981199e-02  6.96553447e-02 -9.64499915e-02
 -3.05506872e-02 -1.40346773e-01 -7.99214437e-02  6.24289937e-02
 -1.21083566e-01 -1.97057030e-02  2.87027142e-02  6.07808679e-02
  1.41710472e-01  4.86100956e-02  7.51564504e-02 -1.80181112e-02
 -1.26711059e-01 -5.98963143e-03 -1.29423909e-01  3.81473966e-02
 -5.48111444e-02  1.34517689e-02 -2.36430648e-02  1.14729353e-02
  1.52194592e-02 -7.28237250e-02  1.82862260e-02  3.26173490e-02
 -7.02259731e-02  2.05484920e-01 -5.92113047e-03  3.73033386e-02
 -4.86081379e-02 -1.31455242e-02 -8.37438366e-02  2.52661474e-02
 -4.39419202e-02  1.08694148e-02 -2.14217362e-02 -2.97302121e-02
  4.09081625e-02 -1.28119501e-02  1.00173735e-01 -5.08507916e-02
 -7.40137249e-02 -1.03359084e-01  8.68116902e-02  1.54414351e-02
  9.80926344e-03  1.39092150e-01  4.17077325e-02  7.13193704e-02
  5.69039307e-02  4.28556336e-02 -8.11154046e-02  5.77297020e-02
  3.76522530e-03  4.94248212e-02 -4.57914690e-02 -4.04173362e-03
  5.85854260e-02  1.06284453e-01  2.49822090e-03 -5.98364068e-02
  7.53268130e-02 -1.50512463e-02  6.17561201e-03  4.72539299e-02
 -5.35560092e-02 -1.39701522e-01  1.49250549e-02 -6.15249843e-02
  1.94082186e-02  1.70553049e-01 -1.70157428e-02 -5.98510451e-02
 -1.32369660e-01  2.59882728e-02  4.01518228e-02  3.47622484e-02
  1.86233936e-02  5.42243784e-02 -8.74612883e-02 -1.46060655e-02
 -5.76291421e-02 -1.78934447e-02 -6.73235844e-03 -6.88069129e-02
  1.18627875e-01 -5.31681363e-03 -2.16100719e-02  6.91474023e-02
  1.66210213e-02 -6.85335167e-02  9.21714403e-02 -7.16755936e-02
  4.96996218e-02 -1.28555763e-01 -1.54111480e-01 -2.15801065e-02
  2.05605763e-01 -5.72543037e-02  3.62612185e-02 -8.11093712e-02
  9.10663649e-02  6.25662091e-02 -7.24559517e-02 -9.83313788e-03
  1.04117873e-01  1.05319207e-01  1.05868259e-01  8.55648630e-02
  1.71561806e-02 -1.93633527e-02  2.56312351e-02 -5.03348410e-02
  2.64612908e-02 -1.46400261e-01  7.37730306e-02 -3.50357047e-02
  7.50772784e-02 -1.15407257e-01 -1.88449587e-02 -4.12425814e-02
 -1.97592803e-02  2.49597459e-02  1.33898061e-02 -4.82351205e-02
  7.19337298e-02  1.09194902e-01  3.94216782e-02 -3.78314776e-02]


第9类： ['也就是说要购买软件', '你们的手机直播软件怎样购买的', '你们这个系统怎么购买', '如果购买你们的软件', '就是购买你们的软件', '我们想购买一套电话会议系统', '我们购买你们的云服务', '我司想购买云端电话会议系统', '我想咨询购买云视频直播', '我想购买你们的视频会议室软件', '是直接购买软件还是', '是需要购买硬件还是软件', '直接购买呼叫中心的项目', '请问需要购买软件', '购买软件使用需要培训吗', '购买软件是否会配套相关的硬件设备', '这个软件怎么购买', '这是需要购买国外电话会议的服务', '需要购买一套系统设备吗', '需要购买什么设备和软件', '需要购买设备还是软件']
语义向量：[ 9.19875290e-03  2.04986785e-01 -7.29401399e-02 -4.90408436e-02
 -7.41271699e-02  7.96680501e-02  9.97589522e-02  8.86125742e-03
  5.79421124e-02  2.19125429e-01  1.13140574e-01  9.81483239e-02
  2.20788996e-03  1.15044310e-01 -8.64051375e-03 -8.94375498e-02
 -1.43533637e-01 -1.24527384e-01  1.23877968e-01 -3.17030772e-01
 -2.03719988e-01  1.34651398e-01  2.12000677e-01 -3.64094448e-01
 -1.65206777e-01  1.51338547e-01  2.63520856e-02  1.65198147e-02
 -2.51431098e-02 -1.78504745e-01 -1.35266770e-01 -3.83817954e-01
 -1.64132368e-01  1.32446671e-01 -2.59373997e-04 -9.63837098e-02
 -2.05460438e-01 -2.95335777e-01 -1.88342594e-02  3.16361283e-02
 -2.13118713e-01 -1.68153001e-01  5.70786956e-02  2.04381848e-01
 -1.97512736e-02  2.00457762e-01 -1.63904736e-02  7.24387935e-02
  2.19466131e-01  5.94005908e-02 -1.95378726e-01  8.85521736e-02
  2.55520911e-01 -1.38479307e-01 -2.05114565e-01 -1.07841020e-02
 -5.95437971e-02 -5.76120294e-02 -1.00971294e-02 -2.09109087e-01
  2.59682418e-01  3.13100393e-01 -1.17879113e-01 -3.87120499e-01
 -1.14425158e-01  5.50589761e-02 -1.70916546e-01 -4.52982089e-01
 -2.61579844e-01 -4.07778412e-01  2.72871807e-02  1.90892125e-01
  1.02366516e-01  1.51042190e-02 -7.12720698e-02 -9.28369071e-02
 -1.13490601e-01  3.22297904e-01 -4.71179139e-02 -3.98823365e-01
 -2.18318923e-01  9.00939403e-02  1.07459355e-01 -1.45954441e-01
 -1.50666063e-01  2.17232210e-01  1.29670407e-01  6.23327818e-02
 -1.10914238e-02  2.69593860e-01  1.45569168e-01 -3.37548724e-01
 -2.32064902e-01 -2.43614654e-01  3.23220776e-02 -2.24817991e-02
  2.86461292e-03 -1.20223106e-01  9.49371235e-02  7.06908172e-02
  2.99675690e-02 -1.86254257e-01  2.18028647e-01  8.58804646e-02
 -1.02593338e-01 -2.63269939e-01 -7.32605872e-02  2.97821752e-01
  5.17417840e-02  2.09228998e-02 -6.69372957e-02 -3.85457385e-02
 -1.65840842e-01  5.81930384e-02  2.12677817e-03  1.42794958e-01
 -6.07323683e-02  1.38615183e-02 -3.24612293e-01 -7.65706371e-02
  5.37600114e-02 -5.12896301e-01 -1.69395688e-01 -1.76308534e-02
  4.22009842e-02  6.82439664e-02  8.48612424e-02  4.56409963e-02
  1.37375679e-01  2.02750689e-01 -3.35198808e-01 -3.92683303e-02
  2.30016889e-01 -4.21304629e-02  2.51256683e-01  3.05991552e-01
  1.17908763e-01 -2.11404610e-01  1.49863042e-01  2.70866931e-02
 -3.24443308e-01  1.14945753e-01  7.17938654e-02 -1.11881927e-01
  1.99934449e-01  1.00458863e-01 -2.54786443e-01  3.00103922e-01
 -1.19772016e-01  2.55095392e-02 -2.04657490e-01 -1.07430694e-01
 -2.58715314e-02  1.27773011e-01  1.31381679e-01  1.67623198e-01
  1.72065070e-02 -4.51126749e-01  1.90373764e-01  1.84618120e-01
  2.63647370e-01 -1.83546389e-01  2.31381784e-02  3.58119803e-01
 -3.46051784e-01 -4.68247557e-02 -2.43713326e-01 -2.68710706e-01
  6.43293756e-02 -1.32780977e-01 -6.02271679e-03 -2.48035957e-01
 -7.78244352e-02 -1.56286762e-01 -1.58408337e-01  1.64456915e-02
 -2.66905927e-01  1.57991165e-01  1.52667686e-01  1.29409103e-01
  3.85424349e-01  1.07894081e-01  2.32440092e-01 -1.54314805e-01
 -3.13539523e-01  8.01880976e-02 -3.37959837e-01  1.15614021e-02
 -2.11245655e-01  1.47575802e-01 -8.84685126e-02  3.51053691e-02
  1.43769066e-01 -1.58619569e-01 -6.48617712e-02 -5.72616422e-02
 -1.04474098e-01  5.71887133e-01 -1.00712320e-01  7.24857292e-02
 -2.38128044e-01 -6.24282265e-02 -2.49441649e-01  4.72962535e-02
 -1.50214100e-01 -3.63681299e-03  3.69367545e-02 -3.24933158e-02
  1.77946387e-01 -2.30037469e-02  1.98410728e-01 -6.78053862e-02
 -1.09978358e-01 -2.71513047e-01  2.83091820e-01  3.30780543e-02
 -1.97720143e-02  2.83739543e-01 -5.91439313e-02  1.78539467e-01
  8.89294510e-02  1.10736860e-01  6.20018414e-04  3.29191045e-02
  2.53098890e-02  1.50313681e-01 -6.02700041e-02  1.94239705e-02
  1.12122781e-01  1.69511905e-01  1.07762461e-03 -1.20649718e-01
  1.06679380e-01  1.52279970e-01  1.03085423e-01  1.18071942e-02
 -2.33880813e-01 -2.58128608e-01  6.39583412e-02  1.38963246e-01
  4.16536149e-02  1.69984664e-01 -4.81690510e-02 -1.49596682e-01
 -1.80787150e-01 -1.21059448e-01  1.17472751e-01  8.76064968e-02
  1.26403611e-01  1.53772647e-01 -1.45470185e-01  1.82850246e-02
 -1.63960206e-01  2.70600403e-02 -3.33132348e-02 -1.41743695e-01
  1.84926151e-01 -9.56909032e-02 -3.97554971e-02  1.10133907e-01
  1.79285145e-01 -1.79432138e-01  2.15601567e-01 -2.93016220e-01
  1.76034122e-01 -2.73892141e-01 -1.85443712e-01 -1.45569380e-02
  3.92396894e-01 -1.02448831e-01 -5.83694660e-02 -1.49069818e-01
  1.82390621e-01  7.04103110e-02 -1.93368999e-01  8.04534920e-02
  2.95301207e-01  1.35472489e-01  1.93891930e-01  7.79429947e-02
 -1.90768139e-02 -3.45299856e-02  4.89897204e-02 -1.24716227e-01
  1.61929870e-01 -3.15117996e-01  1.88636179e-01 -2.41953364e-01
  1.99935117e-01 -1.30117644e-01 -1.08657906e-01  2.23309540e-02
  6.66582892e-03 -4.61051169e-02  5.02931397e-02 -4.23316458e-02
  1.92101404e-01  2.24888909e-01  4.25065858e-02 -5.69976523e-02]


第10类： ['购买咨询']
语义向量：[-9.19061154e-03  1.32829517e-01 -6.13540888e-01 -2.26502925e-01
 -2.45114118e-01 -1.22727692e-01  1.04123756e-01  9.56236795e-02
 -8.56152177e-03  5.91287851e-01  5.36069751e-01 -1.74607188e-01
  1.71675250e-01  6.96348250e-02 -2.38743931e-01 -1.09382734e-01
 -3.56682450e-01 -1.44936979e-01  8.69375825e-01 -7.50853360e-01
 -5.99115551e-01 -8.97074565e-02  8.32124949e-01 -7.73819387e-01
  3.57269973e-01  2.92471349e-01 -4.25525382e-02  1.07023567e-01
 -3.22597027e-01 -4.81641710e-01 -4.05344099e-01 -7.57478833e-01
 -5.27044311e-02  2.51837790e-01 -5.09408712e-02 -3.76675278e-01
 -7.28278518e-01 -7.14537501e-01  4.18200105e-01  3.64633739e-01
 -6.58145308e-01 -6.96272016e-01  4.44770396e-01  3.98348510e-01
  3.17219138e-01  3.85720015e-01  2.64144987e-01  2.68525690e-01
  2.13869005e-01  2.00121254e-02 -3.42313759e-02  3.31568897e-01
  4.14495260e-01 -7.55448937e-01  3.93976063e-01 -6.67593256e-03
 -4.64061618e-01 -1.18342072e-01  6.82149529e-02 -8.79778624e-01
  5.81929922e-01  1.26062393e+00 -2.71848857e-01 -7.57706881e-01
 -1.57539681e-01 -6.56999797e-02 -4.68392521e-01 -1.09151423e+00
 -8.94830585e-01 -7.84121633e-01  4.13913012e-01  5.28772056e-01
 -3.15171957e-01  3.03000093e-01 -7.76495636e-01  3.41765702e-01
 -6.17198497e-02  1.15959787e+00 -1.65821835e-02 -1.41876519e+00
  1.23920664e-03  6.52751625e-02  2.51910031e-01 -5.33455908e-01
  3.29264253e-03  1.00084126e+00  5.78802347e-01  3.55373979e-01
  1.98329210e-01  7.54540801e-01  2.11642981e-01 -9.24367428e-01
 -6.89920723e-01 -1.75460666e-01 -2.63444185e-01  1.59900934e-01
  7.45117590e-02  8.15591216e-03  2.00318158e-01  5.05382717e-01
  7.32387379e-02 -7.27249801e-01  9.25989628e-01  3.48082274e-01
 -3.80881011e-01 -6.07866943e-01 -7.60564506e-02  5.87358594e-01
  4.03817743e-01  5.70224941e-01 -2.65303880e-01 -6.38903677e-01
 -1.18901038e+00 -1.94699019e-01  2.17913836e-01  7.04698861e-01
  2.50233114e-01 -2.65724927e-01 -4.34515059e-01 -2.21161991e-01
  1.00677229e-01 -9.16119695e-01 -4.76453990e-01  4.35159802e-02
 -2.88485736e-02 -4.06916499e-01 -9.50095430e-02  6.20780364e-02
  3.57906580e-01  4.29383874e-01 -8.85003924e-01  4.38922532e-02
  1.18423760e-01  2.70071924e-01  5.21705925e-01  4.88315105e-01
  3.66821736e-01 -4.72617745e-02  5.98711729e-01 -4.12620664e-01
 -8.87724400e-01 -2.77482271e-02  4.16107029e-02 -5.77428937e-03
  6.41715944e-01  5.49495280e-01 -8.72777939e-01  5.73145628e-01
 -5.49595237e-01 -3.09694886e-01 -6.19629979e-01 -3.04530621e-01
 -1.46725610e-01  6.81603193e-01  9.38579679e-01  4.06926751e-01
  1.43308342e-01 -8.78012598e-01  6.09753966e-01  1.48063868e-01
  4.64770705e-01 -3.08918715e-01 -4.78452668e-02  4.38477248e-01
 -6.15336955e-01 -5.32224417e-01 -3.85737538e-01 -7.57223070e-01
 -3.33767563e-01  3.99724990e-02  2.82987475e-01 -6.16760969e-01
 -3.18199933e-01 -1.10295272e+00 -1.24496281e-01  2.06604689e-01
 -9.77915764e-01 -1.86565802e-01  7.15835273e-01  5.86264074e-01
  7.31284022e-01  2.80016661e-01  5.80813468e-01  1.44364417e-01
 -5.29356658e-01 -5.85412756e-02 -3.60043317e-01  3.15188617e-02
 -2.14298233e-01  3.57721485e-02 -1.78785801e-01 -2.60864705e-01
  1.28498688e-01 -7.26202130e-01 -1.87800169e-01  3.98344129e-01
 -1.25203729e-02  1.21795952e+00 -3.34122479e-01  3.74232650e-01
 -3.13923419e-01 -3.62787783e-01 -4.47827101e-01  2.71983624e-01
 -1.70506448e-01 -2.60102838e-01 -2.22114295e-01  6.40840232e-01
  4.19809222e-01 -2.12430030e-01  6.09671772e-01 -7.68071830e-01
 -4.46240723e-01 -2.60143548e-01  5.97075820e-01  1.05054535e-01
 -1.79396704e-01  8.57200027e-01  2.85843283e-01  4.03956115e-01
  2.32789025e-01  4.34177160e-01 -4.02082503e-02  3.42757046e-01
 -3.14158380e-01  6.74426377e-01  2.22727463e-01 -1.04463704e-01
 -8.83345008e-02  2.61465311e-01 -9.05201435e-02 -5.46336651e-01
  2.70616770e-01  5.71896136e-02 -2.37719081e-02 -3.41629088e-02
 -4.71737087e-01 -9.85670328e-01 -1.09691106e-01 -5.41224599e-01
  4.75584000e-01  1.06571186e+00 -7.13322833e-02 -9.74391848e-02
 -6.52419031e-01  3.87554377e-01  3.77144367e-02  4.17013258e-01
  2.42115393e-01  3.92749310e-01 -4.93407458e-01  1.84322409e-02
 -5.23342550e-01  2.56805643e-02  2.01021552e-01 -6.03583932e-01
  4.71789688e-01  1.22255564e-01 -8.24468657e-02  6.07196450e-01
 -6.06047586e-02 -5.76946735e-01  3.54407787e-01 -5.81185520e-01
  2.73503929e-01 -5.10273695e-01 -8.88443232e-01 -1.94972977e-01
  8.40559602e-01 -1.71212077e-01  1.51090026e-02 -4.13059413e-01
  6.25559270e-01  4.88593996e-01 -5.75382829e-01 -2.67864853e-01
  1.18449056e+00  6.84728324e-01  5.88549674e-01  3.10861468e-01
 -3.82061660e-01 -1.13562480e-01 -8.62396434e-02 -3.49605978e-01
  3.38333935e-01 -9.63196397e-01  8.26019168e-01 -2.68013358e-01
  5.00692487e-01 -5.35629928e-01  2.83956170e-01 -1.81545168e-01
 -3.38245034e-01  4.31417823e-02  2.52696387e-02 -5.39591253e-01
 -2.18382478e-03  3.32530200e-01 -1.92477167e-01 -2.22370550e-01]


第11类： ['国外的账号可以在购买服务吗', '如果购买一个几百人同时在线的账号', '就是只需起会人购买账号', '已购买的会议室', '我直接从官网购买吧', '我看看官网购买吧', '是直接购买账号登录这种吗', '是说只要我在大陆购买账号', '比如是中方购买的账号', '请问账号购买成功后', '账号是要购买吗', '账号是要购买的嘛', '账号是需要另行购买的吗', '账号是需要购买的吧', '账号购买只能购买半年的和一年的', '购买是按账号数目来的吗', '购买账号的话是多少钱啊', '购买链接发我下', '还是三家公司不同账号购买']
语义向量：[-0.06165192  0.06809386 -0.13754993 -0.08845777 -0.06139817  0.01560199
 -0.03967592  0.2129276  -0.00188039  0.2758109   0.05735018  0.14920376
 -0.02675588  0.11271264  0.07834214 -0.01118521  0.02346684 -0.11614187
  0.26232931 -0.13207926  0.00928739  0.06177573  0.31066132 -0.36025638
  0.06777529  0.1884292  -0.02985391  0.06357219 -0.16370282 -0.24721324
 -0.07869421 -0.0786423  -0.03732872  0.27788907  0.11604726 -0.01613803
 -0.27820032 -0.05910098 -0.09270201 -0.10743263 -0.16209674 -0.14392149
  0.11367694  0.14645882 -0.02359933  0.12749768  0.15120251  0.09211947
  0.02900876 -0.09997167  0.02780916 -0.06475729  0.18420653 -0.19198885
  0.0548262   0.03949234 -0.15143072 -0.11031231 -0.05292628 -0.22309452
  0.25592086  0.25674827 -0.01233853 -0.35075332  0.01176752  0.16303186
 -0.2697882  -0.37617235 -0.09266172 -0.16686571  0.0363683   0.25869753
  0.08128534 -0.06130606  0.00911885  0.1491722   0.06647492  0.18118878
 -0.09039322 -0.30752913 -0.02865894  0.03689164 -0.00960575 -0.06366012
 -0.17919515  0.28290713  0.03212189  0.05535225  0.04442083  0.11723762
  0.05048815 -0.31657488 -0.21238577 -0.0654732   0.01305384  0.10995736
 -0.0774542  -0.11964905 -0.00895914  0.14027655  0.01945372 -0.04720442
  0.1541468  -0.02169988 -0.14280605 -0.34915018  0.08985524  0.2012184
  0.07757335  0.16352144  0.03818763 -0.04645564 -0.21481571 -0.02596779
 -0.13823166 -0.05594997 -0.06215862  0.08204234 -0.07392858 -0.12569249
 -0.08522441 -0.34113372  0.17227429 -0.04700454 -0.18984969  0.18230488
  0.07856996 -0.01139127  0.07591735 -0.01832896 -0.2666139  -0.01071866
  0.09868943  0.00600364  0.22948245  0.20475136  0.17133898  0.06322471
  0.130893   -0.04772426 -0.26703156  0.13427828 -0.09745186 -0.10561109
  0.11639034 -0.07978785 -0.04934887  0.22767647 -0.06230438 -0.0866282
 -0.30323766 -0.1678467   0.10174514  0.18671199  0.14312945  0.02753106
  0.10882414 -0.42285045  0.05024334  0.27078951  0.15537652 -0.26035748
 -0.058138    0.28249307 -0.2545977  -0.20850514 -0.14361542 -0.13965336
 -0.03309293 -0.0651449   0.15243176 -0.14153745  0.00560251 -0.24782101
 -0.08472443  0.16656838 -0.27566679  0.0132711  -0.09176743  0.0877421
  0.3298587   0.11096052  0.11132417  0.00562707 -0.26235468  0.03163958
 -0.16492413  0.12390844 -0.1392667   0.05309232 -0.05376343  0.04318779
 -0.07850805 -0.13135833  0.07018041  0.07935349 -0.17448087  0.39616281
  0.06951366  0.03570513 -0.09400752 -0.01301129 -0.15867411  0.10800441
 -0.15659563  0.09167384 -0.01743841 -0.10108033  0.0617825  -0.02048154
  0.09765986 -0.08436544 -0.16578296 -0.25815363  0.11602226  0.02148043
  0.0953119   0.23044505  0.1466679   0.12792675  0.11772255  0.12692248
 -0.13067612  0.00106308  0.00497031  0.04822845 -0.12658969  0.05249158
  0.16789891  0.36990679  0.00075664 -0.09619369  0.13548855  0.07124645
  0.05386138  0.11391558 -0.16597089 -0.12348758 -0.05375977 -0.12736071
 -0.00576075  0.32967109 -0.08421427 -0.13327702 -0.29846471  0.00880024
  0.06004948  0.0405641   0.02703852  0.02283704 -0.21338511 -0.08277647
 -0.11319924 -0.05198061  0.02371002 -0.10787765  0.20852583  0.01524431
 -0.07566476  0.14358968  0.11231882 -0.12589404  0.19338245 -0.06978081
  0.17977777 -0.28308    -0.27876021  0.03158482  0.38917453 -0.14126991
  0.19566331 -0.17479036  0.21420801  0.12761742 -0.16013009 -0.12278299
  0.14392347  0.17608211  0.2473091   0.11875952  0.05987051  0.03525366
  0.05395368 -0.12459945  0.05164859 -0.32237601  0.09800009 -0.01061941
  0.18685474 -0.2784864   0.0187773  -0.00355835 -0.07018117  0.10616801
  0.01561387 -0.12133765  0.25922492  0.24175772  0.11041377 -0.08362911]


第12类： ['你们这个购买是怎么收费的', '后期购买价格是多少', '后期购买看费用情况吧', '后续购买是怎样的收费', '就是说不能任意购买接入方的数量', '我可以按照参会人数来购买', '有一种购买方式是按照线程收费的', '请问购买的收费是如何', '购买时按照参与人数收费的吗', '购买的有价格吗', '购买的话是什么费用', '购买的话是多少钱呢', '购买费用是怎么样的', '软件是按年收费还是购买一次性收费']
语义向量：[ 0.03513074  0.16418734 -0.0056483  -0.0418681  -0.04579147  0.04668277
  0.04248377  0.00327425  0.06820447  0.07059966  0.07080815  0.15710426
 -0.09697427  0.10681434 -0.09021867 -0.07106012 -0.08259062 -0.15253135
  0.23047126 -0.17080843 -0.11663943  0.06120041  0.22429277 -0.28857152
  0.11543631  0.21103434 -0.00903553  0.08474017  0.09374839 -0.11830935
 -0.06686391 -0.16951171 -0.02626841  0.21312099  0.03556049 -0.09147614
 -0.28391334 -0.26616655  0.1440885  -0.10573731 -0.08794486 -0.24829664
  0.1898626   0.0447553  -0.01883464  0.236641    0.0458444   0.06189235
  0.17428933  0.00596744 -0.06104517  0.05398773  0.30914653 -0.19420124
  0.02918589 -0.03557096 -0.09542166  0.0423865  -0.03495378 -0.27047692
  0.07917601  0.36253377 -0.03731594 -0.1985109  -0.12274415  0.07455091
 -0.30830173 -0.38401973 -0.23455072 -0.20660456 -0.00436936  0.08023702
  0.01628776 -0.13732785 -0.18253316  0.004812    0.02959662  0.19927146
  0.03547474 -0.40796608 -0.06718576  0.03479532  0.05983603 -0.21492726
 -0.08059749  0.19253562  0.07876065  0.08125569  0.07754405  0.1695423
  0.20256082 -0.43712015 -0.22030376 -0.0983959   0.0173932   0.15792218
  0.01034639 -0.2417176   0.07845438  0.0924285   0.0111423  -0.05065745
  0.08390236  0.09540839 -0.08443037 -0.22476088  0.125897    0.11009096
  0.12299421  0.19570588 -0.02846153 -0.16202922 -0.18723619 -0.09105846
 -0.06792334  0.06260732 -0.07400263  0.05431384 -0.20005797  0.11003548
 -0.03280965 -0.42472844 -0.04769442 -0.05755503 -0.04893937  0.05203931
 -0.07950522  0.08942917  0.08078675  0.07132265 -0.22046372 -0.01168745
  0.04129307  0.00745399  0.16448861  0.27375095  0.17278572 -0.03544021
  0.15112246 -0.09829915 -0.24228998  0.11031443 -0.12741498 -0.19060505
  0.24810204  0.03971264 -0.21494321  0.23929518 -0.09832487 -0.03840571
 -0.22129651  0.02262328  0.0808299   0.18573462  0.0628741   0.04567194
  0.20821241 -0.21682377  0.13890487  0.28982456  0.14967818 -0.18956879
 -0.05245649  0.38634698 -0.27491594 -0.06411066 -0.21609684 -0.15179507
  0.06090405 -0.11309444  0.030612   -0.25931964 -0.10147248 -0.04668153
 -0.24575346  0.14713768 -0.15608821 -0.04913347  0.05468267  0.12680737
  0.16987365  0.11144379  0.04020506 -0.02832749 -0.20668358 -0.02540404
 -0.20081195 -0.05033267 -0.09000754 -0.0864555  -0.00830461 -0.04106201
  0.139123   -0.19253306 -0.07557332  0.04869099 -0.24195601  0.41908826
 -0.01648703  0.15343938 -0.06534152 -0.0500786  -0.11415219  0.00622486
 -0.0425715   0.06057135 -0.08696138 -0.04301705  0.0764711  -0.08185367
  0.09190703 -0.01333175 -0.11319052 -0.27865718  0.18896068  0.00225117
  0.01033243  0.22088781 -0.05584742  0.08776508  0.13515915  0.00497754
 -0.05400729  0.10770007  0.12866295  0.12168058 -0.10806888  0.0463753
  0.10178772  0.20672388 -0.02550139 -0.09086837  0.1933443  -0.03485054
  0.06584038  0.03737523 -0.04402067 -0.20150329  0.07610532  0.01218642
 -0.00242431  0.26272122 -0.0217065  -0.18110747 -0.1637015   0.07511558
  0.05355699 -0.02273789  0.07234077  0.08667352 -0.07423333 -0.09570227
 -0.11237909 -0.00257417 -0.02035325 -0.11405946  0.16316714 -0.04558246
  0.0008082   0.18197708  0.0356187  -0.07329355  0.18275695 -0.18904277
 -0.01067739 -0.25913848 -0.29941048 -0.06469803  0.39484187 -0.06819025
  0.0304621  -0.12974624  0.16629736  0.06812007 -0.14333225  0.00185455
  0.09079078  0.18450301  0.16172369  0.12834353 -0.00105038 -0.03429887
  0.01512251  0.01813994  0.04705629 -0.30233306  0.13740188 -0.03910927
  0.16803495 -0.16856218 -0.09103604 -0.11045298 -0.05626157 -0.05236974
  0.10497171 -0.03089303  0.24174347  0.13878005  0.06166825 -0.09540066]


第13类： ['购买多少钱', '购买是多少钱', '购买是多少钱一年', '购买正版又多少钱', '购买的话多少钱']
语义向量：[-6.94361597e-02  4.33023930e-02 -5.25964025e-02 -1.23300938e-01
 -7.81466458e-03  6.67659275e-02  6.60343811e-02  4.48281076e-02
 -1.33396178e-02  1.99149320e-01  8.70224789e-02  3.00598875e-01
 -6.14020608e-02  2.69292220e-01 -1.70086874e-03 -5.93785666e-02
 -1.81476074e-01 -1.02122164e-01  3.12446842e-01 -2.23076710e-01
 -1.78919181e-01  1.67144340e-01  3.26507929e-01 -3.46869594e-01
  1.73908970e-01  3.08267224e-01 -3.16408768e-02  3.36231787e-02
  1.61605361e-01 -1.61827004e-01 -1.05025111e-01 -1.00818334e-01
  9.38272163e-02  3.75813687e-01 -9.81755704e-02 -8.96360844e-02
 -3.70017409e-01 -2.45961094e-01  5.67705743e-02 -2.14855438e-01
 -1.44404067e-01 -3.25787371e-01  2.48143294e-01  5.12746461e-02
 -1.60858903e-02  2.26347989e-01  2.13744709e-01  1.22994789e-01
  1.65874359e-01 -7.05911638e-03 -5.46953753e-02  1.86150610e-01
  2.30094218e-01 -2.46140435e-01 -5.21708421e-02  4.90827054e-02
 -1.06238763e-01  1.54337075e-01  1.52031648e-01 -3.76555800e-01
  5.20364024e-02  4.62869775e-01  6.95986226e-03 -3.96268547e-01
 -2.09715182e-01  2.68930829e-02 -3.25141087e-01 -4.52162337e-01
 -2.67003524e-01 -3.29897231e-01  1.40215702e-01  1.45699704e-01
  6.94331424e-03 -1.51231585e-01 -5.34108181e-02  1.14465082e-01
 -5.58725722e-02  3.61515474e-01 -2.84116767e-02 -4.29398847e-01
 -1.33214831e-01  2.03585717e-01  1.50910628e-01 -3.18459725e-01
 -1.42133489e-01  2.86805913e-01  1.38962190e-01  1.84363538e-01
  2.12981120e-01  1.65864491e-01  2.13836798e-01 -6.50547290e-01
 -2.34048498e-01 -1.09677672e-01 -7.70562768e-02  2.31220737e-01
  3.46020646e-02 -2.88591036e-01  8.07331465e-02  1.95432481e-01
 -3.64883162e-02 -1.54119420e-01  7.11203516e-02  6.18969485e-02
 -7.51138836e-02 -2.46520692e-01  1.56540464e-01  2.29623991e-01
  2.08262545e-01  3.59595215e-01 -1.11355488e-01 -2.41963005e-01
 -3.42623836e-01 -1.07828642e-01 -1.37110034e-01 -1.00314148e-02
 -5.19391447e-02  7.00819127e-02 -2.37225756e-01 -1.78691403e-02
 -4.28884957e-02 -5.32592106e-01 -3.15385647e-03  1.36709891e-02
 -1.53054793e-01  4.93981883e-02 -1.80648378e-01 -2.71596795e-02
  1.10534555e-01  1.07139368e-01 -1.99955916e-01 -2.46829914e-02
  1.68191361e-01 -4.32524082e-02  3.65108037e-01  3.11149845e-01
  1.56116088e-01 -2.31528223e-01  2.24145579e-01 -1.72805068e-01
 -2.03911486e-01  9.33544964e-02 -2.02876204e-01 -9.58274782e-02
  1.84183750e-01 -2.93411741e-02 -1.85527906e-01  2.94958386e-01
 -6.48320341e-02 -1.38127045e-01 -3.69063407e-01  5.33443704e-02
  1.72515830e-01  2.84246960e-01  9.06794749e-02  1.01630233e-01
  9.98676747e-02 -3.70933551e-01  1.27891485e-01  3.89310229e-01
  3.29454285e-01 -2.64599341e-01 -7.44093910e-02  5.35748333e-01
 -3.94342351e-01 -1.63255119e-01 -3.42284536e-01 -9.98058140e-02
  4.44126941e-02 -9.81963217e-02  8.21996383e-02 -2.20133549e-01
 -1.33364129e-01 -2.35784778e-01 -2.36176744e-01  7.73971602e-02
 -1.60153976e-01 -1.01033407e-01  7.25864714e-02  2.60487932e-01
  2.30532783e-01  2.80486497e-01  4.13247384e-04  5.02556615e-02
 -2.92441210e-01 -1.81792742e-02 -3.29263037e-01 -2.82111002e-02
  2.01056622e-02 -1.61334874e-01  1.82082303e-02  3.59151791e-02
  1.86030962e-02 -1.52522598e-01 -1.61685428e-01  8.33441988e-02
 -3.62542331e-01  4.20111316e-01 -2.11623780e-02  1.08816436e-01
 -4.72412117e-02 -2.28018995e-02 -9.07784328e-02 -1.30966210e-02
 -5.44790544e-02  1.31993491e-02 -8.67192447e-02 -1.55487968e-01
  5.91104813e-02 -2.74150359e-02  1.78508356e-01  8.09573434e-02
 -1.48287655e-01 -4.18073994e-01  1.99316603e-01 -1.54484263e-01
  1.78271565e-01  3.31440020e-01 -1.25511345e-02  1.73641852e-01
  3.67443163e-02  1.09441996e-01 -1.10183924e-01  1.43797328e-01
  6.08843908e-02  3.22986012e-02 -9.39839944e-02  6.14473470e-02
  6.54995330e-02  1.27438761e-01 -5.56448527e-02 -8.94829944e-02
  2.77052942e-01  7.60055639e-02  8.41812246e-02 -1.47423115e-01
 -1.64749467e-01 -2.09892845e-01  5.68836443e-02 -3.43552820e-02
 -4.05780971e-03  3.74011064e-01 -7.07142979e-02 -1.36804599e-01
 -3.26245686e-01  1.19994134e-01  2.54994380e-01 -8.88679028e-02
  2.51387948e-01  7.49145135e-02 -1.52970746e-01 -1.79501995e-01
 -1.77362451e-01 -3.01348627e-02 -1.23462193e-03 -1.09627771e-01
  2.34184521e-01  7.43413359e-02  1.68100260e-02  2.98233005e-01
 -7.33908154e-02 -1.47653203e-02  3.17962039e-01 -2.15293890e-01
  1.31323370e-01 -4.39771956e-01 -4.14337802e-01 -5.10293700e-02
  5.20425075e-01 -1.61512035e-01  1.08409803e-01 -2.52482641e-01
  2.05813751e-01 -1.43559790e-01 -1.79913175e-01  5.95605254e-02
  2.87042540e-01  1.74356285e-01  2.95703384e-01  1.86202011e-01
  8.73517089e-02 -5.44442505e-02 -3.32389109e-02 -1.37893115e-01
  1.08524418e-01 -4.47448182e-01  2.50718075e-01 -1.31371236e-01
  1.09818036e-01 -7.07320593e-02 -1.01269564e-01  6.75763898e-03
 -2.64212552e-01 -4.59805720e-02  1.48385751e-01 -1.46331085e-02
  3.28600663e-01  1.47349238e-01  6.62766598e-02 -8.96977127e-02]


第14类： ['一般只需要购买', '三方活动怎末购买', '个人购买可以吗', '假如我们现在购买', '公司已经购买了', '其实我们购买了', '另外购买能否开发票', '因为我购买了', '在上海购买的', '在哪可以购买', '多购买几个账户', '导师有兴趣购买', '已经购买完成了', '已经购买过了', '已经购买过的', '应该已经购买了', '怎么购买的呢', '您不是购买了', '想测试之后决定是否购买', '想购买路由器的', '我不是负责购买的', '我之前购买过', '我们之前购买了', '我们公司购买科天云', '我们已经申请线上购买了', '我们已经购买了', '我们想先购买三个', '我们是购买的', '我司已经购买了', '我司现在有购买', '我司现在需要购买', '我在线购买的', '我已经购买了', '我已经购买会员', '我想大连购买', '我想购买一个', '我想购买一个', '我想购买你们', '我没有购买过', '我还没购买', '所有的的购买', '按点购买是吧', '是要单独购买', '有购买计划的', '现在如何购买账户', '的部署和购买', '肯定是要购买', '请问如何购买的', '购买后可以吗', '购买的套餐方面', '购买的话如何自行', '还是我直接购买', '这个怎么购买啊', '这个要购买吗', '选择购买您的', '那我购买的', '那正式购买的话', '需要购买序列号吗', '需要购买配件吗']
语义向量：[-0.02591018  0.16951277 -0.11037423 -0.02129752 -0.04405447  0.04501285
  0.04169697  0.03159119  0.09660157  0.24458635  0.13310427  0.02773806
  0.06894069  0.1075419  -0.09444836 -0.05840534 -0.0312424  -0.07440278
  0.32430745 -0.25406089 -0.16606487  0.02283251  0.32953795 -0.36997292
  0.2243625   0.1891426  -0.01446752  0.11296296 -0.03982644 -0.19994494
 -0.04029375 -0.23693384  0.02504851  0.28304744  0.12160023 -0.02298974
 -0.26615519 -0.18391349  0.010318   -0.03424737 -0.15664041 -0.22078644
  0.20100029  0.07243001  0.02492482  0.19054484  0.14385246  0.1828929
  0.13607922 -0.07114761 -0.03240316 -0.02906893  0.20270937 -0.21609969
  0.0650387  -0.03250628 -0.17319382 -0.06472275  0.02813524 -0.24859617
  0.2104562   0.34109873 -0.03160168 -0.26763238 -0.02706283  0.11146013
 -0.25841953 -0.41899763 -0.24181767 -0.21817416  0.03731649  0.15818247
 -0.00708731 -0.0747534  -0.1676205   0.11530942  0.02930689  0.23855587
  0.02415366 -0.40372046 -0.0086684   0.02091138 -0.0428928  -0.15902121
 -0.04123241  0.32296308  0.10510366  0.08102679  0.09132397  0.23259297
  0.10915975 -0.39383517 -0.24023715 -0.05296374 -0.02297678  0.16572023
 -0.03363281 -0.15747313  0.08577406  0.09099708 -0.02406011 -0.08460143
  0.24755774  0.00369683 -0.1586639  -0.28415336  0.03205149  0.20507051
  0.13602454  0.2250743  -0.04140846 -0.05957277 -0.27536375 -0.09355958
 -0.0120596   0.12906854 -0.03607157 -0.04893079 -0.09945594 -0.07431919
  0.0020808  -0.36689568  0.02639343 -0.01785628 -0.10696108  0.07132052
  0.03110738  0.03553658  0.07061607  0.01813257 -0.33257373  0.01737449
  0.00947101 -0.02689327  0.22830139  0.22020756  0.19302294  0.13675092
  0.24833973 -0.09307631 -0.28644896  0.09050067 -0.12023995 -0.14939452
  0.10136965  0.08194301 -0.1528836   0.2052006  -0.13787711 -0.08458596
 -0.24125894 -0.18268103  0.06443533  0.17779589  0.17677503  0.08814625
  0.10254499 -0.32927404  0.10952044  0.17287423  0.10049927 -0.18807945
 -0.07311397  0.23880222 -0.25583858 -0.25110024 -0.09060434 -0.15260422
 -0.00631149  0.00509266  0.16333192 -0.18790297 -0.06854234 -0.32336011
 -0.18018697  0.14442527 -0.24308926 -0.07837439  0.06835589  0.1300406
  0.2694287   0.09426655  0.14791786 -0.02787325 -0.25889753 -0.03788166
 -0.26363441  0.08509113 -0.09567914  0.01065553 -0.04866201  0.01315647
  0.02154124 -0.14942462  0.05170556  0.088449   -0.12827179  0.4192136
 -0.00279039  0.08002583 -0.07195223 -0.03012122 -0.17955078  0.04384537
 -0.07422637  0.02785948 -0.06619578 -0.06318001  0.06785855 -0.03843952
  0.21997448 -0.10937311 -0.15230407 -0.19413704  0.16881768  0.03860113
  0.01210321  0.30761501  0.09553575  0.13555551  0.12363443  0.08622124
 -0.20584803  0.14400706  0.01482395  0.09072634 -0.10473921 -0.01180591
  0.12038537  0.21221656  0.01602992 -0.12032843  0.16646773 -0.07731427
 -0.00808456  0.11202886 -0.08855176 -0.30522608  0.03681079 -0.17659966
  0.03559646  0.38892726 -0.02399615 -0.12007221 -0.29443505  0.08877953
  0.08377438  0.07486724  0.02015175  0.12284786 -0.18259865 -0.01891699
 -0.1103671  -0.03342562 -0.01625044 -0.1559146   0.26430735  0.0087598
 -0.03351725  0.15134274  0.0015764  -0.13609206  0.18123098 -0.12427045
  0.08850928 -0.25170358 -0.33401199 -0.05553188  0.44109607 -0.11115495
  0.08024314 -0.16205261  0.1859745   0.14735764 -0.14546418 -0.02082949
  0.20871873  0.2381329   0.21152016  0.19437488  0.04844481 -0.05175777
  0.05682666 -0.0946653   0.03695123 -0.29532655  0.14878984 -0.05530642
  0.15338699 -0.25226259 -0.04474453 -0.10689674 -0.03758204  0.0500915
  0.01758648 -0.1012288   0.12280496  0.23692678  0.08380481 -0.07782638]


第15类： ['购买链接']
语义向量：[-0.65010923  0.31816262 -0.35373205 -0.06897968 -0.24066862  0.30027702
 -0.10850801  0.61497295 -0.0838151   0.44352922  0.29889736  0.39780489
  0.02365557 -0.08043353  0.22206514 -0.01564102  0.04055952 -0.10788585
  0.95519423 -0.61803204 -0.08338332  0.18087164  0.59701043 -0.59083551
  0.16531822  0.63177347 -0.53372699  0.27687839 -0.38963974 -0.35309684
 -0.07560548  0.07430327 -0.31049466  0.7713964   0.5889436   0.06720951
 -0.39508206 -0.19865313  0.08624821 -0.26287386 -0.27758709 -0.29661992
  0.14442351  0.28222948 -0.19241318  0.48110685  0.08755907  0.04181296
  0.04801039 -0.36883962  0.47043896 -0.23292528  0.56575233 -0.75792325
  0.13845435  0.29238918 -0.07691339 -0.43234599  0.01768974 -0.68931293
  0.48303142  0.57792163 -0.35175109 -0.74834079 -0.10150117  0.18705158
 -0.67877275 -0.90046906 -0.36159614 -0.56620091  0.15694898  1.02875054
  0.11886609 -0.34129751  0.07633954  0.21939185  0.02249029  0.14251652
 -0.3740772  -0.73572725  0.01666897 -0.23441631 -0.10735679  0.03419665
 -0.53911448  0.75155568  0.08539286  0.28585142  0.14345765  0.55400312
 -0.26313269 -0.49046874 -0.78190339  0.06564739  0.1050487   0.17628339
 -0.47544059 -0.34481901 -0.03416309  0.23929816  0.12331378  0.0889392
  0.18092096 -0.01963019 -0.23987865 -0.6398468   0.30753523  0.39626193
  0.38996017  0.25260511  0.20833248  0.0302931  -0.42972487 -0.08975597
 -0.35923475  0.02865668 -0.26288828  0.04838986  0.19966677 -0.21174604
 -0.17935565 -0.7437681   0.61743832 -0.18951854 -0.41080862  0.34219745
  0.3788242   0.08563178  0.09651867 -0.03455772 -0.51472074 -0.11963412
  0.37002629  0.23205745  0.6827513   0.41020867  0.14482898  0.28427029
  0.24723685  0.04518537 -0.64177203  0.30720836 -0.35840446 -0.2949532
  0.34479079 -0.26055586  0.00266621  0.24443936 -0.11088578 -0.20697695
 -0.62975436 -0.14886798  0.12647785  0.26116526  0.32338563  0.53286964
  0.34018552 -0.58206296 -0.02784948  0.69071805  0.52538466 -0.66482913
 -0.05797721  0.82866383 -0.48811907 -0.35839587 -0.77650362 -0.19520101
 -0.13417888 -0.01103591  0.48253381 -0.33260304 -0.20133308 -0.4542501
 -0.26550472  0.44289288 -0.58292967 -0.15193868 -0.00859119  0.10611022
  0.85483807  0.30202785  0.07290077  0.22988543 -0.48051491 -0.17000058
 -0.29315364  0.00474705 -0.2258037   0.1720944  -0.36175132  0.05614265
  0.07023494 -0.40565923  0.50464785  0.22513077 -0.47031879  0.84811628
 -0.16745102  0.11116056 -0.38028538 -0.0821777  -0.38591972 -0.03955784
 -0.42939812  0.1418906  -0.09686361 -0.21563475 -0.20930605 -0.22499394
  0.60039073 -0.16489835 -0.45958936 -0.44650316  0.08395126  0.08119447
 -0.02359829  0.48180363  0.20797548  0.0841345   0.72161204  0.66959709
 -0.17513618  0.09838113  0.22355929  0.20601524 -0.09029083  0.19237709
  0.62213874  0.93461251  0.24308771 -0.49903095  0.49905029  0.08132365
  0.13857944  0.55854595 -0.34056664 -0.4522379  -0.04517483 -0.39265773
  0.13817732  0.56459308  0.03871697 -0.49644268 -0.79035491  0.03995553
 -0.02862105  0.17377295  0.07403071  0.08854283 -0.42098421 -0.52119744
 -0.24809124  0.03171058  0.16793709 -0.4999696   0.61163735 -0.07518324
 -0.3667599   0.50576991  0.49828529 -0.43259001  0.12223211 -0.10771097
  0.12412339 -0.38611197 -0.41118529  0.25519586  1.16355968  0.1553719
  0.20671386 -0.29692993  0.38886443  0.34933639 -0.43524441 -0.13411084
  0.21703099  0.48225373  0.69483703  0.62892544  0.26905447 -0.04434184
  0.0589173   0.04126655  0.2548151  -1.04932344  0.26447436 -0.0902676
  0.59879488 -0.99463242 -0.14463177 -0.28910559 -0.13470441  0.16663891
  0.25884038 -0.29482698  0.45624241  0.66551852  0.04993453 -0.64404649]


第16类： ['客户购买了', '客户购买的', '已购买客户', '是客户购买']
语义向量：[-3.96055765e-02  2.93790221e-01 -2.64082402e-01 -1.39806913e-02
 -1.66936532e-01  5.00081219e-02  1.84654653e-01 -1.42808706e-02
  7.13809207e-02  1.84408292e-01  1.23769045e-02  1.15607776e-01
  2.17198674e-02  1.57384932e-01 -1.55713513e-01 -2.00144246e-01
 -5.15877716e-02 -2.38387227e-01  3.97800356e-01 -3.64079386e-01
 -2.23948002e-01  1.20800875e-01  3.67150575e-01 -6.78077400e-01
  2.49449313e-01  2.43154809e-01 -1.08136714e-01  2.32852399e-02
 -1.14227533e-02 -2.78780192e-01 -1.52159199e-01 -4.32168633e-01
  7.47381747e-02  2.97060281e-01  1.53467476e-01 -1.17168628e-01
 -3.08466971e-01 -3.11995834e-01  7.84448162e-02 -9.81167927e-02
 -3.50241989e-01 -4.70487982e-01  2.41221473e-01  1.53627649e-01
 -3.51560004e-02  1.33058116e-01  2.41410613e-01  2.76646376e-01
  2.19578028e-01 -6.51826477e-03 -1.46958694e-01 -9.81320976e-04
  3.29021126e-01 -3.41679096e-01  6.37117028e-02 -5.52059943e-03
  2.91307177e-02 -1.07830904e-01 -6.51819482e-02 -4.28365797e-01
  3.52542907e-01  5.43476105e-01 -1.73035190e-01 -6.26944244e-01
 -1.93250343e-01  1.15264915e-01 -2.93352127e-01 -5.96727133e-01
 -3.08255762e-01 -3.96773845e-01  1.70375630e-01  2.03361377e-01
 -8.66765752e-02 -2.55401492e-01 -4.47651930e-02  1.50953367e-01
 -5.70580475e-02  3.99881214e-01  4.02040780e-02 -5.43546915e-01
 -5.21722203e-03  1.98162198e-02  8.97980109e-02 -2.65091538e-01
 -6.80489689e-02  4.37044233e-01  2.15056911e-01  2.62335509e-01
  2.72716079e-02  3.08021396e-01  2.56029636e-01 -7.26298332e-01
 -4.16003078e-01 -2.36373708e-01 -5.79955094e-02  2.13934734e-01
 -3.59927528e-02 -2.89969772e-01  9.93149057e-02  9.02948678e-02
  5.48286224e-03 -9.84870866e-02  3.13851953e-01  2.01062337e-01
 -1.71190605e-01 -3.10779542e-01  8.06850791e-02  5.00133097e-01
  2.83721477e-01  3.84907693e-01 -3.66048664e-02 -7.26734549e-02
 -2.37283930e-01 -1.00526325e-01 -8.74823630e-02  1.70886144e-01
 -1.90874159e-01  3.08368746e-02 -1.56250045e-01 -1.22548781e-01
 -1.25960842e-01 -5.46607316e-01 -6.82296092e-03  3.43296975e-02
 -2.04233620e-02  3.04403663e-01 -5.20687252e-02  8.69011208e-02
  9.05197486e-02 -3.87723260e-02 -6.30732596e-01 -6.92631230e-02
  2.25408480e-01 -1.34341912e-02  3.38966399e-01  6.13104820e-01
  4.67317075e-01  6.97641671e-02  3.29004437e-01 -1.11884646e-01
 -6.13756955e-01  1.49054125e-01 -1.13575339e-01 -2.46443793e-01
  2.07426980e-01 -8.61797407e-02 -3.17766100e-01  6.87555552e-01
 -6.37980700e-02 -1.21512532e-01 -9.53390002e-02 -2.48630211e-01
  9.43194106e-02  2.03754827e-01  1.64285436e-01  2.09087923e-01
  1.75693914e-01 -7.11921990e-01  2.10775957e-01  3.56544971e-01
  1.60475701e-01 -2.86678523e-01 -1.19340204e-01  5.57586610e-01
 -2.87986785e-01 -3.38947207e-01 -1.75477564e-01 -2.17083558e-01
  9.14811864e-02 -4.00604531e-02  2.21957803e-01 -3.94463390e-01
 -1.26311019e-01 -4.26413804e-01 -2.80948728e-01  1.39195904e-01
 -3.81643504e-01 -5.02437986e-02  1.88521877e-01  1.82375923e-01
  3.59631032e-01  7.92446062e-02  2.78971821e-01 -1.32562041e-01
 -4.55673903e-01  4.10394557e-02 -5.66381752e-01  1.75394341e-01
 -6.77545592e-02 -1.92312279e-03 -1.06348835e-01  1.66793287e-01
 -2.77869795e-02 -2.65003294e-01 -1.49024576e-02  4.65728529e-02
 -3.42001706e-01  7.40020752e-01 -1.65537879e-01  1.00359350e-01
 -2.65705556e-01 -1.92837998e-01 -1.54349089e-01  3.83668803e-02
 -1.51111037e-01 -8.22292492e-02  1.45516440e-01 -8.74629095e-02
  2.04200789e-01 -5.90493381e-02  3.91239405e-01 -2.97013551e-01
 -3.46898049e-01 -3.91774058e-01  2.42169738e-01  8.71602371e-02
  9.91480425e-02  4.54119802e-01  1.42217621e-01  3.70182246e-01
  2.02682152e-01  7.57522359e-02 -3.26844901e-01  1.92466065e-01
  2.05456968e-02  3.54447693e-01 -3.31972726e-02 -5.82490116e-03
  2.07973674e-01  1.22747123e-01  1.22087011e-02 -3.17903548e-01
  3.25294107e-01 -2.64564101e-02  4.10598218e-02  2.59425968e-01
 -2.11117551e-01 -4.77057666e-01  3.12350243e-02 -7.64755532e-02
  2.55234271e-01  4.74220365e-01 -1.26223966e-01 -2.26827666e-01
 -4.34422135e-01  2.21629944e-05  1.45356834e-01 -7.85320997e-02
  1.18053533e-01  4.53703292e-02 -2.38284424e-01 -5.94134778e-02
 -1.47682294e-01 -1.41692623e-01  5.33385836e-02 -2.49143079e-01
  3.25005084e-01 -1.34791151e-01 -2.88516909e-01  2.63355553e-01
  9.95341465e-02 -2.79717177e-01  2.37130836e-01 -3.80223751e-01
  1.27144024e-01 -4.66570050e-01 -4.94018763e-01 -1.45196542e-01
  4.94027466e-01 -2.66924143e-01  1.26851365e-01 -1.61822125e-01
  4.42954779e-01  3.08301210e-01 -9.89448354e-02  2.72896532e-02
  2.67310619e-01  2.65369147e-01  3.06129098e-01  3.56868297e-01
  1.08257271e-01 -1.04337245e-01  1.29761949e-01 -3.23764712e-01
  1.31267831e-01 -4.27277654e-01  3.61055225e-01 -2.65952736e-01
  2.75288135e-01 -3.41258973e-01 -8.27739909e-02 -9.05337259e-02
 -2.44143102e-02  1.87025070e-01 -6.09302782e-02 -2.51272291e-01
  4.91029650e-01  2.44008288e-01  4.27990668e-02 -1.37758344e-01]


第17类： ['两个账号分别购买', '公司购买的账号', '已经购买了账号', '有购买的账号', '购买一个账号', '购买多个账号', '还没有购买帐号', '那是购买账号', '需要购买账号']
语义向量：[-8.59041992e-02  1.29668540e-01 -2.10683610e-01 -1.27759091e-01
 -7.23753961e-02  2.24327298e-02 -6.38518673e-02  3.62940341e-01
 -2.59779096e-02  4.88421900e-01  6.76086272e-02  2.20613903e-01
 -6.30653492e-02  1.69358691e-01  1.29215559e-01 -2.71343320e-02
  3.02883244e-02 -2.18814911e-01  4.09434686e-01 -1.99612265e-01
  5.72526712e-02  1.05172685e-01  5.70567012e-01 -6.40629186e-01
  1.27793345e-01  3.19509546e-01 -1.37301659e-02  1.13183446e-01
 -2.49352853e-01 -4.10499467e-01 -1.56510406e-01 -1.32708983e-01
 -3.93796725e-02  4.35683012e-01  1.62332983e-01 -1.59652827e-02
 -4.97993820e-01 -6.17757688e-02 -2.14701802e-01 -2.09734034e-01
 -2.71730655e-01 -2.18353460e-01  1.98569462e-01  2.42162853e-01
 -2.17117235e-02  1.88233177e-01  3.14169821e-01  1.65684990e-01
  4.33796392e-02 -2.15332806e-01  3.25658557e-02 -1.56296213e-01
  2.28319851e-01 -2.96491070e-01  7.78135293e-02  5.49288914e-02
 -2.90145738e-01 -1.93855322e-01 -1.08687351e-01 -3.84997865e-01
  4.26314642e-01  4.42812118e-01  1.15930587e-02 -5.45681165e-01
  2.77843653e-02  3.27968617e-01 -4.75974040e-01 -6.21597999e-01
 -1.45902271e-01 -2.82329104e-01  3.98215498e-02  3.87815985e-01
  1.64193140e-01 -1.17674734e-01  3.65254035e-03  2.63891348e-01
  1.61952062e-01  2.83053845e-01 -1.20441509e-01 -4.65890014e-01
 -7.46884685e-02  4.41635462e-02 -4.21224721e-02 -1.71713667e-01
 -2.96241401e-01  4.89475270e-01  4.50496934e-02  9.57837585e-02
  5.66615214e-02  1.62311369e-01  1.08899863e-01 -5.43212404e-01
 -3.45712264e-01 -1.22885419e-01  9.55837386e-03  1.91879345e-01
 -1.19261503e-01 -1.88586649e-01 -5.06164134e-03  2.29150630e-01
  1.75981188e-02 -1.10092012e-01  2.43303595e-01 -9.15816112e-02
 -2.57490300e-01 -6.00428945e-01  1.66054725e-01  3.46600741e-01
  1.37707889e-01  2.74174260e-01  2.40294702e-02 -1.17483798e-01
 -4.03065185e-01 -6.11244217e-02 -2.37870728e-01 -1.16878614e-01
 -1.35795077e-01  1.45667599e-01 -1.15422014e-01 -2.11253020e-01
 -1.59673871e-01 -5.73505713e-01  3.01301094e-01 -1.01768918e-01
 -3.69376947e-01  3.05056761e-01  1.47786251e-01 -4.20501203e-02
  1.22549056e-01 -2.01506375e-02 -4.12229058e-01  2.56269239e-04
  1.31677395e-01  5.43357753e-03  3.51364831e-01  2.77786672e-01
  3.30115510e-01  1.49789954e-01  2.49395223e-01 -1.20270353e-01
 -4.34038974e-01  2.38783820e-01 -1.85284565e-01 -2.03357610e-01
  1.81248345e-01 -1.13642771e-01 -9.97121094e-02  3.90083230e-01
 -1.03568799e-01 -1.51405498e-01 -5.31593429e-01 -3.76167198e-01
  2.21440219e-01  3.03370787e-01  2.27495521e-01  3.41434036e-02
  2.04152750e-01 -7.47108135e-01  4.83276972e-02  4.61307367e-01
  2.74263793e-01 -4.04866204e-01 -1.02295905e-01  4.68781398e-01
 -4.48834211e-01 -3.39923604e-01 -1.76987212e-01 -2.42104729e-01
 -9.50879537e-02 -1.22171335e-01  2.62641836e-01 -2.37097842e-01
  6.20970097e-02 -4.05424621e-01 -1.45808955e-01  3.09815274e-01
 -4.78137539e-01  5.91039078e-03 -1.88492555e-01  1.15850331e-01
  5.73438323e-01  1.72812613e-01  2.07230262e-01  1.36802616e-02
 -4.38050999e-01  7.29533674e-02 -2.72495250e-01  2.57289810e-01
 -2.52222002e-01  7.75125573e-02 -8.88352684e-02  7.89597730e-02
 -1.30473206e-01 -2.01319002e-01  1.28300117e-01  1.62567101e-01
 -2.79104862e-01  6.60813683e-01  1.35063697e-01  5.08837224e-02
 -1.19864478e-01  1.25777897e-02 -2.53379545e-01  2.06276865e-01
 -2.70960288e-01  1.92307355e-01 -4.00628613e-02 -2.12166857e-01
  1.31693971e-01 -3.31197482e-02  1.64874779e-01 -1.58332644e-01
 -2.83280282e-01 -4.62959482e-01  1.98658483e-01  4.43463176e-02
  1.78637529e-01  3.54001125e-01  3.22066986e-01  2.34489757e-01
  1.56985526e-01  2.08706304e-01 -2.18757576e-01 -1.28506671e-02
 -2.92508010e-02  6.76892582e-02 -2.25259145e-01  7.19334878e-02
  2.54193190e-01  6.35577202e-01 -3.35141723e-02 -1.28512463e-01
  1.84895598e-01  1.29350500e-01  7.62356859e-02  1.86484335e-01
 -2.91004820e-01 -2.07713225e-01 -1.00009738e-01 -2.21956349e-01
 -5.41715398e-02  5.52205950e-01 -1.44805668e-01 -2.45923822e-01
 -4.90402258e-01 -2.30731029e-03  8.18375390e-02  9.95414365e-02
  5.39947943e-02  3.34608342e-02 -3.34659013e-01 -1.26194754e-01
 -1.99686880e-01 -1.11900818e-01 -8.76967619e-03 -1.61630234e-01
  3.55912669e-01  2.72220541e-02 -6.94362351e-02  2.36662780e-01
  1.70205575e-01 -1.90368169e-01  3.64555448e-01 -7.99297699e-02
  3.54467079e-01 -4.87642964e-01 -4.99069519e-01  4.40946670e-02
  6.30464296e-01 -2.58692526e-01  3.48653048e-01 -3.20638865e-01
  3.12090836e-01  2.25912558e-01 -2.48039217e-01 -2.56448100e-01
  2.59307605e-01  2.54393280e-01  4.74396027e-01  2.08203336e-01
  9.34218640e-02  7.49754181e-02  1.17105426e-01 -2.31677175e-01
  6.23784090e-02 -5.45796735e-01  1.66579324e-01  4.61955803e-02
  3.05768271e-01 -4.86295915e-01  7.17936899e-02  3.09531184e-02
 -1.31665367e-01  2.29389727e-01  5.31124539e-02 -2.12940627e-01
  4.62721394e-01  4.21302550e-01  2.16464667e-01 -9.27273664e-02]


第18类： ['购买怎么收费']
语义向量：[ 0.18861185  0.45061207 -0.02776637 -0.07892206 -0.09929421  0.08395272
  0.10274693  0.02244242  0.24500148  0.17334135  0.19180059  0.24117906
 -0.25697264  0.19530098 -0.28204799 -0.1753069  -0.17762582 -0.37312198
  0.51121837 -0.33037153 -0.24856029 -0.04820898  0.53763527 -0.59784007
  0.31352615  0.45098516  0.09989382  0.22282177  0.14899082 -0.29529354
 -0.14426044 -0.53188533 -0.0310421   0.41806158  0.208827   -0.29419541
 -0.68260574 -0.69447249  0.35477149 -0.09850416 -0.04671482 -0.67778653
  0.44412792  0.13931824 -0.02375716  0.60922009  0.05470045  0.19611047
  0.52968222  0.02564884 -0.12430809  0.05499886  0.83294517 -0.49376774
  0.1618932  -0.14055902 -0.23314667  0.08824936 -0.27960804 -0.58886564
  0.1192833   0.81260675 -0.15265872 -0.32776985 -0.24010623  0.23136266
 -0.79448074 -0.84582162 -0.62822413 -0.40221202 -0.18699433  0.08329106
  0.01923444 -0.28887799 -0.60564125 -0.01655613  0.13233568  0.42293021
  0.15514503 -1.05146468 -0.05045076  0.01913734  0.05544655 -0.53083545
 -0.12897213  0.4160367   0.22135632  0.074907    0.17659169  0.48675093
  0.60480887 -0.92551899 -0.50960869 -0.25881767  0.16995132  0.35240233
 -0.02667709 -0.48995116  0.14867215  0.06714217  0.06545054 -0.08628378
  0.2446539   0.31846699 -0.24872737 -0.59077215  0.24772131  0.24424092
  0.26803061  0.38566622  0.07559137 -0.39703426 -0.48494181 -0.19316871
 -0.09426704  0.30134797 -0.17746277 -0.02226046 -0.47577974  0.36258686
  0.02374401 -0.95957232 -0.19514777 -0.10687505 -0.07167041 -0.02957282
 -0.08924476  0.27062258  0.16796054  0.15772849 -0.54967755 -0.00502372
 -0.04479457 -0.06312481  0.2342843   0.50495106  0.4545455   0.0828665
  0.36036518 -0.15189528 -0.59215516  0.27702996 -0.27341777 -0.47627318
  0.56746793  0.27180031 -0.58081025  0.52082592 -0.28729886  0.03088656
 -0.45905599  0.05212768  0.14884996  0.41574636  0.16526438  0.09645814
  0.54570109 -0.42557129  0.30989608  0.58531332  0.14156295 -0.41850889
 -0.14658482  0.70003396 -0.62163925 -0.02046957 -0.45511749 -0.40438008
  0.18490542 -0.25870231 -0.01787337 -0.74141669 -0.15287368 -0.04197466
 -0.63214421  0.37518594 -0.36934635 -0.08928413  0.13313361  0.14535831
  0.35515109  0.22834165  0.06719901 -0.14989601 -0.47283447 -0.00915348
 -0.31758383 -0.1508334  -0.30830657 -0.11726245  0.00950369 -0.2581431
  0.50994378 -0.52555841 -0.17066465  0.15474074 -0.44129944  0.98404795
 -0.02017449  0.41033602 -0.13328873 -0.13212103 -0.36605802 -0.05672189
 -0.09595852  0.17410143 -0.33042911  0.00140318  0.23891814 -0.18925112
  0.16964643 -0.08784867 -0.22574419 -0.58430147  0.45731983  0.17662303
 -0.21380542  0.42447695 -0.22590981  0.20777196  0.36804542 -0.14788915
 -0.11020354  0.27961907  0.40939438  0.36410463 -0.32217014  0.06221719
  0.16298018  0.63559002 -0.06963981 -0.13300821  0.41047564 -0.15338087
  0.11548092  0.17070931  0.03713015 -0.48835802  0.13449055  0.06053881
 -0.06000218  0.58970225  0.09093138 -0.52237219 -0.24464984  0.15821564
 -0.03708352  0.03054505 -0.02748499  0.30656242 -0.1171222  -0.10021798
 -0.22581863  0.01724737 -0.1010403  -0.34431991  0.32123181 -0.15766735
  0.15771925  0.28805518  0.13784952 -0.26879558  0.40910098 -0.4978908
 -0.02947124 -0.47329369 -0.69540763 -0.19247758  0.88670951 -0.03243208
  0.07331336 -0.27722472  0.36361298  0.30683732 -0.35220298 -0.05034709
  0.11799733  0.47415212  0.24570017  0.33547083 -0.12794778 -0.03033689
  0.07347216  0.08340279  0.06673863 -0.65042132  0.25169501 -0.04356468
  0.44441852 -0.48622665 -0.26303402 -0.33419073  0.03770024 -0.18809505
  0.34735861 -0.01344811  0.39549872  0.3789368   0.05946474 -0.18912822]


