第1类： ['不是邮箱就可以了吗', '之前的邮箱不是我的', '他说我用预约邮箱', '他邮箱还是没收到', '但是想更换成工作邮箱', '你发我邮箱里面吧', '你发邮箱里吧', '例如我的邮箱是', '具体需要什么邮箱呢', '写邮箱的时候出现的', '发我邮箱了么', '发我邮箱可以吗', '只是邮箱没收到初始密码', '只要有邮箱就可以', '可以发到我的邮箱', '可以发我公司邮箱吗', '可以改邮箱名吗', '可以留私人邮箱吗', '可能我邮箱输错了', '咋提示邮箱不对呢', '如果做好了发我邮箱', '对于这个邮箱还有限制么', '想问问有没有方法重置邮箱', '我不知道他们的邮箱', '我们公司的邮箱阿', '我再给您个邮箱', '我发我邮箱到你信息吧', '我可以留邮箱吗', '我可能用他的邮箱', '我用我自己的邮箱和公司的邮箱都不', '我留邮箱不完了', '我的邮箱填写错误了', '我的邮箱收不到验证码', '我的邮箱进不去了', '我试了两个邮箱都申请不了', '或者发我公司邮箱吧', '换了几个邮箱了', '换了邮箱也不行', '方便发我邮箱吗', '方便的话最好给我发邮箱', '是不是我邮箱填错了', '是对邮箱有限制吗', '有她的邮箱吗', '深圳市佳保安全股份邮箱公司', '直接发我邮箱吧', '短信邮箱都没有收到', '能就用这个邮箱吗', '能报个价给我邮箱吗', '要不我换个邮箱吧', '记一下我的邮箱', '请问邮箱有什么要求', '资料发我邮箱了么', '这个是我个人邮箱', '这个是我的邮箱', '这个是我的邮箱', '这个邮箱不会是代理吧', '这个邮箱是对的', '这个邮箱没有输错啊', '这是我同事的邮箱', '这是我的邮箱', '这是我的邮箱', '这是我的邮箱', '这是我的邮箱', '这是我的邮箱', '那什么邮箱可以用', '那您发我邮箱吧', '那我再给你个邮箱', '那邮箱不存在是怎么回事', '邮箱刚才发你了', '邮箱就是我的姓名', '邮箱我已经给他了', '邮箱是要单位的', '邮箱用不了是吗', '邮箱错误设什么意思', '邮箱除了企业的邮箱还可以用自己的', '都没有邮箱验证啊', '需要留下手机号码还是邮箱']
语义向量：[-0.16368462  0.04297124 -0.06222242 -0.0337392  -0.17261592 -0.03153065
 -0.20806849  0.14598448 -0.09911732  0.22595879 -0.02452029  0.02706284
 -0.06954037 -0.11301053  0.09182259 -0.00145466  0.00159797 -0.01444805
  0.04040388  0.0782034   0.22896892  0.10476325  0.13264291 -0.10921414
 -0.0477965   0.00233117 -0.0223541  -0.16052513 -0.17147661  0.01780921
 -0.12273054  0.05126621 -0.03544734 -0.05080209  0.11152447 -0.03909081
  0.1316149   0.23531086 -0.05976766 -0.14289795  0.11016531 -0.20076609
 -0.06526773  0.08152335 -0.04099944 -0.15849043  0.15651403  0.02791977
 -0.12819544 -0.3016148   0.31356153 -0.09177514 -0.27241509 -0.24010696
  0.17977263  0.16278117  0.18622619 -0.25106099 -0.17090667 -0.18713079
  0.14183054 -0.10985143 -0.08193782 -0.12285702 -0.00213642 -0.02207593
 -0.14490642 -0.02313008  0.07414003 -0.06720527  0.0267092   0.13696243
  0.0135223  -0.09094889  0.10711729  0.05447898  0.10472093  0.05246102
  0.03995101  0.03796147  0.10474094 -0.06166585 -0.02453568 -0.13898242
 -0.12014504  0.18246154 -0.02386492  0.01131324 -0.01185908 -0.06895016
 -0.07557868  0.05756341 -0.02028275 -0.0202073   0.13504374  0.10554863
 -0.03647521  0.12594829 -0.05912297 -0.18397089  0.14396673 -0.01121557
 -0.0140682  -0.14393777 -0.06944782 -0.01386648  0.079733    0.07329562
  0.06740108  0.05230625  0.06739355 -0.03471567 -0.01109328  0.13221153
 -0.08104758 -0.13279453 -0.16378558 -0.0054541   0.11410102  0.02113373
 -0.14738062  0.15102422  0.34651657 -0.023136   -0.16218975  0.06877182
  0.14145931 -0.11261093  0.02485733 -0.06851106  0.06931568  0.05042847
 -0.06939299  0.01570444  0.01357496 -0.21069388  0.15677343  0.13242428
 -0.12533077  0.07447017 -0.07230554 -0.00138876 -0.01862718  0.06470782
  0.02438487 -0.03651405  0.03886272  0.04682712  0.08198257 -0.06842236
  0.09554258 -0.34506394  0.03288715 -0.03564259  0.08077126  0.09460159
  0.22147324 -0.18822282 -0.12472564  0.05392974  0.24680028 -0.13935146
  0.08392171  0.16714532  0.02189322 -0.01144723 -0.05999346  0.08229216
 -0.13490887  0.06081332  0.11917466 -0.14499831  0.0933859   0.01138506
  0.15679763  0.12549626 -0.10863111 -0.07030775 -0.1953523  -0.06414255
  0.21272242  0.084758   -0.03520642  0.13355312 -0.04047646  0.07258037
  0.07149518 -0.02535782  0.04914347  0.12254846 -0.06801898 -0.12965685
  0.03282507 -0.12550195  0.16593482  0.13661696 -0.18427895 -0.11347163
 -0.15087784  0.01171695 -0.15595834 -0.06465039  0.00588026  0.01602206
 -0.24704959  0.10636096 -0.01096708 -0.00690551  0.04829664  0.09030933
  0.18676272 -0.03261416 -0.19167002 -0.03926137 -0.12113649  0.12878173
 -0.07746903 -0.28396041  0.30676981  0.00306113  0.11475906  0.1474914
 -0.14133027  0.03673526  0.00942756  0.13044062  0.23474725 -0.07495482
  0.03261675  0.15454553 -0.08887668  0.03831992 -0.14566438  0.01127697
 -0.03628208  0.17804431  0.04642507 -0.03537622 -0.12337721  0.04394837
 -0.03169426 -0.02519234  0.07846862 -0.12844019 -0.11400891 -0.02927524
 -0.1188898   0.16467751 -0.01667152 -0.10567509 -0.05431887 -0.01084592
 -0.00617783 -0.10798552 -0.07971944 -0.04353048 -0.02142348 -0.05039402
 -0.00651122  0.03920764  0.06393406 -0.12449016 -0.1411156   0.12413011
  0.07108771  0.12272977 -0.04754991 -0.01005861  0.03162018  0.06457626
  0.15129    -0.13220996 -0.06316378  0.05053695 -0.03398181 -0.16778886
  0.07378739  0.04891011  0.18829745  0.02715767 -0.01066043  0.01841304
  0.14476256 -0.10159575 -0.02041784 -0.05950757 -0.0506023   0.03982811
  0.10446399 -0.44560948  0.16172892  0.16234949  0.07724051  0.15329305
  0.08971568 -0.15912562 -0.01743771  0.10339799 -0.06767781  0.01940695]


第2类： ['上面的邮箱', '发到我邮箱', '发我邮箱', '发邮箱吧', '只有一个邮箱', '员工邮箱嘛', '姓名邮箱等', '我用的邮箱', '我留了邮箱', '我的邮箱', '我的邮箱', '我的邮箱', '我的邮箱', '我的邮箱', '我的邮箱', '我的邮箱', '我的邮箱', '我的邮箱', '我的邮箱是公司邮箱', '我看看邮箱', '我邮箱是', '我邮箱是', '没有任何邮箱', '没有收到邮箱', '要邮箱验证', '还是邮箱吧', '那里还要邮箱', '邮箱不改吧', '邮箱可以不', '邮箱可以么', '邮箱可以吗', '邮箱可以吗', '邮箱可以吧', '邮箱填错了', '邮箱就是我', '邮箱收到了', '邮箱无法识别', '邮箱是什么', '邮箱是吧', '邮箱是嘛', '邮箱有问题', '邮箱没收到', '邮箱给你', '邮箱输错了']
语义向量：[-0.2915468   0.07439261 -0.11230136 -0.05666716 -0.30892192 -0.05634328
 -0.36959081  0.25881038 -0.17425172  0.39908532 -0.04231322  0.04633068
 -0.123013   -0.20207513  0.1643647  -0.00876485  0.00227845 -0.02365138
  0.06840666  0.13942646  0.40816404  0.18758439  0.23308002 -0.1949943
 -0.09105766  0.00510026 -0.04142431 -0.28568016 -0.30697796  0.03495946
 -0.21886045  0.09164487 -0.06368855 -0.09198642  0.19624286 -0.06901337
  0.24220979  0.42243703 -0.10174474 -0.25636949  0.19762153 -0.35266605
 -0.11706606  0.14334598 -0.07430577 -0.28062219  0.28004416  0.04410735
 -0.22465544 -0.53806027  0.55595149 -0.1616402  -0.48472012 -0.42616666
  0.32055529  0.29350239  0.33695794 -0.45022595 -0.30323769 -0.33525009
  0.25109906 -0.19588944 -0.14307104 -0.22149925 -0.00627312 -0.04071653
 -0.25898747 -0.03791058  0.13400684 -0.1191021   0.04655792  0.24257044
  0.02033581 -0.16225288  0.19326317  0.08798668  0.18709203  0.0937907
  0.07393338  0.0714507   0.18174531 -0.11057956 -0.0377621  -0.25005735
 -0.20975835  0.32204606 -0.04162361  0.01765813 -0.01940932 -0.12010289
 -0.13350285  0.10344111 -0.03070319 -0.03732411  0.24394735  0.1844813
 -0.06551293  0.22338686 -0.10326141 -0.32557881  0.25551013 -0.02320287
 -0.02525495 -0.2533163  -0.12337713 -0.02124317  0.14213917  0.12846005
  0.11754784  0.09409194  0.12146336 -0.06350814 -0.01856649  0.23604669
 -0.1420241  -0.24308358 -0.29067535 -0.00541176  0.20024711  0.03882705
 -0.26375238  0.26899665  0.61667467 -0.03961798 -0.28781457  0.12708938
  0.25228813 -0.19557455  0.04305595 -0.11880895  0.12537327  0.08688545
 -0.11919942  0.02978404  0.02303636 -0.37007114  0.28103328  0.23410842
 -0.22355881  0.1302782  -0.1236305  -0.00685423 -0.02982642  0.11886921
  0.04123677 -0.06567105  0.06716081  0.08105732  0.1526493  -0.12122154
  0.17460903 -0.61349335  0.05751512 -0.06829297  0.1472702   0.16477055
  0.39613933 -0.33295076 -0.22409056  0.09606964  0.44072829 -0.25181877
  0.14893105  0.30067961  0.036509   -0.01969539 -0.10675493  0.14322358
 -0.23963716  0.1096347   0.2158255  -0.25600987  0.16707691  0.02165206
  0.27693053  0.22385199 -0.1933379  -0.12146045 -0.34895484 -0.11659101
  0.37954036  0.1516267  -0.06402264  0.23854019 -0.0682763   0.1314481
  0.1290307  -0.04736433  0.08941507  0.22492972 -0.11794012 -0.23396329
  0.05666437 -0.22270547  0.29732953  0.2419684  -0.32954832 -0.20273746
 -0.26621503  0.02351651 -0.28424144 -0.10759937  0.01000654  0.03118551
 -0.44156377  0.18671646 -0.01564035 -0.01222115  0.08772224  0.16403554
  0.3317742  -0.0595863  -0.34346785 -0.07054758 -0.21530144  0.22560957
 -0.13916629 -0.50311401  0.54634126  0.00214527  0.20312043  0.26317683
 -0.24913952  0.06255077  0.0140331   0.2291223   0.42160862 -0.13582811
  0.05765931  0.27712352 -0.16271559  0.06700279 -0.26142759  0.02029792
 -0.06633129  0.32167434  0.08177618 -0.06572568 -0.21902157  0.0781708
 -0.05062296 -0.0474471   0.13924111 -0.22780114 -0.2009452  -0.05813452
 -0.21634242  0.29901553 -0.02932056 -0.19017248 -0.09484236 -0.02246733
 -0.01427646 -0.19021987 -0.14407568 -0.07744398 -0.03521518 -0.09107886
 -0.0133242   0.0650955   0.11417185 -0.22077252 -0.25103291  0.21785213
  0.12478082  0.22187297 -0.08393097 -0.01514215  0.05907979  0.11715842
  0.27031845 -0.23954726 -0.1145494   0.08527305 -0.06126345 -0.29810351
  0.1304224   0.09085046  0.33658089  0.04807983 -0.02349412  0.02771393
  0.25696088 -0.17862907 -0.03692744 -0.10759013 -0.09183641  0.06959753
  0.18242168 -0.79364059  0.28835014  0.28821562  0.13693573  0.2740057
  0.16007949 -0.28528526 -0.03361344  0.18007441 -0.12205557  0.03124948]


第3类： ['一直显示无效邮箱', '不是邮箱的密码吧', '为什么输入邮箱后显示有误', '但是链接后面的那个邮箱', '国外同事给我发的邮箱链接', '我上午申请的帐户邮箱号', '我的邮箱输入之后', '我输入的邮箱是', '没有邮箱号呀', '要他们的邮箱密码', '输入的是有效邮箱', '退出邮箱再登陆', '邮箱一栏怎么输入', '邮箱也没收到邮件', '邮箱发的连接', '邮箱输入时错误了', '邮箱里没有收到邮件']
语义向量：[-0.34430991  0.02588669 -0.13750398 -0.05537335 -0.25310245  0.00963156
 -0.28085142  0.29411003 -0.16018429  0.30630067  0.00521144  0.12936933
 -0.15046554 -0.1837503   0.21394486  0.08060478  0.0427884  -0.00357656
  0.17227004  0.06719907  0.27393896  0.13750762  0.14411571 -0.09944878
 -0.12386495  0.09476766 -0.16036132 -0.24082155 -0.32063047  0.01039194
 -0.14439785  0.19773203 -0.13972331  0.00214453  0.20830619 -0.04972734
  0.20054775  0.26990346 -0.05724794 -0.19149105  0.08718774 -0.22434224
 -0.15577893  0.10808194 -0.12078408 -0.20536974  0.12899434  0.00588532
 -0.24750149 -0.34051523  0.52171496 -0.13867012 -0.26460387 -0.40036845
  0.26257643  0.29857879  0.27083098 -0.4149157  -0.29002493 -0.25260842
  0.23566775 -0.15576376 -0.19967498 -0.24034214  0.03460466 -0.01308533
 -0.16069471 -0.06251943  0.12179924 -0.0929932   0.05566615  0.43111877
  0.06565319 -0.12942581  0.23993059  0.08325646  0.14010066  0.01025599
 -0.05819169  0.06907513  0.20112089 -0.15919128 -0.01769416 -0.02030707
 -0.29413499  0.23336207 -0.11936956  0.08439265 -0.05521365 -0.10043377
 -0.23255521  0.09370032 -0.12651811  0.03614476  0.19902216  0.08762687
 -0.14660701  0.12915353 -0.15717499 -0.20076694  0.18990713  0.04792955
 -0.06929099 -0.09491626 -0.05230859 -0.01705008  0.13509356  0.09822464
  0.12091351  0.0122928   0.1736044  -0.0434948   0.05362859  0.20056317
 -0.21669661 -0.16992279 -0.23070608  0.05372589  0.1656989   0.00990243
 -0.2168481   0.15207638  0.59480282 -0.01454425 -0.22439376  0.10924124
  0.24779044 -0.13166027  0.00778948 -0.0736712   0.1383009   0.06364771
  0.02892807  0.07535261  0.08045436 -0.17778436  0.15979911  0.17722746
 -0.20309043  0.07126115 -0.15937311  0.0209259  -0.02054364  0.09028616
  0.13043916 -0.15415544  0.14086905 -0.01591641  0.11382125 -0.09697943
  0.06046723 -0.35629469 -0.00817825 -0.05208647  0.09069768  0.20945293
  0.30648419 -0.26861091 -0.20746503  0.1409866   0.38090607 -0.23860806
  0.14382154  0.31584109  0.04735553  0.01057846 -0.24523847  0.18094447
 -0.14722939  0.06773968  0.20057848 -0.15220623  0.09540681  0.02493338
  0.28334929  0.17901249 -0.13574903 -0.10926868 -0.27275771 -0.06447218
  0.33815139  0.14137073 -0.09363336  0.23918605 -0.05274172  0.09086375
  0.13075324 -0.06877199  0.07652234  0.17884814 -0.16225682 -0.16540521
 -0.00235978 -0.14691273  0.24445488  0.18750006 -0.29931998 -0.11011114
 -0.26231904 -0.01048786 -0.24775424 -0.15107717  0.00594603 -0.0139905
 -0.37626166  0.15626247  0.0285665   0.02473258 -0.02095337  0.0532567
  0.24698074 -0.05487091 -0.23518129 -0.00500873 -0.19171026  0.14138982
 -0.09447717 -0.35933501  0.33433333 -0.05671399  0.27336726  0.27667895
 -0.12437902  0.01634041  0.07472071  0.1804677   0.3038317   0.00450754
  0.14065049  0.24897944 -0.06043919 -0.03199427 -0.10653836  0.05983923
 -0.02041639  0.27059471  0.02461592 -0.02078623 -0.20378338  0.03156868
 -0.01198692 -0.08326566  0.05969377 -0.1900962  -0.19062065 -0.03158484
 -0.14427373  0.17712878 -0.02969555 -0.16687726 -0.1305056  -0.12143661
 -0.00536019 -0.12156943 -0.00306218 -0.10187747 -0.00207811 -0.06760182
 -0.16309965  0.07887176  0.18806012 -0.2144512  -0.22984552  0.15823059
  0.0228784   0.15961148 -0.01662669  0.08153212  0.10383067  0.1215693
  0.18765706 -0.13879687 -0.03422309  0.07939562 -0.05419401 -0.2405242
  0.02484839  0.08876445  0.27360838  0.1067323   0.09927361  0.04694136
  0.1407883  -0.06835223  0.01334468 -0.15116675 -0.07646957  0.07316377
  0.26444667 -0.64923091  0.21027207  0.17590018  0.07210023  0.2135179
  0.10980539 -0.24284448  0.05909372  0.19415113 -0.07158841 -0.10099272]


第4类： ['你发这个邮箱', '去邮箱看吗', '发我邮箱吧', '发我邮箱吧', '发这个邮箱吧', '发送到对方的邮箱', '发邮箱了么', '可以改邮箱吗', '可以改邮箱吗', '可以整合邮箱吗', '就留我邮箱', '帮我改下邮箱', '忘记哪个邮箱了', '我从邮箱进入', '我们邮箱有限制', '我没收到邮箱', '我用邮箱申请了一个', '我留个邮箱吧', '我留个邮箱吧', '我的邮箱是', '我的邮箱是', '我的邮箱是', '我的邮箱是', '我的邮箱是', '我的邮箱是', '我的邮箱是', '我给你邮箱', '我邮箱查询吗', '报价单发到我邮箱', '换个邮箱试试呢', '换了一个邮箱', '是发我邮箱', '是我的邮箱', '没有别的邮箱了', '绑定的邮箱是', '能不能换个邮箱', '说邮箱不存在', '这个邮箱可以么', '这个邮箱对吗', '这是我邮箱', '这样我留个邮箱', '通过邮箱发给我', '邮箱填写错了', '邮箱已经收到了', '邮箱没收到啊', '邮箱的话有么', '邮箱等不进去', '邮箱能改吗', '邮箱还是没有收到', '邮箱里有个', '需要换个邮箱么']
语义向量：[-0.2173007   0.05713206 -0.08223585 -0.04492256 -0.2296415  -0.04182999
 -0.27758902  0.19425913 -0.13072982  0.30212624 -0.03311701  0.03501254
 -0.09286011 -0.15010423  0.12144229 -0.00235192  0.00288272 -0.01999294
  0.05540825  0.1032174   0.30538054  0.13868367  0.1791236  -0.14518769
 -0.06106097  0.00253057 -0.02931399 -0.21350493 -0.22778182  0.02383009
 -0.16442258  0.06869591 -0.04456321 -0.06726347  0.14955368 -0.05115468
  0.17390374  0.31461355 -0.08062074 -0.19118835  0.14833605 -0.26718378
 -0.08540901  0.1087181  -0.05438523 -0.2108265   0.21021389  0.03952084
 -0.17013342 -0.40313746  0.41868655 -0.123077   -0.36345013 -0.32108546
  0.2410037   0.2169454   0.24690489 -0.33520411 -0.22863242 -0.24813815
  0.18831837 -0.14680072 -0.10858089 -0.16167784 -0.0026017  -0.02905216
 -0.19510397 -0.03019915  0.0980675  -0.08873941  0.03351754  0.18143906
  0.01823944 -0.12288564  0.13997128  0.07319937  0.14104616  0.0694493
  0.05578511  0.05044008  0.13943383 -0.08181493 -0.0341872  -0.18646295
 -0.16001413  0.24401218 -0.03225831  0.0139602  -0.0141585  -0.09139866
 -0.09915067  0.0757511  -0.02657927 -0.02609354  0.18027804  0.14132587
 -0.04765145  0.16740085 -0.07968034 -0.24518082  0.19171105 -0.01526071
 -0.01843512 -0.19245419 -0.09400344 -0.02056212  0.10722681  0.09805601
  0.09102923  0.07108983  0.08868273 -0.04702467 -0.01657962  0.17405034
 -0.10783848 -0.17627983 -0.21918748 -0.00842697  0.15361965  0.02807173
 -0.19582378  0.2010747   0.46253075 -0.03102763 -0.21729426  0.09159714
  0.18961246 -0.14936473  0.03258162 -0.0910673   0.0927015   0.06751618
 -0.09539372  0.0206249   0.01723729 -0.28331634  0.20947705  0.17856813
 -0.16633563  0.09815389 -0.09483771 -0.00102281 -0.02619864  0.08550678
  0.03066532 -0.04746049  0.05187285  0.06254157  0.10884896 -0.0921345
  0.12646109 -0.46163566  0.04489605 -0.046639    0.1071787   0.12527009
  0.29613124 -0.2504848  -0.16618834  0.07256623  0.32788992 -0.18497706
  0.11137571  0.22186897  0.02895883 -0.01627845 -0.07811519  0.10965099
 -0.1820089   0.08187223  0.15927875 -0.19372429  0.12535634  0.01409683
  0.20897936  0.1688377  -0.14456229 -0.09495088 -0.2627017  -0.08646277
  0.28287045  0.11279814 -0.04783363  0.17791793 -0.05460951  0.09544834
  0.09611838 -0.03405213  0.06570458  0.16452451 -0.08930066 -0.17371689
  0.04376634 -0.16694565  0.22176191  0.18292559 -0.24597051 -0.15259906
 -0.19969108  0.01647831 -0.20626302 -0.08587692  0.00758925  0.02152629
 -0.32830801  0.14239957 -0.01691997 -0.009712    0.0642937   0.12062096
  0.24856335 -0.04304345 -0.25555867 -0.05215465 -0.16088465  0.17245696
 -0.10468584 -0.37956866  0.41154974  0.00478814  0.15261293  0.19639637
 -0.18905731  0.05028819  0.01187051  0.17435073  0.3122962  -0.10086179
  0.04218196  0.20807105 -0.1192076   0.05162755 -0.19470588  0.01296748
 -0.05022979  0.23768352  0.06352091 -0.04810881 -0.16503481  0.0579719
 -0.04369149 -0.03131988  0.10576772 -0.1708465  -0.15211159 -0.03830828
 -0.15931421  0.21990462 -0.02281556 -0.14118346 -0.07275068 -0.01458184
 -0.0088251  -0.14544645 -0.10835853 -0.05785537 -0.02857824 -0.06597891
 -0.00676824  0.05341153  0.08281401 -0.16518342 -0.18716604  0.16723107
  0.09542237  0.16320532 -0.06571085 -0.01387178  0.04331374  0.08764083
  0.20215599 -0.17700313 -0.08467999  0.06886073 -0.0451502  -0.22484613
  0.09789122  0.06525329  0.2514562   0.03760424 -0.01551948  0.02452836
  0.19246895 -0.13520251 -0.02901196 -0.07923964 -0.06844476  0.05566373
  0.13742044 -0.59536212  0.21603524  0.21536043  0.10276933  0.20531819
  0.12126545 -0.21246033 -0.02471312  0.13879613 -0.08998927  0.02587541]


第5类： ['哪里输入邮箱', '密码是我原邮箱密码', '输入邮箱提示', '输入邮箱提示']
语义向量：[-0.50486705 -0.01338528 -0.22340454 -0.08952697 -0.36050011  0.01978718
 -0.42753324  0.45348176 -0.21343505  0.48651345  0.00674967  0.20916097
 -0.2283427  -0.25053414  0.34580063  0.17163835  0.13628484  0.0037793
  0.33906855  0.11112242  0.3562982   0.1728687   0.21741858 -0.09341592
 -0.14963854  0.14564523 -0.25357252 -0.34555517 -0.52370037 -0.01807119
 -0.1757565   0.3487197  -0.16888509  0.02880995  0.34204032 -0.05839384
  0.29140726  0.35711218 -0.10815817 -0.25182272  0.12071083 -0.32207515
 -0.23799417  0.13243241 -0.18585595 -0.33458034  0.19030809  0.0638384
 -0.35535434 -0.44934398  0.81839432 -0.21286809 -0.36241733 -0.62477368
  0.43933641  0.44826193  0.39015434 -0.63865265 -0.49880458 -0.31862003
  0.34790876 -0.29897166 -0.34178668 -0.34354839  0.08384774 -0.0166539
 -0.20519514 -0.06334004  0.22459176 -0.05434352  0.07751441  0.7041212
  0.09454484 -0.16914043  0.35280823  0.16102948  0.21351218 -0.03158005
 -0.09811367  0.1200316   0.34964216 -0.26323763 -0.04440545  0.08073312
 -0.48111676  0.32273386 -0.25208987  0.10911167 -0.08430322 -0.17310226
 -0.35881725  0.16853302 -0.17446873  0.13587617  0.313271    0.11637638
 -0.22344216  0.1901159  -0.28684872 -0.30067701  0.28130702  0.11393983
 -0.09960162 -0.08984229 -0.08328333 -0.04079858  0.20703551  0.11836748
  0.16911141  0.01879757  0.29929803 -0.05131468  0.11112189  0.28952066
 -0.3723186  -0.23398267 -0.32349131  0.09757292  0.26389728 -0.00243927
 -0.2816599   0.2190339   0.92991075  0.0263167  -0.33885669  0.16049118
  0.38764378 -0.17111777 -0.00908731 -0.12268448  0.21711451  0.10138226
  0.04358286  0.11556278  0.11962974 -0.22439238  0.23800276  0.32168396
 -0.31488463  0.07403481 -0.23150758  0.05565941  0.01887841  0.15727248
  0.20257222 -0.24081095  0.25487828 -0.09178801  0.1415574  -0.13446154
  0.07573736 -0.48165252 -0.03723594 -0.05743526  0.12978227  0.29791483
  0.45016944 -0.40129555 -0.31898312  0.21367354  0.4989065  -0.37436229
  0.23003423  0.41882297  0.09738023  0.01248709 -0.34773255  0.3139757
 -0.20211938  0.13852112  0.31143117 -0.21522445  0.15382447  0.0099477
  0.48183848  0.27168592 -0.16896262 -0.19013416 -0.42052311 -0.0430961
  0.45376287  0.1936576  -0.18941727  0.37467908 -0.09183991  0.09331475
  0.22040674 -0.09672422  0.15905354  0.28733783 -0.22803719 -0.26298734
 -0.07567185 -0.20695906  0.33467696  0.29288326 -0.45548639 -0.17093052
 -0.38313064 -0.03594276 -0.35872958 -0.30035481  0.00586025 -0.03974909
 -0.55039937  0.24883442  0.07682667  0.091985   -0.06658628  0.05264899
  0.31852149 -0.08461816 -0.30989491  0.07517422 -0.29860647  0.21240233
 -0.16017129 -0.54841972  0.47333365 -0.09957407  0.43494288  0.37233926
 -0.20867032  0.02852452  0.14596375  0.27088116  0.42074437  0.03667187
  0.21910868  0.38558161 -0.07241202 -0.0542576  -0.13691884  0.06523429
 -0.05205465  0.4031664   0.05961806 -0.01725901 -0.32946222  0.04970426
 -0.04261213 -0.10302881  0.05094977 -0.25631691 -0.30363653  0.00766372
 -0.17438126  0.2286031  -0.09975113 -0.26832025 -0.218714   -0.1837252
  0.02400055 -0.1776031   0.00557135 -0.14709655 -0.00611572 -0.05816056
 -0.28090895  0.11156379  0.26091209 -0.34841598 -0.39025718  0.2643734
  0.01505409  0.24742869 -0.03100183  0.1409153   0.13936579  0.18699634
  0.3184748  -0.15805731  0.01643287  0.17263606 -0.05734033 -0.39352828
 -0.01856047  0.18167256  0.3624102   0.18416857  0.17405554  0.06958078
  0.15838535 -0.06497164  0.01869401 -0.17764872 -0.15411218  0.14598343
  0.40986136 -0.98705183  0.31888546  0.25534445  0.1276376   0.3386873
  0.09570531 -0.35383238  0.1039262   0.30841964 -0.07626395 -0.19857981]


第6类： ['我换个邮箱申请', '或者邮箱', '然后邮箱', '这是邮箱', '邮箱无误', '除了邮箱']
语义向量：[-0.43022328  0.10254694 -0.17072902 -0.09059747 -0.43888733 -0.08376037
 -0.54024195  0.39050562 -0.25545215  0.61867638 -0.05663296  0.05522373
 -0.1990757  -0.27475673  0.24854606  0.02551735  0.02635294 -0.05218255
  0.1451525   0.17259387  0.59185066  0.24962996  0.40614929 -0.27857995
 -0.07354101  0.02188289 -0.05993755 -0.44925426 -0.44304022  0.0171915
 -0.36470504  0.16367127 -0.06680267 -0.12221806  0.28702506 -0.10465345
  0.28423229  0.5973618  -0.17986853 -0.38860493  0.27171478 -0.51638348
 -0.1503658   0.24088438 -0.11030026 -0.42154411  0.42717423  0.11952241
 -0.35714872 -0.78184526  0.83811339 -0.24174673 -0.71431907 -0.65272302
  0.48950398  0.43338471  0.43864744 -0.66024501 -0.45436371 -0.47466474
  0.38500755 -0.25087367 -0.21479521 -0.31792195  0.02375987 -0.04774561
 -0.37822407 -0.09339867  0.15845387 -0.18979315  0.05552978  0.3958989
  0.06222424 -0.2450873   0.24856474  0.17866024  0.29346184  0.16338006
  0.11294973  0.09373674  0.28375029 -0.15064804 -0.09024389 -0.3568603
 -0.35807822  0.51790303 -0.06654508  0.04695642 -0.01932427 -0.190444
 -0.19373978  0.11700901 -0.09402303 -0.0400348   0.3521421   0.280884
 -0.09688958  0.33855724 -0.1931524  -0.45712451  0.36856456 -0.03426159
 -0.0333671  -0.37739363 -0.20093358 -0.08546754  0.21922466  0.23218597
  0.21378354  0.16667123  0.14503618 -0.12082438 -0.08470551  0.31390797
 -0.20055348 -0.31751901 -0.42785447 -0.03384437  0.31198202  0.01833113
 -0.37527057  0.37580548  0.93270647 -0.06713081 -0.44818535  0.15434297
  0.37914992 -0.31465658  0.05860337 -0.15283083  0.19019674  0.14374847
 -0.20479942  0.04684392  0.05137391 -0.58052578  0.40178391  0.36526339
 -0.31577258  0.13825192 -0.20412884  0.01358033 -0.08622677  0.14951561
  0.06858728 -0.10608092  0.10992639  0.12709365  0.211341   -0.20801743
  0.18463324 -0.94045939  0.08926743 -0.06408841  0.21351789  0.26330517
  0.55624382 -0.52010699 -0.31989568  0.1714934   0.65093106 -0.33486238
  0.22197141  0.43430609  0.05403507 -0.05342247 -0.15996573  0.22585751
 -0.39280094  0.15638914  0.31477807 -0.36765908  0.25296066 -0.00624792
  0.44337642  0.34270844 -0.31082698 -0.2054249  -0.53065524 -0.15799398
  0.58114977  0.23954624 -0.08419478  0.36233079 -0.12331127  0.17524503
  0.19509374 -0.05079784  0.11630245  0.30859094 -0.17863615 -0.33580157
  0.05867036 -0.30035264  0.41954208  0.3719129  -0.4822836  -0.30223201
 -0.37555355  0.01510572 -0.36390083 -0.18699079  0.01959356  0.04523424
 -0.6232591   0.2897866  -0.08521401 -0.01370542  0.12839285  0.22941646
  0.48850515 -0.08918818 -0.48846534 -0.10571344 -0.30220096  0.33092108
 -0.19260962 -0.73246389  0.85067187  0.03314405  0.31442968  0.40079068
 -0.37003726  0.12692254  0.00210494  0.35209131  0.58371808 -0.18839936
  0.06564047  0.42236362 -0.24078261  0.09209156 -0.38243092  0.01901817
 -0.11143556  0.44576808  0.10525769 -0.10472334 -0.35964479  0.0907475
 -0.10806067 -0.02954893  0.19796617 -0.32051902 -0.31400433 -0.04429763
 -0.28692345  0.4256094  -0.03644605 -0.27586901 -0.18729278 -0.0437451
 -0.02818207 -0.30988419 -0.22432727 -0.11617675 -0.04297251 -0.09699818
 -0.0068849   0.13554221  0.1299729  -0.3138232  -0.33704719  0.34481555
  0.20882095  0.28046491 -0.17186651 -0.02310587  0.10629459  0.15510704
  0.40798808 -0.36052362 -0.16553279  0.15268386 -0.07728457 -0.47085832
  0.22380036  0.11344117  0.52954923  0.09466403 -0.01103607  0.06157298
  0.35456232 -0.27656791 -0.08831029 -0.18896968 -0.12827421  0.1462302
  0.26806584 -1.17339502  0.44199246  0.41953277  0.16751324  0.41225791
  0.25698948 -0.41977949 -0.04992535  0.29630481 -0.15358563  0.06788102]


第7类： ['为什么我的邮箱还没有收到你们反馈', '之前技术人员说是给我邮箱发个播放器', '之后我按照你给我邮箱发的信息', '他们是用的官方网站的邮箱', '但是原来这个邮箱已经被注销了', '但是好像很久都没有发邮件到我邮箱', '但是我的邮箱是没问题的', '但是绑定的邮箱已经不能用', '你发我邮箱先了解一下你们公司', '你可以先帮我看看关联的邮箱是多少', '你好想问合法的邮箱是什么呢', '你把那些价格参发我邮箱', '你是发我邮箱还是如何发给我呢', '你能否把说明和报价一起发到我的邮箱了', '你能否看到我当时留的邮箱是不是', '你能把邮箱号发给我看看嘛', '其他的手机号和邮箱我没有了', '发个价格清单到我邮箱一下', '只是把发票发到这邮箱哈', '可以发份到我邮箱看下吗', '可以给我发一份到我邮箱吗', '可能公司邮箱当垃圾邮件屏蔽了', '呼叫平台的简介发我邮箱了吗', '就是其实是要用邮箱激活是吧', '当时开户时我让给我换个邮箱', '您可以把您的邮箱留下', '您说会把报价单发到我邮箱', '您这边还未发我邮箱哦', '想把它换成一个公司里公用的邮箱', '我之前适用的时候填写了邮箱', '我再发你一下她的邮箱和手机号', '我在邮箱白名单中添加了网站', '我完善信息时候为什么显示我的邮箱', '我的个人档案里面的邮箱修改', '我的邮箱你那能看到吗', '我的邮箱要是写错了咋办', '我直接用再用其他邮箱申请就可以了吧', '或者你们有报价单可以直接发到我邮箱', '或者资料发我邮箱也可以', '有的话是在输入姓名和邮箱之后的么', '添加我需要的参与者邮箱是吧', '然后员工可以用自己的邮箱去开会', '现在可以更改邮箱再发送一次吗', '现在开始怀疑是不是我刚刚手滑邮箱填错了', '用户名写我的邮箱对吗', '用户名应该是邮箱吗还是电话号码', '登陆名什么的是发我邮箱么', '直接发资料到我邮箱吧', '相关的资料发给我邮箱吧', '相关资料可以直接我发邮箱也', '看到发来的操作指南里需要填写我的姓名和邮箱', '网络宽带运营商不一样会不会有什么邮箱', '能发你们呼叫中心和智能外呼的资料给我邮箱吗', '能否麻烦重新发到我的另一个邮箱', '能给我的邮箱发个使用说明吗', '让他将相关的介绍发到我邮箱', '输上验证码之后输邮箱一直显示有以外的错误', '这个不能直接从邮箱中进入了', '这个邮箱不管是企业邮箱的吗', '这个邮箱和姓名指的是发起方那边的信息', '这是我输入名字和邮箱后的提示', '那我也可以使用我的公司邮箱直接点击么', '那我再给你一个邮箱', '那能不能在后台更改邮箱模版实现呢', '那能再发下我个人邮箱可以吗', '邮箱不行吗还是其他原因呢', '邮箱以后会不会有很多垃圾邮件', '邮箱获得主持会议的地址直接点开就可以了是吧', '邮箱里边给我发一下你刚才说的', '随便编一个邮箱不可以吗', '需要使用时我把邮箱发给对方就可以了', '需要数我的姓名和邮箱', '麻烦您发我这个邮箱吧']
语义向量：[-1.10571166e-01  2.93036603e-02 -4.51186936e-02 -2.17948347e-02
 -1.18378006e-01 -1.96170809e-02 -1.39234996e-01  9.77883924e-02
 -6.79216639e-02  1.46000005e-01 -1.07332517e-02  2.57866395e-02
 -5.04216386e-02 -7.56577667e-02  6.57413430e-02  2.99468863e-03
 -8.25758441e-05 -1.02938906e-02  3.09146123e-02  4.48654638e-02
  1.41805174e-01  7.18645725e-02  8.74100769e-02 -6.88153343e-02
 -3.88666617e-02  6.88069559e-03 -2.03287475e-02 -1.10928374e-01
 -1.13777022e-01  1.11002884e-02 -8.75567957e-02  3.83914315e-02
 -3.25785440e-02 -3.35836139e-02  6.96718094e-02 -2.99167126e-02
  8.32487615e-02  1.41747116e-01 -3.14530396e-02 -9.45111711e-02
  6.52964682e-02 -1.31216099e-01 -4.57564164e-02  6.21890465e-02
 -3.29396077e-02 -1.00159820e-01  9.43343578e-02  1.15160295e-02
 -8.34892824e-02 -1.90359457e-01  2.05741967e-01 -5.36498002e-02
 -1.68424819e-01 -1.63698489e-01  1.15296363e-01  1.13273192e-01
  1.26076727e-01 -1.66944398e-01 -1.15367214e-01 -1.27787953e-01
  1.01324526e-01 -6.64735871e-02 -6.02062029e-02 -9.09911037e-02
 -5.57640227e-03 -1.90089736e-02 -9.33944146e-02 -2.87031960e-02
  4.32064502e-02 -5.24558833e-02  2.03100137e-02  1.05454755e-01
  8.33207843e-03 -5.71391068e-02  7.14636802e-02  2.87003248e-02
  6.64409805e-02  4.12573890e-02  2.07623054e-02  1.72496564e-02
  6.61165470e-02 -4.19202642e-02 -7.70696557e-03 -8.36737031e-02
 -8.82500354e-02  1.21936474e-01 -1.72161440e-02  1.17621154e-02
 -9.96418706e-03 -4.02428346e-02 -4.97709482e-02  3.43592116e-02
 -2.13087027e-02 -1.53726582e-02  9.31350593e-02  6.46515171e-02
 -2.50758975e-02  8.41580109e-02 -4.33674278e-02 -1.17000374e-01
  1.00448578e-01 -4.57456948e-03 -1.11824814e-02 -8.49823540e-02
 -4.50854979e-02 -1.13725888e-02  5.14982798e-02  5.12648427e-02
  4.71402054e-02  3.15233651e-02  4.51784008e-02 -2.76697866e-02
 -8.45167405e-03  9.05918482e-02 -5.36392917e-02 -8.80407099e-02
 -1.06333758e-01  3.31138703e-03  6.61049004e-02  1.18039842e-02
 -9.49512938e-02  8.65096678e-02  2.25750824e-01 -1.58027649e-02
 -1.01223785e-01  4.52886648e-02  9.05608213e-02 -7.29663973e-02
  1.87727498e-02 -3.50164804e-02  4.67405875e-02  2.91347707e-02
 -3.31167249e-02  1.70710616e-02  1.88912469e-02 -1.27370442e-01
  1.00912012e-01  7.66681237e-02 -8.71939466e-02  4.64853567e-02
 -5.47702836e-02  9.73742397e-04 -6.86287753e-03  4.10667694e-02
  3.07240046e-02 -3.25329386e-02  2.26269681e-02  3.31717854e-02
  5.66880729e-02 -4.15000420e-02  5.55489747e-02 -2.20197901e-01
  1.41515996e-02 -1.95831291e-02  5.57113054e-02  6.91129749e-02
  1.47064222e-01 -1.28316958e-01 -7.78141378e-02  4.22574355e-02
  1.73663710e-01 -9.69452227e-02  6.29887984e-02  1.23295335e-01
  1.04702941e-02 -3.95912737e-03 -5.74767167e-02  5.07871173e-02
 -8.42872449e-02  3.63023849e-02  7.86205252e-02 -9.85603574e-02
  5.60507062e-02  1.12088551e-02  1.07260286e-01  8.18133854e-02
 -7.74856791e-02 -3.87659191e-02 -1.19606060e-01 -3.44929900e-02
  1.45579415e-01  6.08119217e-02 -2.39566730e-02  8.91152218e-02
 -3.02573737e-02  4.54568702e-02  4.62537522e-02 -2.15467430e-02
  2.86844152e-02  8.12683933e-02 -4.78481502e-02 -8.73863451e-02
  2.18335651e-02 -8.51492046e-02  1.03628189e-01  8.63013798e-02
 -1.25191807e-01 -6.53688225e-02 -1.04682682e-01  1.01846468e-02
 -1.10346567e-01 -4.82124406e-02  1.74668852e-03  9.34481053e-03
 -1.65163143e-01  7.16743209e-02 -3.05079208e-03  4.40526726e-03
  3.43843000e-02  5.78115101e-02  1.28145540e-01 -2.24237077e-02
 -1.25230749e-01 -2.78656991e-02 -7.49188691e-02  7.97648447e-02
 -5.18882186e-02 -1.83378097e-01  1.95741432e-01  5.30370882e-04
  8.70760200e-02  1.01922076e-01 -8.59404582e-02  2.34479026e-02
  8.44952071e-03  9.02120876e-02  1.55750509e-01 -4.39274016e-02
  2.57581417e-02  1.04428123e-01 -5.56429206e-02  1.88846515e-02
 -9.13047585e-02  1.47141814e-02 -1.82921151e-02  1.15794390e-01
  2.21861492e-02 -2.54966819e-02 -8.58950103e-02  3.66575839e-02
 -1.66212669e-02 -1.90113150e-02  4.84090292e-02 -8.51676453e-02
 -7.51168326e-02 -1.85704837e-02 -7.43678040e-02  1.06600523e-01
 -8.95521400e-03 -7.05336866e-02 -3.88663149e-02 -1.58650170e-02
 -9.52316217e-03 -6.71846828e-02 -4.94563368e-02 -3.16170731e-02
 -1.33540303e-02 -3.59024978e-02 -1.44808640e-02  2.72107707e-02
  4.82320575e-02 -8.90486627e-02 -9.40113520e-02  7.26590208e-02
  4.41799891e-02  7.63351958e-02 -3.02625775e-02 -4.76181470e-03
  2.73796698e-02  4.50160969e-02  9.88354675e-02 -8.62765768e-02
 -3.84237760e-02  3.29484449e-02 -2.45764608e-02 -1.11483982e-01
  5.39332283e-02  3.61048373e-02  1.28046199e-01  1.95476087e-02
 -5.77520474e-03  7.93823376e-03  9.04642192e-02 -6.30792623e-02
 -1.15181606e-02 -4.72541934e-02 -3.03905937e-02  2.06691437e-02
  7.55255339e-02 -2.91459275e-01  1.01767917e-01  1.05428306e-01
  4.73899229e-02  9.67376721e-02  5.87181765e-02 -1.05115499e-01
 -4.04668117e-03  6.91690738e-02 -4.54314706e-02  5.81384987e-03]


第8类： ['不是要输入姓名和邮箱吗', '为什么登陆用邮箱的', '为啥我邮箱收不到你们重置密码的连接啊', '他们输入自己的邮箱吗', '他给了一个邮箱和站点登录的地址', '他需要输入名字和邮箱', '但是并没有让我输入邮箱', '但是我登陆的时候要我输入邮箱', '但是邮箱里一直没有邮件', '刚才我的邮箱没有收到验证邮件', '原来是用我的邮箱登陆的', '就是这个用邮箱登陆时', '忘记密码还是发到原来的邮箱吧', '怎么邮箱还没有收到邮件啊', '我刚才用我公司邮箱和密码登陆显示不行呢', '我已经打客服在邮箱里收到了密码', '我想是不是邮箱输入错误', '我的登录邮箱不记得了', '我的邮箱登陆是吧', '我进去让我输入邮箱和姓名', '我进来邮箱也没有什么密码之类的呢', '我邮箱一直没有收到你们的邮件', '我邮箱没有收到邮件啊', '找回密码不也要填写邮箱吗', '是不是国外的邮箱服务器收不到邮件', '是用我的邮箱名登陆吗', '是那种被邀请人点击邮箱链接', '申请后操作流程和帐号信息通过邮箱发给我就行', '登录出现没有与我邮箱关联的站点', '确实需要我输入姓名和邮箱', '还需要输入邮箱姓名手机号其它信息', '通过邮箱我进不去用显示错误', '那个有需要输入邮箱的', '邮箱是随便输入的么', '链接只能在他的邮箱上是吧']
语义向量：[-2.19360813e-01  3.87668756e-04 -1.01503452e-01 -4.33122131e-02
 -1.49843036e-01  3.44179238e-03 -1.91124031e-01  2.03252577e-01
 -9.31654863e-02  2.30558129e-01  1.62556633e-02  9.06405395e-02
 -9.08756754e-02 -1.01888230e-01  1.56092386e-01  6.63095443e-02
  4.31126887e-02  6.56844147e-03  1.26621466e-01  4.81854096e-02
  1.64993673e-01  7.99587951e-02  1.09304482e-01 -5.21040279e-02
 -7.81110705e-02  6.57737098e-02 -9.97318322e-02 -1.53034245e-01
 -2.24036086e-01 -2.03791306e-02 -8.44814338e-02  1.36561240e-01
 -8.37299353e-02  1.52975707e-02  1.40061006e-01 -4.41234669e-02
  1.24823753e-01  1.65681846e-01 -5.38359936e-02 -1.24311218e-01
  5.77449308e-02 -1.57269257e-01 -1.03537339e-01  7.52741389e-02
 -8.21804527e-02 -1.40072566e-01  8.80782329e-02  1.23857722e-02
 -1.53104841e-01 -2.17639580e-01  3.53965273e-01 -8.82929554e-02
 -1.68885845e-01 -2.76256208e-01  1.92387270e-01  2.04283676e-01
  1.63390401e-01 -2.78981467e-01 -2.05370411e-01 -1.53641844e-01
  1.67001967e-01 -1.13735508e-01 -1.31059580e-01 -1.67581580e-01
  3.23292616e-02 -5.36841891e-03 -1.19577346e-01 -5.46924691e-02
  8.08368744e-02 -4.57801546e-02  2.63536777e-02  3.11600021e-01
  4.72555815e-02 -6.20388397e-02  1.58704128e-01  6.32704794e-02
  9.40790295e-02  1.28003634e-02 -4.46764454e-02  2.75562878e-02
  1.49310316e-01 -9.95289155e-02 -4.57666805e-03  2.42857795e-03
 -2.14675898e-01  1.65764329e-01 -9.49044902e-02  4.33353675e-02
 -2.51791466e-02 -6.20297036e-02 -1.45144007e-01  6.76718876e-02
 -7.56630435e-02  3.62397309e-02  1.44520965e-01  6.30280303e-02
 -1.02216056e-01  9.77970535e-02 -1.15608643e-01 -1.30103483e-01
  1.26338779e-01  3.32247128e-02 -3.38028293e-02 -5.17044946e-02
 -4.63192346e-02 -3.34731391e-02  8.64644263e-02  6.46818631e-02
  8.50556384e-02  2.16564814e-02  1.29483834e-01 -3.32033076e-02
  2.54771353e-02  1.35439971e-01 -1.53163512e-01 -1.18515033e-01
 -1.45935049e-01  3.22469526e-02  1.04552961e-01 -5.87147430e-03
 -1.23300126e-01  8.59717343e-02  4.03144806e-01  4.70040830e-03
 -1.56720855e-01  6.49154255e-02  1.69174334e-01 -7.90258218e-02
 -1.80496728e-03 -4.59781516e-02  9.11099021e-02  4.15395504e-02
  9.53288222e-03  4.49105703e-02  6.95954647e-02 -1.12387416e-01
  9.95001661e-02  1.30117381e-01 -1.33921927e-01  3.52603886e-02
 -1.07198028e-01  6.10122785e-03 -5.87299237e-03  7.49250732e-02
  8.67891394e-02 -1.02334656e-01  9.99661442e-02 -2.77879623e-02
  7.59840804e-02 -6.71931784e-02  2.47994414e-02 -2.28150003e-01
 -7.61345368e-03 -1.36578805e-02  7.74869041e-02  1.20430021e-01
  1.91145583e-01 -1.89046926e-01 -1.34844159e-01  9.72603451e-02
  2.38236168e-01 -1.76337398e-01  9.64531735e-02  1.95836415e-01
  2.23950772e-02  7.03496848e-03 -1.65724584e-01  1.12134379e-01
 -9.15812463e-02  4.43360486e-02  1.37068341e-01 -9.20802746e-02
  6.54841459e-02 -2.20859489e-03  1.97494191e-01  1.28780444e-01
 -9.44265880e-02 -6.57249615e-02 -1.95740248e-01 -2.43082963e-02
  2.31564287e-01  9.70481632e-02 -7.08329235e-02  1.62381307e-01
 -5.20798990e-02  6.13739103e-02  1.04951771e-01 -4.46253231e-02
  6.26799655e-02  1.30560254e-01 -1.00800649e-01 -1.30308164e-01
 -2.07878302e-02 -9.58253456e-02  1.48882861e-01  1.32025436e-01
 -2.04545362e-01 -6.41022907e-02 -1.54187243e-01 -3.39082879e-03
 -1.66868027e-01 -1.05995509e-01 -5.92352930e-03 -9.37091866e-03
 -2.51085944e-01  1.09675942e-01  7.28447805e-03  3.58543835e-02
 -6.49603768e-03  3.86453585e-02  1.61392124e-01 -3.06807020e-02
 -1.54308985e-01  9.85569463e-03 -1.35599883e-01  8.48202676e-02
 -5.99157642e-02 -2.25423307e-01  2.17780451e-01 -4.10477580e-02
  2.00059500e-01  1.79630219e-01 -9.09358828e-02  1.11438976e-02
  5.34737558e-02  1.07507597e-01  1.89633343e-01  8.23587320e-03
  8.78992277e-02  1.88780344e-01 -3.88808583e-02 -1.58663409e-02
 -6.62593719e-02  3.57868768e-02 -1.39189153e-02  1.70266269e-01
  2.26699042e-02 -1.21262213e-02 -1.50650731e-01  2.23968402e-02
 -9.34163471e-03 -2.31657955e-02  2.81439450e-02 -1.14223561e-01
 -1.44577943e-01 -6.45496425e-03 -8.28984387e-02  1.17314753e-01
 -3.33655859e-02 -1.06788391e-01 -1.01075947e-01 -8.35500834e-02
 -4.16055403e-03 -7.90312395e-02 -8.74034268e-03 -7.86570522e-02
  7.13046707e-03 -2.03538019e-02 -9.77178618e-02  5.53233082e-02
  1.16792671e-01 -1.51544561e-01 -1.54895821e-01  1.07787819e-01
  2.00981959e-02  9.88718418e-02 -3.37473886e-02  6.26112683e-02
  9.19922954e-02  7.47149765e-02  1.43724894e-01 -1.00754701e-01
  3.05465766e-03  6.35831218e-02 -3.69121860e-02 -1.70286706e-01
  2.14079214e-02  9.56249191e-02  1.85568541e-01  7.11251686e-02
  7.02153833e-02  2.22941435e-02  7.71873448e-02 -4.90724685e-02
  7.01595026e-03 -1.01492063e-01 -6.48828959e-02  5.82302056e-02
  1.80528788e-01 -4.40566265e-01  1.35716763e-01  1.17091866e-01
  4.94631895e-02  1.38952830e-01  6.45612690e-02 -1.60179718e-01
  3.53511392e-02  1.39250104e-01 -3.30610119e-02 -7.36091560e-02]


第9类： ['直接用邮箱登录', '通过邮箱登陆', '邮箱可以登录会议室吗']
语义向量：[-3.50774984e-01 -3.57247197e-02 -2.24688371e-01 -1.48728937e-01
 -2.73267458e-01  1.95088338e-02 -3.40675235e-01  4.00974651e-01
 -9.52231934e-02  5.52407126e-01  5.52499027e-02  2.28484094e-01
 -8.55376814e-02 -3.08246414e-02  3.47852896e-01  1.37763297e-01
  1.30130598e-01 -2.85935352e-02  2.82652309e-01  4.83981818e-02
  3.05886184e-01  1.39261151e-01  1.97784334e-01 -1.07297003e-01
 -1.84933387e-01  9.38791806e-02 -1.57029952e-01 -2.39684547e-01
 -4.64959939e-01 -1.77004245e-01 -1.30658314e-01  1.79559196e-01
 -1.87382624e-01  1.70198622e-01  3.13613047e-01 -9.83329664e-02
  1.78225607e-01  2.73942942e-01 -1.20637787e-01 -2.50227854e-01
  9.28048939e-02 -3.83197109e-01 -2.11863508e-01  1.73054874e-01
 -1.57990977e-01 -2.04032590e-01  1.31130077e-01  7.30163405e-02
 -2.40052705e-01 -3.55607500e-01  6.39534533e-01 -1.44783989e-01
 -1.80325590e-01 -5.78600546e-01  3.51505587e-01  3.91729881e-01
  2.25642592e-01 -5.49278776e-01 -4.04128840e-01 -2.35831290e-01
  3.55995039e-01 -2.47681364e-01 -2.29018107e-01 -3.84411563e-01
  4.52197871e-02 -3.26486681e-02 -3.49049489e-01 -2.31755619e-01
  1.64106801e-01 -1.13819259e-01  4.70292342e-02  6.08716051e-01
  1.28923650e-01 -2.98298436e-02  2.58018325e-01  1.41124820e-01
  1.54815787e-01  5.50600998e-02 -1.16590753e-01 -1.08282007e-01
  2.40539695e-01 -1.26620228e-01  3.17444708e-02  5.76209078e-02
 -4.97184575e-01  3.45198750e-01 -1.85151587e-01  2.10875518e-02
  1.08941039e-02 -2.79615043e-02 -1.75179571e-01  8.03582047e-02
 -1.71331843e-01 -8.67311365e-03  2.24902660e-01  1.45062191e-01
 -2.03714147e-01  1.32652190e-01 -2.30171313e-01 -1.82603650e-01
  2.49930362e-01  4.15020672e-02 -1.82415433e-02 -9.37203790e-02
 -1.61065375e-01 -2.02224960e-01  1.23093434e-01  1.86783269e-01
  2.01078922e-01  7.63446217e-02  2.51166960e-01  3.53440543e-02
  2.88458330e-02  2.15237121e-01 -3.40842366e-01 -1.75493335e-01
 -2.24966124e-01  7.20200725e-02  1.38234931e-01 -9.01362238e-03
 -1.86735844e-01  4.77649774e-02  7.30903606e-01  6.01009149e-02
 -2.75263444e-01  1.30862695e-01  3.45073611e-01 -1.55816197e-01
  4.71520494e-02 -8.18764232e-02  6.77368380e-02  4.77395287e-02
 -1.41882611e-02  3.41638799e-02  1.95007463e-01 -1.32727029e-01
  1.61061113e-01  2.02574005e-01 -2.97682484e-01  8.61742565e-02
 -2.23501628e-01  9.46712370e-03 -3.07983843e-03  1.56893184e-01
  1.70254047e-01 -1.94317758e-01  1.74937064e-01  2.76147711e-02
  1.01201147e-01 -1.64830262e-01 -3.81449076e-03 -3.93827846e-01
 -2.75689734e-02  1.04098871e-01  1.53775126e-01  1.72502056e-01
  3.29316477e-01 -4.35630431e-01 -1.22144547e-01  2.10822384e-01
  3.88922880e-01 -4.21204001e-01  1.46788129e-01  3.52678498e-01
 -1.49778243e-02 -8.15929295e-02 -3.31800302e-01  1.57307083e-01
 -1.30973384e-01  3.66243031e-02  2.46124799e-01 -2.25247939e-01
  7.67705428e-02 -1.01020104e-01  3.51359944e-01  2.84454028e-01
 -1.92465817e-01 -7.74621864e-02 -4.09657111e-01  2.79719705e-02
  4.54106241e-01  1.68877547e-01 -1.35779887e-01  2.78094237e-01
 -2.21107870e-01  1.13037642e-01  1.76784478e-01 -9.93009508e-02
  1.04581629e-01  2.90503949e-01 -1.59660210e-01 -2.68346861e-01
 -8.71705795e-02 -2.05586627e-01  1.89538193e-01  2.07827032e-01
 -3.79211356e-01  4.37890738e-03 -2.26814568e-01  1.88167120e-02
 -3.38711202e-01 -2.04966798e-01 -1.14304480e-01 -2.17143415e-03
 -4.86813058e-01  2.12217425e-01 -6.69921547e-02  7.56396423e-02
  1.54452398e-03  6.86305972e-02  2.87717144e-01  3.11145869e-03
 -2.98334400e-01  8.54183050e-03 -2.04594513e-01  1.21771542e-01
 -9.30187317e-02 -3.18648914e-01  3.54546666e-01 -6.00263307e-02
  4.36936726e-01  3.51888776e-01 -2.24722346e-01  1.81643975e-02
  1.26241793e-01  1.86530471e-01  2.81846538e-01  2.62076933e-02
  1.48977486e-01  4.44851677e-01 -2.09207026e-02 -1.51697050e-02
 -7.57607341e-02  1.97649964e-02 -9.08535098e-03  3.05744112e-01
  4.26308513e-02  1.27094798e-03 -2.97445069e-01  3.78302808e-02
 -1.42758178e-02  6.85974776e-02  4.66485278e-02 -1.99582537e-01
 -3.48275314e-01 -5.99185160e-04 -8.40454139e-02  1.93647745e-01
 -1.06771874e-01 -1.93150664e-01 -2.28891790e-01 -1.15563318e-01
 -2.87890472e-02 -1.14797369e-01 -1.40061503e-02 -2.14353353e-01
  3.46044706e-02  2.01763688e-02 -1.49535389e-01  1.61376143e-01
  1.90503374e-01 -2.94554094e-01 -2.41632630e-01  1.99834883e-01
  8.13939422e-02  1.57730795e-01 -1.12681635e-01  1.69970309e-01
  2.78253853e-01  1.10521773e-01  3.05562953e-01 -1.89034502e-01
  1.27971071e-01  1.54775031e-01 -1.33646918e-01 -2.56655554e-01
  2.50895228e-02  3.09496244e-01  2.79678687e-01  9.20314988e-02
  1.15970875e-01  1.80442128e-02  1.21017195e-01 -1.17301099e-01
  2.36796712e-03 -2.11540714e-01 -1.14767729e-01  3.85966798e-02
  3.55576416e-01 -8.27702681e-01  1.57348131e-01  1.96669281e-01
  1.25239755e-01  1.82871575e-01  1.00468632e-01 -3.02673439e-01
  1.14541223e-01  3.14164042e-01 -5.60678480e-02 -1.67053399e-01]


第10类： ['你让销售把报价单发到我邮箱吧', '您这边让销售把报价发我邮箱就行', '最好直接把报价方案发到我的邮箱', '然后您报价什么的可以发到这个邮箱里', '能报价发邮箱什么的吗', '请把报价发到我邮箱']
语义向量：[-1.16005607e-01  1.28472767e-01 -2.88764860e-02 -2.05988064e-04
 -2.06863552e-01 -6.12952063e-02 -1.50448178e-01  1.77721419e-02
 -1.12742518e-01  6.89830848e-03  1.71069549e-02  3.55464139e-02
 -1.06025081e-01 -1.17427232e-01 -3.17001361e-02 -4.73425202e-02
  5.88872802e-02 -6.27212139e-02  6.75623963e-02 -2.05450254e-02
  9.50082211e-02  1.25485351e-01  1.49650750e-01 -8.35809739e-02
  6.49744551e-02 -3.40146801e-02 -8.26210150e-02 -1.61157224e-01
 -4.01061556e-02  1.26472071e-01 -1.82652396e-01  8.18703175e-02
  7.05271556e-03 -1.77532595e-01  7.18445812e-02 -3.80260972e-02
  5.95107721e-02  1.50607562e-01  1.13118295e-01 -1.29075069e-01
  9.16567296e-02 -1.24612943e-01  7.43139647e-02  2.24320988e-01
 -7.08516501e-02 -1.26401628e-01  9.31096797e-02 -3.18180577e-02
 -1.21227564e-01 -2.41637876e-01  1.81566529e-01 -6.58767192e-02
 -1.43018244e-01 -2.01657504e-01  1.39221508e-01  1.37024507e-01
  2.85732759e-01 -1.52611057e-01 -1.04756845e-01 -1.86013153e-01
  2.09458783e-01  1.86451030e-02 -6.43678556e-02 -1.40233926e-01
 -7.73737381e-02 -9.50635485e-02 -2.11916843e-01 -1.28376535e-01
 -2.60138575e-02 -7.98711795e-02  1.28504848e-02  1.40851073e-01
 -1.01668023e-01 -2.50208909e-01  8.51015896e-02 -1.62287104e-02
  1.33615358e-01  2.12486183e-01  1.26240399e-01 -4.93863566e-02
  1.27522562e-01 -4.37066761e-02  1.28789566e-02 -1.38598602e-01
 -2.16497429e-02  1.88068820e-01  8.33336304e-02  8.01484225e-02
 -7.04183650e-02 -4.51923907e-02 -3.30284873e-02 -6.86848443e-02
 -7.48666413e-02 -6.65463595e-03  1.22887428e-01  1.09789820e-01
  5.07770249e-02  1.30490662e-01 -6.71737970e-02 -1.79980022e-01
  1.52812295e-01  6.00788333e-02  2.52568151e-02 -3.64050961e-02
 -6.17823852e-02 -1.76280439e-02  5.94960426e-02  1.25611819e-01
  9.66052174e-02  1.15127769e-01  5.98960640e-02 -1.04953695e-01
 -1.70435322e-03  5.65394238e-02 -6.83170464e-03 -1.83595624e-01
 -1.50326051e-01  4.85767204e-02  7.88635047e-02  2.41959818e-02
 -1.81890354e-01  7.80998139e-02  1.91849366e-01 -1.67432288e-01
 -8.73169601e-02  1.18405394e-01 -2.63048337e-02  4.67347344e-02
 -3.96274687e-02 -1.55658303e-02  3.48685392e-02 -1.60339829e-02
  1.15929095e-02  1.08985439e-01  8.01302958e-02 -6.10723753e-02
  1.65985562e-01  6.76514687e-02 -2.29381325e-02 -1.61297340e-03
 -9.56487749e-02  1.50770631e-02 -8.49224348e-02 -7.12507297e-02
  8.28224011e-02 -1.66094570e-01 -8.52193016e-02  2.57812565e-01
  8.22264031e-02 -4.45374201e-02  9.02405120e-02 -2.81368879e-01
  1.30301616e-02 -2.22079216e-02  7.96210244e-02  1.18881366e-01
  2.50572249e-01 -1.76712329e-01  1.90565921e-03  1.19463474e-01
  3.18860767e-01 -4.79514602e-02  5.06430082e-02  3.15260934e-01
  8.75498032e-02 -1.69421260e-02 -6.04503987e-02  1.85856136e-02
 -1.66005398e-01  1.57143776e-02  1.10722823e-01 -1.01173184e-01
 -4.47207782e-02  2.73412078e-02  1.71375327e-01  1.42373775e-01
 -2.03680073e-01  2.09023270e-02 -1.06690577e-01 -4.10955075e-02
  1.35174346e-01  5.83380212e-02 -5.37123651e-03  8.56783812e-02
  3.06381357e-02 -1.73610177e-02  3.43547353e-02 -9.13708392e-02
  5.46824050e-02  6.13864775e-02 -8.25835572e-02 -1.01558265e-01
  1.23000933e-01 -1.19413018e-01  2.16815492e-01  4.33296059e-02
 -2.65437489e-01 -1.37401131e-01 -2.22270424e-01  1.05047598e-01
 -1.83774091e-01 -5.80571257e-02  1.14146867e-01  4.53385324e-02
 -1.30102524e-01  1.08797015e-01 -2.73271594e-02  3.00951430e-02
  8.76656212e-02  1.44874586e-01  2.88622725e-01 -1.62056605e-01
 -2.15845021e-01 -8.93242322e-02 -4.57548415e-02  1.55015188e-01
 -1.40451715e-02 -2.74346188e-01  3.27702058e-01  2.23712362e-02
  1.82467648e-01  1.39503336e-01 -1.41569030e-01  6.80256219e-02
 -3.39260309e-02  2.17005449e-01  2.41060528e-01 -5.04070607e-02
  1.28198963e-01  1.12989937e-01 -1.17235132e-01 -1.79315312e-02
 -4.71765803e-02 -3.30636484e-02 -3.65569829e-02  1.81952169e-01
  2.77048303e-02 -1.33720249e-01 -1.60390465e-01  3.67112448e-02
  1.22825712e-01  1.03287291e-01  9.77757908e-02 -6.17932423e-02
 -5.11904584e-02 -4.22235572e-02 -1.58968466e-01  5.76722318e-02
  3.25756750e-02 -1.42702724e-01 -2.77058154e-02 -8.71518472e-02
 -1.12870788e-01 -2.44486950e-01 -1.17112438e-01 -3.91444946e-02
 -8.25149633e-02 -2.08693072e-02 -1.22902843e-01  7.80955609e-02
  1.08771059e-02 -1.33107726e-01 -6.81003028e-02 -9.27112848e-03
 -4.51408556e-03 -7.74314425e-03 -1.21079942e-01 -7.64471013e-02
  4.31479874e-02  1.00492390e-01  3.90900262e-02 -1.37275804e-01
 -6.92932724e-02  5.58246858e-02 -2.56781195e-02 -1.66677054e-01
  7.31259932e-02  5.55154804e-02  2.23114841e-01  7.47115072e-02
 -5.87211661e-02 -4.58913828e-02  8.61664607e-02 -1.14229436e-01
 -9.39561985e-02 -8.70461042e-02 -8.08015537e-02  3.65787316e-02
 -7.76588380e-02 -2.87006984e-01  1.37974918e-01 -8.24697455e-03
  1.66159934e-02  1.59592804e-01  1.44300761e-01 -1.99375749e-01
  1.21239325e-02 -8.09341106e-03 -2.70705430e-02 -1.11899458e-01]


