第1类： ['上一个对接的销售离职了', '上次销售跟我说不可以', '上海这里有对口销售经理马', '不理解你们销售这么不积极', '主要是总部会议室跟外部销售', '之前的销售是谁', '人左右的销售团队', '以前那个销售离职了', '价格是每个销售掌握的', '但我们这里有销售团队', '你们上海有销售吗', '你们公司的销售人员还是代理商', '你们在安徽有销售人员', '你们有上海这边的销售吗', '你们相关的销售人员吗', '你们能找个对应销售介绍给我吗', '你们西安有负责销售的人员吗', '你们这边能安排销售过来吗', '你们销售太不守规矩', '你们销售是哪儿的', '你们销售联系方式给我个', '你们销售说线下下单没合同', '你安排销售加我微信', '你家销售什么时候给我打电话', '你找企业口的销售吧', '你是客服还是销售', '你的销售经理不加我', '你能提供东莞区域的销售联系方式吗', '你让你们销售加我工作', '你让销售加我', '你随便找一个销售吧', '先让销售找我下', '北京这边有销售吗', '北区的销售还是王松负责吗', '发个销售微信给我', '只跟我的销售谈啊', '可以约下技术或是销售人员', '周五的时候我跟你们销售沟通过', '因为我们销售也需要打电话', '因为销售人员都在各地', '在上海有销售吗', '在帮我安排销售人员么', '尽量安排销售中午后回电吧', '当地销售没有打电话给我喔', '您北京有销售在吗', '您帮我找一个销售吧', '您方便找个销售顾问', '您有销售的联系方式吗', '您能帮我找个销售吗', '您让销售给我打电话吧', '我之前有你们销售', '我们公司销售要用', '我们大要四五百销售用', '我们是做销售的公司', '我们是奶粉销售公司', '我们是销售和客服一起', '我们这边有销售客服和催收', '我们销售人员有一两百', '我会联络北区的销售', '我可以打电话跟具体销售人员咨询嘛', '我在和销售人员聊呢', '我想找你们销售', '我是不是应该打去销售那问', '我有你们销售的微信', '我需要一名新的销售跟我对接', '昨天你们安排的销售', '是否有销售可以直接练习的', '是您的那个销售只跟我的销售谈', '更多报价要问销售对吧', '最好找深圳这边的销售', '最好是能安排就近的销售', '最好让你们的销售给我发邮件', '有专门的销售客服吗', '有没有具体的销售人员', '有没有销售上门做演示', '有销售可以介绍一下吗', '有销售能帮我介绍一下么', '有销售负责这边中山的吗', '深圳这边有销售么', '湖北武汉有销售同事吗', '湖南福驻汽车销售有限公司', '湖南稻普汽车销售服务有限公司', '福建的销售是多少', '等你们的销售吧', '等着你们的销售给我报价呢', '线上开通还要销售做什么', '给个北京销售的联系方式', '给我个销售联系方式吧', '给我分配一个销售经理吧', '给我分配销售了吗', '而且她只跟销售谈', '能不能给个销售的联系方式', '能帮我找个销售吗', '能提供一下销售的联系方式吗', '能提供中国苏州地区销售代理吗', '能提供你们的销售联系方式吗', '要经常跟外地销售开会', '让你们销售打电话给我吧', '让你们销售跟我', '说了做地产销售的', '请提供山东地区销售的联系方式', '请给我们介绍另外以外销售吧', '请问你们北京有销售人员吗', '请问你们厦门有销售么', '请问你们深圳有销售吗', '请问你们的产品怎么给客户销售', '请问有上海的销售吗', '请问有专门的销售对接吗', '请问那您这里有其他区域的销售吗', '请问销售这边的下班时间是几点', '贵司上海的销售人员', '这位是负责山东区域的销售经理还是技术经理呢', '这边有分区销售吗', '那天应该有销售人员跟我打电话', '那销售怎样给到我呢', '销售什么时候给我打电话啊', '销售是北京地区的吗', '销售行业的外呼应用案例多吗', '销售说他的不全', '销售那边的报价是指不同人数的方案吗', '麻烦告诉我一下销售姓名', '麻烦帮我安排一个销售']
语义向量：[-0.10957105  0.09454433 -0.0826714   0.06430327 -0.21731876 -0.10578197
 -0.03151254 -0.01652349 -0.16897584 -0.15766209  0.02019402 -0.04925023
 -0.16632559 -0.10264537 -0.13133899 -0.0528657  -0.02787133 -0.01104744
  0.02565038 -0.06762896 -0.08482297  0.06816043  0.18945546 -0.05982616
  0.04618185 -0.03361134 -0.13384028 -0.12584873 -0.05256271  0.10416903
 -0.14638864  0.05384705  0.13753152 -0.21615666 -0.1234212  -0.02863221
  0.04414671  0.01408515  0.12499451 -0.00297065  0.01540297  0.10729098
  0.10485114  0.18333841  0.00142753 -0.04160872  0.1194832  -0.06025125
 -0.03606424 -0.05194204 -0.0185562   0.02734659 -0.02431658 -0.13050872
  0.15192298  0.0300366   0.1876831  -0.06334248  0.010295   -0.0092891
  0.09130802  0.1312059  -0.05857034 -0.12079534 -0.09754237 -0.08076637
  0.05612113 -0.07854854 -0.08449883 -0.02727767  0.06164027  0.07752922
 -0.20449181 -0.15773126 -0.01549122 -0.08758682  0.07862969  0.2082696
  0.09994888 -0.00420311  0.13158188 -0.04750193  0.04595088 -0.07370101
  0.07806557  0.03544176  0.05930487  0.05547165 -0.0347764  -0.03568154
  0.04923807 -0.12708416 -0.07320263  0.01595867  0.18510003 -0.04639578
  0.09796313  0.07167073 -0.05346875 -0.04538052  0.1353467   0.00583951
  0.09536005  0.14054018 -0.05894931  0.04394561  0.02138042  0.05950225
 -0.02106101  0.04183148 -0.0368853  -0.12383324  0.0476115   0.01255376
  0.10203512 -0.18093976 -0.13579867 -0.0257629   0.05132535 -0.11407771
 -0.07407287  0.05802116 -0.00944538 -0.10067114  0.02502335  0.12345653
 -0.09195897  0.10262189 -0.02325015 -0.00082153 -0.06244092 -0.00979224
  0.00299746  0.10974036  0.07490394  0.14787958  0.19870995 -0.00846153
  0.02842647  0.02509144 -0.1106634   0.02428342 -0.0048222  -0.04510247
  0.07062524 -0.1241024  -0.02219683  0.26569227  0.04890574 -0.02219472
  0.12307554 -0.15152763 -0.05109166 -0.10766506  0.15479707  0.08072606
  0.1232967  -0.10472953  0.00774286  0.15626219  0.09055819 -0.03469522
  0.06258908  0.13502436  0.0902427   0.0165755  -0.05537147 -0.06291627
 -0.12317749  0.10666491  0.16084564 -0.02445068 -0.02899142 -0.07871118
  0.09231835  0.0177705  -0.12418267  0.02232983  0.06960384  0.05271845
  0.02642171  0.04340417  0.05928713 -0.00772916  0.07115301 -0.12854697
  0.04331584  0.02819766  0.01410682  0.04204723  0.05171929  0.0181061
  0.0585213  -0.06239514  0.15366652  0.02833242 -0.14400187 -0.05558241
 -0.13247109  0.07320283 -0.13211577 -0.12659481  0.0913556   0.00580494
  0.02968855 -0.04516478  0.17349152  0.16613987  0.0692996   0.11177306
  0.10553696 -0.25986573 -0.15168549 -0.07274337  0.01087635  0.14100167
  0.01894438 -0.02669574  0.2458782   0.02330756  0.09330288  0.02186618
 -0.06837274  0.10734779 -0.01218086  0.17086341  0.17951441 -0.00709698
  0.17124352  0.05126688 -0.05647667 -0.1600522  -0.02081156  0.0663714
 -0.0123384   0.12995323 -0.07168872 -0.1611221  -0.06483131  0.00406865
  0.16547552  0.10213955  0.03301139  0.08923603 -0.03836118 -0.01148579
 -0.09202097 -0.04214186 -0.01044758 -0.10592548 -0.07533652 -0.06740204
 -0.07934094 -0.22513386 -0.02355348 -0.05611085  0.02704955 -0.03702526
 -0.22430853  0.04679154 -0.05169878 -0.17327229 -0.09436658 -0.11980665
 -0.0579553  -0.11939416 -0.10896279 -0.06177052 -0.01727753  0.02494918
 -0.01077053 -0.13710707  0.01957211  0.0839972   0.04676514 -0.13857367
  0.11138848 -0.05238504  0.07273636  0.09852586 -0.05019006 -0.02406926
  0.01285779 -0.10289843 -0.05411792 -0.01821196 -0.06781653  0.027209
 -0.06911217 -0.11205447  0.15954589 -0.0568981  -0.04391881  0.1474366
  0.00663388 -0.16839013 -0.0058691  -0.05402093 -0.05029207 -0.11419918]


第2类： ['上海的销售', '主要是销售', '优加汽车销售', '你们有没有销售', '你们销售的', '我做销售', '或者销售团队', '有没有销售联系方式', '有销售没', '比如销售人员', '请转给销售', '还是销售人员', '销售对吧', '销售就是技术', '销售差不多一天', '销售用的']
语义向量：[-0.21684124  0.18163429 -0.15649755  0.12154021 -0.4181304  -0.20987366
 -0.05854329 -0.03077181 -0.34153008 -0.30374128  0.03026495 -0.10422844
 -0.31654105 -0.20596053 -0.25874296 -0.0929376  -0.05000971 -0.01956816
  0.04760798 -0.12842742 -0.15552275  0.12591614  0.36817166 -0.11995804
  0.10025129 -0.06157994 -0.25535783 -0.23215587 -0.11925849  0.20971267
 -0.27305809  0.10868138  0.28926286 -0.41101614 -0.23633568 -0.04431054
  0.09775612  0.04543166  0.22529636 -0.00288302  0.04143601  0.23046988
  0.20104097  0.35057679  0.01710596 -0.07510807  0.25356707 -0.10381303
 -0.06654757 -0.10636503 -0.03505514  0.03787212 -0.05547991 -0.25629809
  0.29522538  0.0514412   0.34368154 -0.12658346  0.02232761  0.00617194
  0.1593758   0.24347305 -0.11461579 -0.21342294 -0.18124735 -0.14889763
  0.10806295 -0.13595463 -0.15087242 -0.03731203  0.11220831  0.13156283
 -0.39623937 -0.30464742 -0.03216344 -0.16628622  0.17525744  0.39053407
  0.20251054  0.00122947  0.26666787 -0.10283104  0.07737654 -0.14110784
  0.16479604  0.05565942  0.1094887   0.08984258 -0.06175536 -0.07622227
  0.10013608 -0.24144197 -0.13244607  0.03740467  0.35606679 -0.09354592
  0.18876885  0.13466527 -0.10465544 -0.08931568  0.26431933  0.0109534
  0.18594712  0.27006331 -0.12532052  0.08701342  0.03458758  0.10436783
 -0.04743928  0.07473674 -0.07119816 -0.23070574  0.09561964  0.01401941
  0.19869177 -0.3476834  -0.27538782 -0.06257863  0.11671105 -0.22491048
 -0.14222844  0.14096624 -0.01579089 -0.19550337  0.03860363  0.24744552
 -0.16276801  0.20582032 -0.04330771 -0.01943588 -0.12368581 -0.01364582
 -0.01151306  0.21064007  0.13402666  0.2774488   0.39928427  0.00826923
  0.06007626  0.06071962 -0.19641893  0.04522095 -0.00905159 -0.0891987
  0.10955739 -0.23649605 -0.01496843  0.51327062  0.09497494 -0.04282048
  0.24554193 -0.30626822 -0.08884712 -0.22429202  0.3035166   0.146107
  0.23839943 -0.19185513  0.01538213  0.30451742  0.15902354 -0.06078635
  0.11655038  0.2273155   0.17903785  0.02905999 -0.08221757 -0.11243074
 -0.25004947  0.21892275  0.32600477 -0.03191407 -0.03757501 -0.17386281
  0.18231507  0.03644633 -0.22683591  0.03202649  0.13122173  0.09090066
  0.0365174   0.0781653   0.11926603 -0.01066449  0.1497993  -0.24971974
  0.09246803  0.06955905  0.01817022  0.08358932  0.10408393  0.04965188
  0.10219575 -0.11424216  0.31017491  0.06098425 -0.25090858 -0.11685846
 -0.24361967  0.13689961 -0.24765337 -0.2476093   0.17707719  0.00264597
  0.06753073 -0.08912549  0.34200129  0.31396592  0.13284464  0.21793281
  0.19107127 -0.50900656 -0.29223147 -0.1305391   0.02395531  0.29221955
  0.03732158 -0.05139266  0.48425928  0.0410442   0.16046442  0.03166946
 -0.15378819  0.20555706 -0.02349424  0.32461187  0.33773223 -0.02258908
  0.34529564  0.1109124  -0.10810971 -0.31014103 -0.0564716   0.12096795
 -0.03664665  0.26038942 -0.14713587 -0.30124885 -0.11977506 -0.01541216
  0.31358308  0.20907317  0.06836873  0.17907423 -0.07373862 -0.02014177
 -0.18391795 -0.08390331 -0.03579479 -0.20360255 -0.14719817 -0.11304948
 -0.15143371 -0.45171535 -0.04981609 -0.10691122  0.05237514 -0.06505831
 -0.43107948  0.08232163 -0.11106665 -0.34259704 -0.19359201 -0.21969049
 -0.10591036 -0.22951646 -0.20865411 -0.11541962 -0.0407172   0.05015889
 -0.01136369 -0.26973674  0.03264612  0.1750458   0.09207049 -0.27941772
  0.20254599 -0.11253848  0.1291694   0.19984661 -0.09819091 -0.04159205
  0.03057961 -0.19910978 -0.1125209  -0.02912901 -0.14711358  0.0700305
 -0.13688691 -0.21502335  0.31654933 -0.10583959 -0.08321837  0.29281399
  0.00776269 -0.34259737 -0.02687409 -0.10242286 -0.10493843 -0.2241786 ]


第3类： ['一个会议室和销售', '上海地区有销售么', '上海有销售不', '上海有销售吗', '但是你们销售说', '你们之前有位销售', '你们是区域销售的吗', '你们有没有相关的区域销售经理可以对接', '你们销售真是的', '你们销售给的密码', '你是销售么', '先不用销售哈', '公司日常办公销售', '安徽地区可有销售负责', '开发线上销售渠道', '思科的销售团队', '我们做点好销售', '我找销售吗', '我要找一个销售', '我跟销售沟通了再说', '我跟销售聊', '我需要你们销售的一个报价', '或者你让销售', '或者您那个销售', '找个销售和我对接一下', '换一个销售人员', '是销售人员吗', '有一个销售人员', '有没有具体负责销售的联系方式', '有负责河南的销售吗', '杨是负责销售的吗', '线下销售上门开通', '线下销售上门开通', '给个销售的', '能不能换个销售', '要南京的销售', '请帮忙安排销售', '还是我们的销售人员和客户沟通', '那换个销售客服吧', '销售何时打过来', '销售给到的', '销售让问你们', '销售那边可以延嘛']
语义向量：[-1.61313419e-01  1.44006303e-01 -1.07839039e-01  9.66349605e-02
 -3.18337581e-01 -1.53552706e-01 -3.70415032e-02 -1.96762536e-02
 -2.37880937e-01 -2.15239528e-01  2.80239454e-02 -7.47664303e-02
 -2.36972173e-01 -1.43849702e-01 -1.90771249e-01 -7.66568652e-02
 -3.19298450e-02 -1.28646553e-02  3.99825299e-02 -9.69010791e-02
 -1.14350447e-01  9.50969044e-02  2.71356949e-01 -9.68036924e-02
  6.08061809e-02 -5.82437313e-02 -1.90120008e-01 -1.77942939e-01
 -8.87636574e-02  1.47685675e-01 -2.03457580e-01  7.27139502e-02
  1.96113921e-01 -2.98998263e-01 -1.67123534e-01 -3.88785195e-02
  7.68082437e-02  3.07967767e-02  1.78905035e-01 -9.57103427e-04
  2.33513430e-02  1.46376383e-01  1.51450714e-01  2.51070684e-01
  1.09989396e-02 -5.94351980e-02  1.73598370e-01 -8.47709308e-02
 -5.39531591e-02 -7.58728208e-02 -3.27368214e-02  3.21879288e-02
 -3.82060435e-02 -1.91569290e-01  2.25408287e-01  4.25364082e-02
  2.64185227e-01 -1.01365111e-01  1.56306392e-02 -1.08436954e-02
  1.33445560e-01  1.83232702e-01 -7.60855740e-02 -1.75278545e-01
 -1.37669927e-01 -1.13744343e-01  8.13836493e-02 -1.14736245e-01
 -1.21805245e-01 -3.51710135e-02  9.66744898e-02  1.07587443e-01
 -2.92189748e-01 -2.21786577e-01 -2.71549038e-02 -1.18987632e-01
  1.12641790e-01  2.98431232e-01  1.48123874e-01 -9.28323672e-03
  1.94685929e-01 -7.39702236e-02  5.83779955e-02 -1.06201798e-01
  1.16959521e-01  5.13792889e-02  8.62857682e-02  6.98580371e-02
 -5.16641976e-02 -5.50148848e-02  7.43560894e-02 -1.84863205e-01
 -1.01484662e-01  2.22666392e-02  2.69708661e-01 -6.94663512e-02
  1.39461436e-01  9.94075097e-02 -6.94217764e-02 -6.01472182e-02
  1.90882722e-01 -4.36794827e-03  1.46345464e-01  2.00169611e-01
 -9.01177903e-02  5.90298930e-02  3.13476688e-02  8.19063765e-02
 -4.34854765e-02  6.69240705e-02 -5.31470402e-02 -1.69983078e-01
  7.01579836e-02  2.21383117e-02  1.46388430e-01 -2.67414612e-01
 -2.00629144e-01 -3.36703927e-02  7.75004205e-02 -1.62067072e-01
 -1.12106274e-01  8.25999536e-02 -5.30006624e-03 -1.39115777e-01
  2.87326361e-02  1.86690614e-01 -1.21072130e-01  1.40272955e-01
 -3.11397420e-02 -1.14448402e-02 -9.97691828e-02 -1.19216005e-02
 -9.15263249e-03  1.55536127e-01  1.08783743e-01  2.19166362e-01
  2.94147518e-01  2.09673037e-04  4.18622170e-02  3.76514901e-02
 -1.61553191e-01  3.47156492e-02 -4.23631826e-03 -6.52524504e-02
  9.65680156e-02 -1.74637494e-01 -1.98853113e-02  3.84703532e-01
  7.07840433e-02 -3.08280045e-02  1.84682430e-01 -2.31541412e-01
 -7.45454297e-02 -1.52322336e-01  2.22509744e-01  1.07667543e-01
  1.82747373e-01 -1.51209166e-01  1.36187510e-02  2.21205698e-01
  1.20210762e-01 -5.71030202e-02  8.10753510e-02  1.92205579e-01
  1.32581652e-01  1.14487730e-02 -7.34042042e-02 -9.01869239e-02
 -1.76295298e-01  1.53626743e-01  2.40071923e-01 -2.92179468e-02
 -3.61468551e-02 -1.19654379e-01  1.20922874e-01  3.09199824e-02
 -1.80442218e-01  2.87339499e-02  8.52528403e-02  7.96149325e-02
  4.60140653e-02  5.65283808e-02  8.94958508e-02 -6.41521482e-03
  9.75802470e-02 -1.89044912e-01  5.99710891e-02  4.95185209e-02
  1.37694809e-02  7.13079551e-02  7.06324917e-02  2.10201539e-02
  8.29783559e-02 -8.56131678e-02  2.29539434e-01  3.99287242e-02
 -2.14028334e-01 -7.94256962e-02 -1.84974003e-01  1.10035443e-01
 -1.91310507e-01 -1.71335813e-01  1.20127079e-01  1.48510454e-02
  4.32204903e-02 -6.38742267e-02  2.54531162e-01  2.31912136e-01
  9.92141885e-02  1.58475035e-01  1.38824812e-01 -3.76063578e-01
 -2.23849831e-01 -1.01361839e-01  1.80075133e-02  2.08090471e-01
  2.70265116e-02 -2.93573506e-02  3.57716799e-01  2.57096920e-02
  1.32780507e-01  3.23133892e-02 -1.07575651e-01  1.55858335e-01
 -1.69118183e-02  2.35795262e-01  2.55962049e-01 -8.35256114e-03
  2.57413505e-01  7.49786390e-02 -8.15591663e-02 -2.28285950e-01
 -3.54588811e-02  8.60442890e-02 -1.58184565e-02  1.95954669e-01
 -9.87475961e-02 -2.28710731e-01 -8.62762550e-02 -3.25617640e-03
  2.43688231e-01  1.47029030e-01  4.77720028e-02  1.30939232e-01
 -5.98658880e-02 -2.36986768e-02 -1.39166484e-01 -4.78978701e-02
 -2.02993544e-02 -1.53063157e-01 -1.09501095e-01 -8.46896441e-02
 -1.12221035e-01 -3.19973247e-01 -3.74086197e-02 -8.20649868e-02
  4.96122544e-02 -5.60827384e-02 -3.27936723e-01  6.70715328e-02
 -7.68992601e-02 -2.46457513e-01 -1.34469248e-01 -1.64445612e-01
 -8.40877930e-02 -1.69690339e-01 -1.59239998e-01 -8.65031787e-02
 -1.85455658e-02  3.77376245e-02 -1.93977145e-02 -2.04055550e-01
  3.15246601e-02  1.24886125e-01  7.20408811e-02 -1.92252270e-01
  1.60980528e-01 -6.87989771e-02  9.36169837e-02  1.36553492e-01
 -6.85567304e-02 -2.80212611e-02  2.19129986e-02 -1.45510006e-01
 -8.17428276e-02 -1.75991909e-02 -1.04432060e-01  4.01948401e-02
 -9.49618650e-02 -1.77113885e-01  2.31472493e-01 -9.58433265e-02
 -5.84894891e-02  2.20578951e-01  2.06161437e-03 -2.41575779e-01
 -9.17030431e-03 -6.84591195e-02 -6.81190615e-02 -1.63580425e-01]


第4类： ['你们销售', '客服销售', '方便销售', '有没有销售', '有没有销售', '有没有销售', '销售办事处']
语义向量：[-0.32526186  0.27245143 -0.23474634  0.18231031 -0.6271956  -0.31481048
 -0.08781494 -0.04615772 -0.51229513 -0.45561191  0.04539743 -0.15634266
 -0.47481155 -0.3089408  -0.38811442 -0.1394064  -0.07501457 -0.02935224
  0.07141197 -0.19264112 -0.23328412  0.1888742   0.55225748 -0.17993706
  0.15037695 -0.09236991 -0.38303673 -0.34823382 -0.17888774  0.314569
 -0.40958712  0.16302207  0.43389428 -0.61652422 -0.35450351 -0.06646581
  0.14663418  0.06814749  0.33794454 -0.00432452  0.06215402  0.34570482
  0.30156144  0.5258652   0.02565894 -0.1126621   0.38035062 -0.15571955
 -0.09982134 -0.15954754 -0.05258271  0.05680818 -0.08321987 -0.38444713
  0.44283807  0.0771618   0.5155223  -0.18987519  0.03349142  0.00925791
  0.2390637   0.36520958 -0.17192368 -0.3201344  -0.27187103 -0.22334644
  0.16209443 -0.20393194 -0.22630864 -0.05596804  0.16831246  0.19734424
 -0.59435904 -0.45697111 -0.04824516 -0.24942932  0.26288617  0.58580112
  0.3037658   0.0018442   0.40000179 -0.15424657  0.1160648  -0.21166176
  0.24719405  0.08348913  0.16423304  0.13476387 -0.09263303 -0.11433341
  0.15020412 -0.36216295 -0.19866911  0.056107    0.53410017 -0.14031889
  0.28315327  0.20199789 -0.15698317 -0.13397352  0.39647898  0.01643009
  0.27892068  0.40509498 -0.18798079  0.13052014  0.05188137  0.15655175
 -0.07115892  0.11210512 -0.10679724 -0.34605861  0.14342946  0.02102911
  0.29803765 -0.52152508 -0.41308174 -0.09386794  0.17506658 -0.33736572
 -0.21334265  0.21144935 -0.02368633 -0.29325506  0.05790544  0.37116829
 -0.24415201  0.30873048 -0.06496157 -0.02915383 -0.18552871 -0.02046873
 -0.01726959  0.31596011  0.20103998  0.41617319  0.59892642  0.01240385
  0.09011438  0.09107943 -0.29462838  0.06783142 -0.01357739 -0.13379805
  0.16433609 -0.35474408 -0.02245265  0.76990592  0.1424624  -0.06423072
  0.3683129  -0.45940232 -0.13327068 -0.33643803  0.45527488  0.2191605
  0.35759914 -0.2877827   0.0230732   0.45677614  0.2385353  -0.09117952
  0.17482556  0.34097326  0.26855677  0.04358999 -0.12332635 -0.16864611
 -0.37507421  0.32838413  0.48900715 -0.0478711  -0.05636252 -0.26079422
  0.27347261  0.05466949 -0.34025386  0.04803974  0.1968326   0.13635099
  0.0547761   0.11724795  0.17889903 -0.01599673  0.22469896 -0.37457961
  0.13870205  0.10433858  0.02725533  0.12538397  0.1561259   0.07447781
  0.15329362 -0.17136323  0.46526235  0.09147638 -0.37636286 -0.17528769
 -0.36542949  0.2053494  -0.37148005 -0.37141395  0.26561579  0.00396895
  0.10129609 -0.13368824  0.51300192  0.47094887  0.19926697  0.3268992
  0.28660691 -0.76350987 -0.43834719 -0.19580866  0.03593297  0.43832934
  0.05598237 -0.07708898  0.72638893  0.0615663   0.24069664  0.04750418
 -0.2306823   0.3083356  -0.03524136  0.48691782  0.50659835 -0.03388362
  0.51794344  0.1663686  -0.16216457 -0.46521154 -0.08470739  0.18145192
 -0.05496998  0.39058411 -0.2207038  -0.45187327 -0.17966259 -0.02311824
  0.47037461  0.31360975  0.10255309  0.26861134 -0.11060793 -0.03021266
 -0.27587694 -0.12585495 -0.05369218 -0.30540383 -0.22079726 -0.16957423
 -0.22715056 -0.67757303 -0.07472413 -0.16036683  0.07856271 -0.09758747
 -0.6466192   0.12348244 -0.16659997 -0.51389557 -0.29038802 -0.32953572
 -0.15886554 -0.3442747  -0.31298116 -0.17312942 -0.06107579  0.07523834
 -0.01704553 -0.40460512  0.04896919  0.26256871  0.13810574 -0.4191266
  0.30381897 -0.16880772  0.19375411  0.29976991 -0.14728637 -0.06238808
  0.04586942 -0.29866466 -0.16878136 -0.04369352 -0.22067037  0.10504574
 -0.20533036 -0.32253504  0.47482401 -0.15875939 -0.12482755  0.43922099
  0.01164404 -0.51389605 -0.04031113 -0.15363428 -0.15740764 -0.33626789]


第5类： ['一般的销售人员没办法和我们谈这个吧', '主要用于全国的销售经理开月度汇报', '以前我都有你们这边的销售联系方式', '你们在北京有技术和销售人员吗', '你们方便安排有个销售来我们这里当面沟通一下吗', '你们有南京区的销售人员吗', '你们有广州这边的销售人员吗', '你们的销售昨天跟我谈完了', '你们的销售是你们的代理商吗', '你们的销售模式是代理还是直销', '你们销售什么时候能给我来电', '你给下你们销售人员的微信给我', '你能让销售先给我一个短信吗', '你让你们的销售加我吧', '你让你的销售先发封邮件给我', '再给我个北京的销售联系方式吧', '可以给个重庆这边的销售人员的联系方式吗', '可否告知一个广州区域的销售的联系方式给我', '她说了让我去找我的销售跟她谈', '就不能给我换一个销售吗', '帮我找个北京这边的销售吧', '您可以让你们的销售代表给我打电话吗', '您可以让您的另外一位销售给我发邮件', '您的另一位销售不跟我谈啊', '我和你们有个销售约了周一今天下午过来', '我想和你们负责本地区的销售谈下合作', '我想找您的另一个销售帮助我报下价啊', '我想找您的另一个销售帮助我报下架', '我想问下方便找个销售帮我们做方案吗', '我是想问下贵公司湖北那边还招不招销售呢', '我有北方区的销售人员的联系方式', '我确定有这个功能之后我再去找销售', '我这边有全国各地的销售和分公司', '我需要你们来代替我们的销售人员', '或者也可以让你们销售加我的', '所以您能不能给我们找个男的销售呢', '所以我想能不能和别的区域的销售或者代理合作', '有免费使用或者有没有销售给我一个演示之类的呢', '老板考虑销售还是用他们的手机号码', '那让你们销售和我先聊天', '那麻烦你让销售给报个价', '销售公司面对的是保险行业的从业人员', '麻烦一个耐心的销售给我解释一下', '麻烦您给我一个销售的联系方式', '麻烦给我给销售人员的联系方式']
语义向量：[-7.40212939e-02  6.20289906e-02 -5.19917712e-02  4.32285167e-02
 -1.41253374e-01 -6.92593292e-02 -2.08566387e-02 -8.33352023e-03
 -1.12358164e-01 -1.02716045e-01  1.15227668e-02 -3.33396488e-02
 -1.10917721e-01 -6.83609630e-02 -8.48844910e-02 -3.29215661e-02
 -1.74060852e-02 -5.77242498e-03  1.48007717e-02 -4.34292954e-02
 -5.47882886e-02  4.43150446e-02  1.23677102e-01 -4.03127951e-02
  2.82396150e-02 -1.98832430e-02 -8.70102261e-02 -8.23705028e-02
 -3.96048302e-02  6.92834738e-02 -9.46006404e-02  3.72941954e-02
  9.14500029e-02 -1.41755297e-01 -8.07830060e-02 -1.77956024e-02
  3.32541186e-02  1.17227794e-02  8.01130477e-02 -1.62825213e-03
  1.03516631e-02  7.23984381e-02  6.83237439e-02  1.18254652e-01
  3.47038656e-03 -2.61887073e-02  8.02322198e-02 -3.75139665e-02
 -2.38850964e-02 -3.44767615e-02 -1.34335823e-02  1.74200679e-02
 -1.84787586e-02 -8.65292656e-02  9.99246221e-02  2.00441812e-02
  1.20428491e-01 -4.39035063e-02  5.66832212e-03 -2.46716784e-03
  5.65765223e-02  8.52158066e-02 -3.83981546e-02 -7.80922317e-02
 -6.18453679e-02 -5.21596197e-02  3.91817608e-02 -4.99131108e-02
 -5.42883981e-02 -1.62972508e-02  3.88000750e-02  4.95654199e-02
 -1.34108578e-01 -9.98166348e-02 -8.70599771e-03 -5.69820918e-02
  5.16997647e-02  1.35357734e-01  6.51786588e-02 -1.28405523e-03
  8.82997121e-02 -3.17899523e-02  2.99235801e-02 -4.90420702e-02
  5.32189682e-02  2.13342542e-02  3.59927345e-02  3.15881193e-02
 -2.22238967e-02 -2.51478271e-02  3.09514855e-02 -8.16761083e-02
 -4.52359602e-02  1.22409369e-02  1.25255698e-01 -3.29396238e-02
  6.39466908e-02  4.63541085e-02 -3.44043028e-02 -2.92955953e-02
  8.69287497e-02  1.49765563e-03  6.33288583e-02  9.37939134e-02
 -3.98330291e-02  3.05440952e-02  1.27752816e-02  3.76048444e-02
 -1.72750127e-02  2.65611719e-02 -2.33762499e-02 -8.26368681e-02
  3.26332907e-02  1.15313800e-02  6.58638639e-02 -1.20471942e-01
 -9.26964185e-02 -1.78382112e-02  3.62758837e-02 -7.41667411e-02
 -4.84472990e-02  4.10330896e-02 -2.64862230e-03 -6.49668358e-02
  1.33920625e-02  8.32950513e-02 -5.57253046e-02  6.77677771e-02
 -1.42611773e-02 -2.42384635e-03 -4.15030993e-02 -5.37222844e-03
 -1.21845214e-03  7.18997418e-02  4.80083209e-02  9.75196770e-02
  1.32701358e-01 -2.26138219e-03  1.99300690e-02  1.87376436e-02
 -7.03064949e-02  1.57336370e-02  1.14422933e-04 -2.75305175e-02
  4.38047402e-02 -8.03900142e-02 -8.00082992e-03  1.69668767e-01
  3.46314557e-02 -1.25872291e-02  8.22050121e-02 -1.01040913e-01
 -3.37787076e-02 -7.36384838e-02  1.02094746e-01  4.98386604e-02
  7.93590741e-02 -6.71518931e-02  4.21989665e-03  1.02397679e-01
  5.81054915e-02 -2.30977197e-02  4.08694327e-02  8.51072362e-02
  5.91127543e-02  1.20454876e-02 -3.46439602e-02 -3.91867612e-02
 -8.16676188e-02  7.06485880e-02  1.07077384e-01 -1.38319432e-02
 -1.37930402e-02 -5.34031794e-02  5.99912009e-02  1.09352953e-02
 -7.91550157e-02  1.38006692e-02  4.27719219e-02  3.32712077e-02
  1.94227584e-02  2.94073403e-02  3.95569937e-02 -4.52533586e-03
  4.88313474e-02 -8.21372276e-02  3.00464113e-02  2.09677815e-02
  4.82397200e-03  3.02991100e-02  3.36571051e-02  1.30274520e-02
  3.77852581e-02 -3.87134273e-02  1.01934979e-01  1.85678853e-02
 -9.23291926e-02 -3.84226115e-02 -8.27741576e-02  4.76402143e-02
 -8.68575684e-02 -8.15524637e-02  5.84725006e-02  2.12221821e-03
  1.97520144e-02 -3.02804374e-02  1.17498329e-01  1.07715702e-01
  4.61954791e-02  7.39058415e-02  6.49039015e-02 -1.69230556e-01
 -9.96430828e-02 -4.59140891e-02  8.13314437e-03  9.41953566e-02
  1.24746110e-02 -1.71501688e-02  1.61097966e-01  1.49239788e-02
  5.79825536e-02  1.22502426e-02 -4.50759841e-02  6.92477056e-02
 -9.31435768e-03  1.10269222e-01  1.14846534e-01 -6.64291255e-03
  1.15658545e-01  3.50933757e-02 -3.82488837e-02 -1.04683649e-01
 -1.82991732e-02  4.36206809e-02 -8.45349998e-03  8.59511296e-02
 -4.78543683e-02 -1.03826844e-01 -4.05110029e-02  1.29474424e-03
  1.07616291e-01  6.67164453e-02  1.98693729e-02  5.86952237e-02
 -2.34537782e-02 -7.59724198e-03 -6.06147034e-02 -2.47640126e-02
 -7.69841761e-03 -6.90845661e-02 -5.09231169e-02 -4.17063568e-02
 -5.15696911e-02 -1.48286562e-01 -1.54948280e-02 -3.46162510e-02
  1.96007596e-02 -2.54549966e-02 -1.47570294e-01  2.80156174e-02
 -3.30090298e-02 -1.14159871e-01 -6.38535314e-02 -7.72371728e-02
 -3.79160586e-02 -7.82497399e-02 -6.99766071e-02 -3.89867961e-02
 -1.07667430e-02  1.62504542e-02 -5.69205266e-03 -9.20565893e-02
  1.24350612e-02  5.73770315e-02  3.22290083e-02 -9.19146281e-02
  7.40491178e-02 -3.58181727e-02  4.62208866e-02  6.51197294e-02
 -3.19990358e-02 -1.44537024e-02  9.96861832e-03 -6.58585573e-02
 -3.57218653e-02 -9.90958550e-03 -4.78312728e-02  2.07936859e-02
 -4.29239920e-02 -7.49058409e-02  1.07021132e-01 -3.77430681e-02
 -2.92676867e-02  9.96601035e-02  3.60264919e-03 -1.12473105e-01
 -7.15811846e-03 -3.47298924e-02 -3.32080104e-02 -7.49905285e-02]


第6类： ['别的区域销售', '北京区域的销售']
语义向量：[-0.21176236  0.30782615 -0.07555027  0.27393059 -0.59495834 -0.22063276
  0.02142649 -0.07178147 -0.30104664 -0.45129992  0.10005736 -0.17568065
 -0.50326414 -0.07000534 -0.34572859 -0.24651359  0.11942714 -0.08243008
  0.09802662 -0.14863658 -0.20614155  0.08677173  0.49996874 -0.25292037
  0.12956625 -0.29309593 -0.20833718 -0.24763367 -0.21072994  0.18144707
 -0.26389343  0.15885285  0.40447876 -0.55380079 -0.2881202  -0.14976171
  0.04662843  0.03942687  0.46014905 -0.01375637  0.07297851  0.09476005
  0.40896484  0.27118754  0.20114387 -0.12347901  0.28604162 -0.15691122
 -0.01717995 -0.02035076 -0.20714666  0.09964601 -0.04876294 -0.34486215
  0.45397255 -0.03388529  0.55209468 -0.09189624  0.0852509  -0.01316515
  0.15489349  0.27675132 -0.06551823 -0.30401605 -0.28573055 -0.19404024
  0.25079794 -0.14097237 -0.33585499 -0.02221061  0.18971844 -0.00375186
 -0.55537242 -0.36612716 -0.14431327 -0.26884119  0.09295837  0.53790241
  0.32733195 -0.05447301  0.34025423 -0.04466034  0.148696   -0.33301546
  0.20045646  0.0103497   0.16551047  0.04902285 -0.04161325 -0.12929049
  0.21951471 -0.39511989 -0.24603782 -0.01477785  0.62814334 -0.10141353
  0.32581517  0.10910634 -0.06846855 -0.0362652   0.1903703  -0.03935735
  0.27183859  0.39705111 -0.17933797  0.1211811   0.11864094  0.11746198
 -0.25126091  0.28776498 -0.03830476 -0.26043718  0.1680866   0.0183271
  0.30136879 -0.6042752  -0.34613453 -0.05247007  0.16903467 -0.22259193
 -0.3209947  -0.03323499  0.03372942 -0.14135733  0.07798225  0.46731372
 -0.38771063  0.19306661 -0.13026431 -0.04487442 -0.3462726  -0.06842001
 -0.16065486  0.0948423   0.11856449  0.65162331  0.60819358  0.05563392
  0.17464126 -0.05805272 -0.40738596  0.10640267 -0.04950448 -0.15654868
  0.27602684 -0.22599816 -0.10429143  0.75772256  0.11270891  0.03069419
  0.34754167 -0.42108198 -0.21290717 -0.18657301  0.3972532   0.04912548
  0.3246886  -0.22622816  0.01897424  0.40076998  0.03012238 -0.12521845
  0.0735455   0.27295862  0.21155392 -0.05495681 -0.06643748 -0.19096548
 -0.2654154   0.28142263  0.29894352 -0.04358239 -0.12183706 -0.14979981
 -0.02890483  0.06733083 -0.39338399 -0.00865549  0.03420774  0.2329122
  0.03473673  0.12463695  0.07516219 -0.15603505  0.14306531 -0.4536058
  0.01649613  0.19036426 -0.04312604  0.18557362  0.23188557 -0.05533007
  0.23358595 -0.17935383  0.34224074  0.02748023 -0.63934124 -0.10777392
 -0.14111184  0.22606187 -0.34155877 -0.24208018  0.18203905  0.00465838
  0.12199815 -0.01381291  0.54612748  0.31379087  0.1281495   0.15211522
  0.0336943  -0.64209867 -0.35784934 -0.34794722 -0.01199584  0.30026072
  0.08545967  0.14586598  0.68804604  0.02347507  0.26398471 -0.08402331
 -0.17406742  0.42399366 -0.02947956  0.31348535  0.32006501  0.02038869
  0.49367937  0.13964142 -0.28227052 -0.38077946 -0.03579264  0.08723025
  0.05692334  0.36935344  0.05633963 -0.40024142 -0.08423917  0.03146366
  0.40070552  0.31359042  0.04003595  0.28490548 -0.07996016 -0.11152851
 -0.17518283 -0.02851658 -0.05217591 -0.32240085 -0.13973319 -0.01204888
 -0.10456147 -0.37148727 -0.15945215 -0.10415029  0.21022674 -0.09523094
 -0.58038545  0.07385723 -0.21051442 -0.30042496 -0.19645695 -0.27352024
 -0.19906504 -0.26805695 -0.32363759 -0.14375325  0.03539562 -0.03253739
 -0.04774055 -0.37185976  0.17514849  0.30246559  0.18691624 -0.30483136
  0.29967931 -0.06432226  0.07391731  0.15520839 -0.03640226 -0.0138432
  0.09133889 -0.28270353 -0.14094921  0.16899277 -0.32453659  0.03250181
 -0.20743866 -0.375101    0.41756445 -0.37976532 -0.06749709  0.39554897
 -0.14724202 -0.15888771  0.03691658 -0.13170304 -0.02487462 -0.15559348]


第7类： ['打电话销售产品', '网络销售']
语义向量：[-2.55435422e-01  3.07736211e-01 -3.07576016e-01  1.68866985e-01
 -7.25710303e-01 -3.01948175e-01 -8.57555494e-02 -1.64199397e-02
 -4.96560723e-01 -4.85764638e-01  1.29254110e-01 -5.51485978e-02
 -5.49918994e-01 -2.91520208e-01 -3.40077713e-01 -1.65040642e-01
 -2.88358130e-01 -1.06266681e-01 -1.07852854e-01 -2.77492471e-01
 -2.96648622e-01  3.08112398e-01  3.70107770e-01 -2.17191137e-01
 -2.44862065e-01  3.29161226e-02 -4.41200808e-01 -5.74740767e-01
 -1.49576724e-01  2.15054777e-01 -6.52308971e-01 -4.28626165e-02
 -2.47912109e-02 -7.14649379e-01 -4.42871124e-01 -1.77938856e-01
  1.56737506e-01 -1.84629925e-01  4.61028665e-01  5.47736790e-02
 -1.95393022e-01  2.26103552e-01  1.03261173e-01  6.83905244e-01
 -1.34744577e-01 -1.60102360e-02  1.06168769e-01 -2.39298418e-01
 -1.38120182e-01 -5.02620153e-02 -1.74494307e-01  2.73985073e-01
  8.77677388e-02 -3.58872846e-01  1.94012761e-01  1.83442257e-01
  6.31349504e-01 -2.87986957e-01 -3.79227798e-02 -1.76405355e-01
  4.07666817e-01  5.89415222e-01 -2.81252556e-01 -6.44070297e-01
 -2.89848715e-01 -2.22012550e-01  2.26973422e-01 -4.33473065e-01
 -3.17061797e-01 -4.45053607e-01  1.93239313e-01  3.92591581e-01
 -4.59144503e-01 -3.39488640e-01  2.76089553e-02 -3.54801252e-01
  1.16479835e-01  7.26530522e-01  1.56018272e-01 -2.69132592e-02
  1.05739616e-01 -4.73090950e-02  2.23491058e-01 -1.53614625e-01
  1.07767925e-01  1.06676640e-01  2.45937616e-01  2.83916980e-01
 -3.28249514e-01 -5.65987900e-02  9.35275964e-02 -4.48773071e-01
 -3.29155535e-01 -2.44793765e-01  5.07910788e-01 -3.49966198e-01
  2.52941765e-01  1.81929894e-01 -1.55327883e-01 -6.63267225e-02
  4.26822543e-01 -4.30337368e-02  2.41962537e-01  5.09328350e-01
 -1.12398170e-01  1.53144259e-01 -6.09557210e-02  3.18441197e-01
 -5.55958729e-02 -1.34296421e-01 -1.72327440e-01 -3.71678993e-01
  1.85251735e-01  2.28229098e-01  3.15382972e-01 -3.62600952e-01
 -2.92502552e-01  2.11102404e-02 -1.62955895e-01 -2.83160590e-01
 -1.95018955e-01 -6.79588951e-02 -1.65825848e-01 -3.28531772e-01
  2.53766768e-01  2.42854938e-01 -2.09327340e-01  2.50033133e-01
  8.24424028e-02  2.65408963e-01 -1.78637400e-01 -3.99205163e-02
  3.18865240e-01  3.40266973e-01  2.84454614e-01  5.97381741e-01
  5.12292758e-01 -4.04982150e-01 -5.53027866e-02  1.27986457e-01
 -4.55305010e-01  6.77817687e-02  1.40218789e-01 -1.50852796e-01
  4.76848438e-01 -3.40239644e-01 -1.83103736e-01  8.20178181e-01
  2.08590306e-01  1.08414413e-02  2.70656310e-01 -3.48087206e-01
 -3.61201510e-01 -3.96087021e-01  3.61206606e-01  4.20739919e-01
  2.64106847e-01 -4.99535233e-01  1.42968073e-01  4.65523690e-01
  5.39718762e-01 -1.10828944e-01  2.76981756e-01  7.21922189e-01
  9.17948075e-02  1.87222376e-01 -4.69534174e-01 -2.26902686e-01
 -2.48671643e-01  1.35564141e-01  3.14273238e-01 -2.72490352e-01
 -1.01208311e-01 -1.86435555e-02  3.40205252e-01 -1.17738366e-01
 -3.93412232e-01  2.66232103e-01  3.80457938e-01  9.14766435e-02
  2.71338038e-01  2.22968966e-01  3.05496089e-01 -9.37678292e-02
  1.33484390e-01 -1.25229396e-01 -9.08790557e-02 -4.08128640e-02
 -2.20212659e-01  9.23965424e-02  7.71066397e-02  8.79482646e-02
  2.89916918e-01 -2.06747510e-01  2.67701373e-01 -7.72119239e-02
 -3.75950411e-01  9.76154655e-02 -6.05793238e-01  1.49784289e-01
 -5.41002989e-01 -4.35189500e-01  1.84918687e-01  7.40652513e-02
 -4.48435049e-03 -2.01027423e-01  5.61193585e-01  5.34979597e-01
  2.87133545e-01  3.40222195e-01  3.24616745e-01 -7.21116811e-01
 -3.63234743e-01 -2.35560991e-01  2.51184974e-01  3.31105202e-01
  2.10565291e-02  3.71523015e-03  4.14643645e-01  1.41542137e-01
  3.06994826e-01  1.35596611e-01  7.11242780e-02  2.14940861e-01
 -3.85970422e-02  6.31927699e-01  5.49300700e-01  3.64343263e-03
  4.61756364e-01  5.08550406e-02 -1.54852241e-01 -5.24493977e-01
 -8.25303886e-02  3.87818351e-01  1.40197359e-01  3.40082705e-01
 -4.20182541e-01 -5.57341814e-01 -1.83687974e-01  2.43624285e-01
  5.07191584e-01 -9.05356556e-03  4.97477017e-02  1.69640563e-01
  7.89744966e-02 -1.60942852e-01 -1.71921957e-01 -4.79301382e-02
  9.19120517e-02 -2.01198347e-01 -2.85994738e-01 -2.24312272e-01
 -3.13725255e-01 -5.72687030e-01  7.31798708e-02 -1.63707115e-01
  4.27467227e-02 -3.33722472e-01 -7.50263870e-01  4.02542613e-02
  1.11282561e-01 -5.78942478e-01 -1.63465112e-01 -6.23989940e-01
 -1.53939327e-01 -3.26234624e-01 -1.47927657e-01 -1.73993811e-01
 -7.26764090e-02 -6.92343153e-02 -1.63442461e-01 -3.68266717e-01
 -2.51316805e-02  2.60770619e-02 -2.28218734e-04 -2.45490357e-01
  4.09570202e-01 -2.90914282e-01  2.61054356e-01  1.75303794e-01
 -2.04658531e-01 -8.00874210e-02  7.35998899e-02 -2.27311619e-01
 -3.31246164e-02 -2.35238604e-01 -2.85210460e-02 -1.97662588e-01
 -7.07859844e-02 -2.11281478e-01  4.06426847e-01 -5.25666773e-02
 -1.10738721e-01  2.54132792e-01  1.15679401e-01 -5.00712693e-01
  5.87487384e-02 -1.17753841e-01 -1.94514157e-01 -2.44095296e-01]


第8类： ['你们这个呼叫的可以用作销售吧', '这边呼叫中心的销售分配我一个']
语义向量：[-1.20538857e-01  1.85855582e-01  1.02096600e-02  9.79034156e-02
 -2.03516297e-01 -9.20814909e-02  4.21124883e-03 -1.13695268e-01
 -1.90497667e-01 -1.83489285e-02  3.69042382e-02  1.71086090e-02
 -8.61831345e-02 -1.28169555e-01 -6.28974587e-02  1.30201783e-02
 -9.37923044e-02  3.90808992e-02  3.39105148e-02 -1.89342789e-01
 -1.77636094e-01  4.55814796e-02  2.44115107e-01 -6.49030805e-02
 -2.46999850e-02 -6.97928518e-02  3.73725034e-03 -7.87423626e-02
 -1.00478021e-01  1.41709100e-01 -1.83495678e-01 -4.41229176e-02
  9.60140750e-02 -4.49066833e-02 -1.80066086e-01 -9.52677578e-02
  1.14956908e-02 -1.84295915e-01  8.69756378e-03  1.18555784e-01
  4.12837556e-03  5.89711294e-02  2.59806365e-02  2.86779210e-01
  3.44385933e-02  4.85078180e-02  1.48720048e-01  3.45747918e-03
  1.86264984e-01  1.04460344e-01 -1.59280457e-01  1.10995471e-02
  7.17523452e-02 -1.69116601e-01 -4.58512381e-02  5.81333116e-02
  7.67144412e-02 -7.22823665e-02  3.49926520e-02 -3.71629372e-02
  1.26707822e-01  8.78451951e-02 -1.36305425e-01 -1.73903733e-01
 -2.63632923e-01 -1.34668872e-01  1.38437666e-01 -2.00809002e-01
 -2.10873052e-01 -1.41333889e-01  9.20418128e-02  1.44794723e-02
 -2.30996840e-01 -1.04992092e-03 -1.59165192e-01 -1.69103697e-01
 -1.37791708e-02  2.40239911e-01  6.43562153e-02 -1.89650603e-01
  1.33723281e-02 -8.75672325e-02  1.70407735e-01 -4.13109958e-02
  3.94774396e-02  1.68841993e-02  9.10628866e-02 -5.68605959e-02
  5.38847437e-02  1.72746174e-01  2.42555641e-01 -1.15122139e-01
 -6.96961712e-02 -8.02310156e-02  2.55150035e-01 -1.32381193e-01
  1.63483292e-01  1.54803298e-01  6.66278694e-03 -5.73469102e-02
  2.67069101e-01 -5.44362236e-02  1.05942931e-01  1.36002090e-01
 -8.10827985e-02 -5.42229675e-02 -5.45014995e-02  6.03689551e-02
 -8.93486738e-02  3.46525572e-03 -7.11328536e-02 -6.40000012e-02
 -1.23893045e-01  7.35331289e-02  1.52602002e-01 -1.51357822e-01
 -1.33254312e-01 -2.38175420e-02 -1.39068678e-01 -1.33269101e-01
  7.27887880e-02 -1.85002599e-01 -1.17507190e-01  4.83618602e-02
  1.15889300e-01  1.15286283e-01 -5.15423343e-03 -4.71180715e-02
  8.15417469e-02  8.48030038e-02 -1.38209224e-01 -1.04741182e-01
  5.29037723e-02  1.23554051e-01  1.91051655e-01  1.05594046e-01
  2.92168483e-01 -6.72480185e-02 -3.79485488e-02  9.84754711e-02
 -1.13517754e-01  1.36726707e-01  2.40616687e-01 -5.71126500e-02
  4.79394570e-02 -2.03228127e-02  2.27236710e-02  2.50999704e-01
  3.35090756e-02  1.46085273e-01  7.66868182e-02 -2.29727179e-01
 -1.07404754e-01 -7.31686130e-03  1.48005355e-01  1.60487354e-01
  1.42201521e-01 -2.10245892e-01  7.88842738e-02  1.11519791e-01
  1.66960891e-01 -1.14226013e-01  1.82807066e-01  7.02193752e-02
 -3.22167296e-02  3.87913422e-02 -1.78430043e-01 -1.41406130e-01
 -6.17280602e-06  1.04761235e-01  1.71747297e-01 -1.59974545e-01
  5.62050324e-02 -7.58012347e-02  1.39141548e-02 -5.84296416e-03
 -1.36952240e-01  1.42567493e-01  2.77363814e-01  1.88451305e-01
  8.78086537e-02  1.27567142e-01  5.67070171e-02 -6.41227011e-02
 -1.32795654e-01 -2.50954427e-01 -6.97375778e-02  9.23013072e-02
 -1.61812872e-01  1.02435511e-01  7.79938735e-02 -2.53274357e-02
  6.23256397e-02 -1.19120713e-01  7.26364143e-02 -4.33548326e-02
 -6.45606220e-03  1.30815063e-01 -1.34382069e-01  1.04094200e-01
 -2.28572264e-01 -1.40698209e-01 -6.51212409e-02 -7.93014057e-02
  4.52898927e-02 -2.86002168e-02  3.77022251e-01  1.82742000e-01
  2.29689427e-01  4.99748886e-02  1.75859816e-01 -1.70474775e-01
 -1.17067300e-01 -1.08557902e-01  1.51307262e-01  2.14785576e-01
 -1.04783021e-01  7.23939668e-02  2.26838969e-01  4.00833227e-02
  1.03700563e-01 -2.84726433e-02 -4.95684240e-02  1.09245025e-01
  1.25261834e-02  1.61134616e-01  8.26314241e-02  6.20794315e-02
  2.03025587e-01  8.20802040e-02  6.39748313e-02 -1.27729319e-01
 -1.09334864e-01  1.64261892e-01  4.13402244e-02  6.65870309e-02
 -2.92070411e-01 -1.04650009e-01 -5.89607749e-02  2.08780110e-01
  4.23375592e-02  8.26166198e-02  6.13525333e-02  2.15214863e-02
  7.93846697e-03 -2.78912461e-02 -6.11201487e-02  5.38508482e-02
 -5.41659370e-02 -3.50109786e-02 -3.48262396e-02  6.20476156e-03
 -1.41359773e-01 -3.92857790e-02 -1.28105521e-01 -4.49085310e-02
  4.94320467e-02 -1.49136625e-01 -1.35476351e-01 -1.59515636e-02
 -3.75817884e-02 -3.20408165e-01 -1.27474442e-01 -1.88966163e-01
  1.29286770e-01 -1.25128519e-01  6.53130189e-03 -1.68790035e-01
  7.44371694e-02  1.61403425e-01  2.62381462e-02 -1.01187043e-01
  1.07624996e-02  2.15879224e-01  7.29608107e-02 -1.13634478e-01
  3.28455955e-01 -6.81538433e-02  6.68223575e-03  9.46870446e-02
 -1.10190898e-01 -4.26709764e-02 -2.10131519e-03 -6.09400570e-02
 -5.92008233e-03 -1.99730042e-03 -2.42698565e-03 -9.65456627e-02
  2.84803025e-02 -1.41032644e-01 -2.92307101e-02 -4.36060298e-02
 -6.71625435e-02  8.81547872e-02 -6.68542888e-02 -5.45276850e-02
  2.98710512e-02  9.03291032e-02 -1.83603071e-01 -1.45500369e-01]


