第1类： ['主要的问题就是', '之前没有问题啊', '你们这边是不是有问题', '其实还有一个问题就是', '刚才的问题没解决', '可以回答问题了吗', '啊还有一个问题', '好的没问题', '如果没啥问题', '如果都没问题', '就是说有可能是浏览器的问题', '带宽会不会有问题', '您的问题太多了', '我们有这方面的问题', '我们现在的问题是', '我先问问技术问题', '我再问一个问题', '我就一个问题', '我想请问个问题', '我有个问题', '我有个问题', '我没有问题了', '我没问题了', '我的问题结束了', '我还有一个问题', '我还有个问题', '我这个是什么问题', '我问一个问题', '我问的问题呢', '提示连接音频时发生错问题', '昨天出现的问题', '是文件的问题吗', '是有技术问题', '暂时没什么问题了', '暂时没什么问题了', '暂时没有问题了谢谢', '有些问题需要解答下', '有问题再找我', '有问题再请教', '果然出问题了', '没有其他问题了', '浏览器也没有问题吧', '然后还有一个问题', '然后还有几个问题', '现在我有个问题', '现在的问题是', '苹果电脑这个插件没问题吧', '证书问题怎么解决', '还是上面的问题', '还是使用习惯的问题', '还是这个年费问题', '还有一个小问题', '还有一个问题哈', '还有个问题哈', '还有个问题哦', '这个不是权限的问题', '这个是什么问题啊', '这个有问题吗', '这个连接上没问题的吧', '这个链路问题啊', '这个问题帮忙解决一下', '这个问题怎么解决', '这其实是两个问题', '这是啥问题', '那么问题来了', '那其他没问题了', '那可能有问题', '那就没问题', '问题什么时候能解决', '问题你是否可以解决', '问题可以问你吗', '问题是我一直打不开', '问题是看不到呀', '麻烦请教个问题']
语义向量：[-8.24222901e-02 -8.18930419e-02 -1.15957911e-01  8.66433574e-02
 -5.79503366e-02 -2.05352161e-02  1.19114511e-02  3.98844591e-02
 -3.10009620e-03 -6.90294973e-03  8.10876300e-02 -4.97746704e-02
 -3.77319680e-02 -1.80732000e-03  1.19520969e-01 -6.85574875e-02
  2.20229111e-02  4.50827920e-02 -3.89390501e-02 -4.02677974e-02
  2.29014243e-02  1.66686667e-02  1.52951484e-02 -2.73464605e-02
 -1.48905445e-01  1.08759173e-01 -8.22177243e-02 -1.41578313e-01
 -1.02206141e-01 -5.45344605e-04 -1.36324796e-01  1.01221986e-01
 -6.77477840e-02 -3.99013217e-02 -1.05583179e-01 -4.09878857e-02
  1.34116504e-01  4.00123758e-02  9.68782501e-02 -1.00658330e-01
 -6.02726053e-02  1.17208238e-01 -4.90486189e-02  4.89082841e-02
 -7.08744973e-02 -2.35952277e-02  5.07303636e-02 -1.20051850e-01
 -1.91995386e-02 -7.28374344e-03  1.20495421e-02  6.63030116e-02
 -2.56784267e-02 -3.75312986e-02  4.47446994e-02  1.68001564e-01
  9.84537583e-02 -1.28668124e-01  1.24588258e-02 -1.04635281e-01
  6.33705364e-02  1.04953418e-01  3.41824078e-02 -1.91276281e-01
  1.07919247e-02 -3.24664832e-02  3.74114439e-02 -4.46874521e-02
 -5.14375647e-03 -8.12461106e-02  2.47316262e-02  1.66848828e-01
 -2.85739153e-02  3.07682135e-02  1.24253189e-01 -1.72674499e-01
  3.23442952e-02  1.27277545e-01 -2.59754723e-03  1.09583116e-01
 -8.43317161e-02 -1.76288585e-02  1.58472946e-01 -2.05810475e-02
 -5.25855237e-02  4.28121086e-02  2.66822151e-02  3.58955458e-02
  1.00477388e-02  1.19809295e-02 -4.35420415e-02 -2.22875469e-02
  2.05192345e-03 -4.07801638e-02  1.14547821e-01 -1.00867337e-01
 -7.43470273e-02  4.82817359e-02 -3.71551883e-02  1.05737575e-01
 -1.33432107e-02 -1.00658560e-01 -1.44847983e-02  9.16682901e-02
  2.64297219e-04  3.45901199e-02  1.12399873e-02  6.72246798e-02
  5.44169521e-03  6.94584486e-02  8.97434365e-03 -1.19572656e-01
 -6.24763849e-02  4.00583591e-02  7.90931502e-02 -1.59564566e-01
  3.89035935e-02  1.19756403e-01 -9.44426703e-02 -7.66440697e-02
 -6.07827201e-02 -2.56474339e-02  1.10104279e-01  3.12468347e-02
 -2.63450446e-02  7.15733501e-02  2.24853385e-02  2.89721626e-02
 -2.70586276e-02  1.58985793e-01  8.63854607e-02 -5.58435017e-02
  1.78941071e-01  9.04864954e-02  6.17164337e-02  1.36920211e-01
  3.17940084e-02 -6.29795291e-02 -3.33791573e-02 -1.88069071e-01
  1.88161602e-02 -1.10981653e-01  4.07146803e-02  9.16975604e-02
  4.34774127e-02 -1.18909619e-01 -2.94816526e-02 -5.17352030e-02
  2.23749512e-01 -4.45208391e-02 -2.02395449e-02 -7.63340835e-02
 -6.64286147e-02 -9.55026019e-02  1.47810289e-01  1.71618159e-04
 -2.46892511e-02 -7.97639779e-02 -6.47144381e-02  8.37759926e-02
  1.51248050e-01 -7.74981991e-02  3.36914151e-02  1.57908655e-01
 -7.26247838e-02 -8.45414912e-03 -1.10627326e-01 -4.71208834e-02
 -3.63675543e-02  2.84630545e-03  1.19194866e-01  9.66519990e-02
  2.80448822e-02 -2.24935837e-02  7.10419617e-02  9.34527930e-03
 -1.15316806e-01  8.68984189e-02 -2.70008898e-02 -3.06814439e-03
  1.75420657e-01  1.03549384e-01  1.95883793e-02  9.36140963e-02
  7.69192491e-02  9.15699198e-02  5.54861502e-02 -1.00222744e-02
  1.65321922e-02  1.34009916e-01  1.41945444e-02 -6.46712168e-02
 -1.37495899e-01  7.41402502e-02  9.53616321e-03 -5.95453768e-03
 -6.25784074e-02  5.47598794e-03  4.11262907e-02 -8.91190286e-03
 -1.59015449e-01  1.37819837e-01  9.73076130e-03  8.27128193e-02
 -6.92145125e-02 -5.00397887e-02  3.69238728e-02  4.06742626e-02
  6.99391530e-02  7.70289344e-02  2.77291315e-02 -8.20464052e-02
 -5.38446787e-02 -4.32759887e-02  9.06571668e-03 -1.44259412e-01
  4.78353983e-02  1.05250563e-01  9.06960172e-02 -5.22105350e-02
  5.19590219e-02  1.03037510e-01  8.24756827e-02 -4.16332134e-02
 -1.19923479e-01 -5.67932753e-02  7.91572655e-02 -1.32059484e-02
 -7.43358531e-03  5.18439557e-02 -1.41220401e-01 -8.17504981e-02
 -6.57280640e-02  7.21529627e-02 -2.20013410e-02  8.97410598e-02
 -1.48968098e-01 -8.22445103e-02 -9.68295748e-02 -4.18666268e-02
  1.52594355e-01 -7.14440336e-02 -7.98260585e-02  3.59202256e-02
 -4.92400729e-03 -1.14914019e-01 -4.22940883e-02  1.67494896e-01
  5.86058809e-02 -6.38717149e-02 -8.42771186e-02 -1.41580359e-01
 -1.11451899e-01  2.57072815e-02 -3.14182676e-02 -2.26986322e-02
  1.26905063e-01  1.00462306e-02 -1.11599133e-01 -7.77006972e-02
  1.46851112e-02  5.26053961e-03  4.16236068e-02 -8.86629201e-02
  2.40856038e-03  9.57798456e-03 -3.29578459e-02  1.18596634e-01
  1.15488138e-01 -3.82612279e-02  7.13872588e-02 -1.56656651e-01
 -4.96032433e-02 -1.31868809e-01  1.33303812e-03 -5.97053270e-02
  1.06140147e-01  7.39203464e-02  1.72523598e-01  8.66707346e-03
 -1.89314293e-02 -1.05902327e-01 -5.56121686e-02  7.48052085e-03
 -4.90131621e-02 -1.73057064e-01 -3.18292965e-03 -1.53431646e-02
 -1.53855279e-02 -4.97800908e-02  7.93476141e-02  3.62554413e-02
 -1.06967862e-01  4.87612336e-02  2.12967550e-02 -8.18003635e-02
 -2.16610991e-02 -6.06334905e-02  7.29514400e-03 -4.31814989e-02]


第2类： ['上边的问题', '不是这个问题', '主要两个问题', '什么没问题', '但是有个问题', '但是有个问题', '关于资费问题', '另外一个问题', '如果没问题', '就这个问题', '早上的问题', '是什么问题', '最后一个问题', '有一个问题', '有个问题啊', '有几个问题', '有问题吗', '没有问题了', '没有问题了', '没有问题了', '没问题了', '没问题了', '没问题了', '没问题的', '现在问题是', '第一个问题是', '请教一个问题', '请教一个问题', '还有一个问题', '还有一个问题', '还有一个问题', '还有一个问题', '还有一个问题', '还有一个问题', '还有一个问题', '还有一个问题', '还有一个问题', '还有一个问题', '还有一个问题', '还有个问题', '还有个问题', '还有个问题', '还有个问题', '还有个问题', '还有个问题', '还有个问题', '还有个问题', '还有个问题', '还有个问题', '还有个问题', '还有点问题', '这有没有问题', '那么多问题', '那没问题', '都没问题', '问个技术问题', '问个技术问题', '音频没问题']
语义向量：[-1.16682708e-01 -1.19479895e-01 -1.68721572e-01  1.26510963e-01
 -8.36016312e-02 -3.67149375e-02  2.08961833e-02  5.24627455e-02
 -3.61832255e-03 -1.51833892e-02  1.18336529e-01 -7.72291049e-02
 -5.36482781e-02 -3.05015617e-03  1.66991994e-01 -1.03239894e-01
  3.07210591e-02  6.83833957e-02 -6.11358173e-02 -5.55688255e-02
  3.42241377e-02  2.14474127e-02  2.46332064e-02 -4.41703200e-02
 -2.07387984e-01  1.57370716e-01 -1.17018901e-01 -2.08012626e-01
 -1.44459754e-01  2.89430958e-04 -1.99708834e-01  1.46674618e-01
 -9.26506147e-02 -6.01333678e-02 -1.57244012e-01 -6.04062118e-02
  1.96091279e-01  6.08441196e-02  1.42072812e-01 -1.44754320e-01
 -8.72726664e-02  1.72550395e-01 -6.48495108e-02  7.06370547e-02
 -1.00699238e-01 -3.45858894e-02  7.78347701e-02 -1.72986075e-01
 -3.00809126e-02 -1.41630834e-02  1.41234221e-02  9.66830477e-02
 -4.18087430e-02 -5.05914800e-02  6.58009276e-02  2.42065027e-01
  1.42124727e-01 -1.85238466e-01  2.36004367e-02 -1.56000957e-01
  9.07456204e-02  1.59120038e-01  5.73577769e-02 -2.77899235e-01
  1.49458647e-02 -4.51593734e-02  5.61452955e-02 -6.28371313e-02
 -1.17106363e-02 -1.17220156e-01  3.58988121e-02  2.35558212e-01
 -4.68297899e-02  4.06782515e-02  1.78643093e-01 -2.48573959e-01
  4.95268106e-02  1.88462421e-01  1.84007222e-03  1.63841903e-01
 -1.22705765e-01 -2.51962151e-02  2.30026111e-01 -3.59721184e-02
 -6.71814904e-02  6.31333366e-02  4.27094512e-02  5.30547500e-02
  1.60114858e-02  1.64507255e-02 -6.18304126e-02 -3.80230024e-02
  5.13935415e-03 -6.00675605e-02  1.65059075e-01 -1.44739121e-01
 -1.07340284e-01  7.08388090e-02 -5.23702018e-02  1.52630344e-01
 -2.47964785e-02 -1.47653729e-01 -1.77912172e-02  1.29478648e-01
 -8.41156754e-04  5.32807522e-02  1.49784097e-02  9.89264324e-02
  8.27841368e-03  1.05959028e-01  1.01362048e-02 -1.76637053e-01
 -9.60974395e-02  5.73890768e-02  1.21299557e-01 -2.32740223e-01
  6.13320172e-02  1.72463492e-01 -1.37749657e-01 -1.12498291e-01
 -9.03857425e-02 -3.33612226e-02  1.58586517e-01  4.44599353e-02
 -3.91206406e-02  1.04173534e-01  2.69498676e-02  4.11703736e-02
 -3.97921763e-02  2.31394127e-01  1.25666335e-01 -7.81476498e-02
  2.58960634e-01  1.32855430e-01  8.80587325e-02  1.95857629e-01
  4.95871305e-02 -8.85982215e-02 -4.14732136e-02 -2.78614432e-01
  2.94036027e-02 -1.66849494e-01  5.52561320e-02  1.33459046e-01
  5.83948046e-02 -1.71401545e-01 -4.46312241e-02 -7.62554780e-02
  3.29277217e-01 -6.70856163e-02 -3.03170085e-02 -1.16688512e-01
 -9.37829539e-02 -1.41062722e-01  2.16622964e-01 -4.59717074e-03
 -3.68236937e-02 -1.13381267e-01 -9.46773216e-02  1.15728706e-01
  2.19998837e-01 -1.08925171e-01  4.48809862e-02  2.27482796e-01
 -1.03436135e-01 -1.60904545e-02 -1.53218970e-01 -7.03134015e-02
 -5.28746992e-02  7.28307804e-03  1.76302209e-01  1.44053519e-01
  4.13640253e-02 -3.58836427e-02  1.02553792e-01  1.35246776e-02
 -1.68601155e-01  1.26360312e-01 -3.74422669e-02 -8.90731718e-03
  2.54104465e-01  1.51122943e-01  3.15552093e-02  1.36536852e-01
  1.17395729e-01  1.34405658e-01  7.77508691e-02 -1.23155601e-02
  2.46036705e-02  1.90477803e-01  2.56259292e-02 -9.34838876e-02
 -2.01260969e-01  1.11570857e-01  1.64915975e-02 -7.14889308e-03
 -8.90922323e-02  5.57445781e-03  6.28756359e-02 -1.32910972e-02
 -2.27462649e-01  2.07702860e-01  1.82677340e-02  1.25499085e-01
 -9.55056548e-02 -7.66710266e-02  5.33554815e-02  5.68989664e-02
  1.04092233e-01  1.16537906e-01  4.05818932e-02 -1.22946329e-01
 -7.92296305e-02 -6.50019497e-02  1.63283031e-02 -2.11831108e-01
  7.07940981e-02  1.57824501e-01  1.36858776e-01 -7.21102282e-02
  6.88817427e-02  1.48623034e-01  1.17579162e-01 -5.81352226e-02
 -1.79634273e-01 -8.44305828e-02  1.16484046e-01 -2.21527908e-02
 -1.62892025e-02  7.19487742e-02 -2.09126070e-01 -1.20511286e-01
 -9.84832942e-02  1.02606796e-01 -3.78415026e-02  1.30877987e-01
 -2.16032878e-01 -1.23202600e-01 -1.40876785e-01 -6.69858381e-02
  2.24919692e-01 -9.97554287e-02 -1.15358256e-01  5.58205508e-02
 -5.22152893e-03 -1.65584445e-01 -6.29328862e-02  2.46093690e-01
  8.64121914e-02 -9.12852511e-02 -1.25022665e-01 -2.06973806e-01
 -1.63331151e-01  3.32398228e-02 -4.77212258e-02 -3.10183167e-02
  1.87584758e-01  1.35050537e-02 -1.59072027e-01 -1.17179282e-01
  1.60784852e-02  1.21309767e-02  6.40156865e-02 -1.31103873e-01
  3.97576764e-03  1.06805721e-02 -4.95837741e-02  1.66118458e-01
  1.64390489e-01 -6.00916781e-02  1.05747253e-01 -2.34379753e-01
 -7.64911622e-02 -1.97632968e-01  3.65554332e-03 -8.71374905e-02
  1.56224504e-01  1.04714401e-01  2.52373934e-01  1.28116384e-02
 -3.13899703e-02 -1.52965456e-01 -7.97111616e-02  6.56558247e-03
 -7.58837610e-02 -2.52724558e-01 -2.27454328e-03 -2.09379476e-02
 -3.13198976e-02 -6.78587183e-02  1.18573546e-01  5.07349707e-02
 -1.59078941e-01  7.34522790e-02  3.09965983e-02 -1.20191075e-01
 -3.81411947e-02 -9.26003233e-02  1.16140814e-02 -5.87214716e-02]


第3类： ['上次我们用的钉钉就存在这些问题呢', '不要问那么多问题先', '不设置也可以拨打我们中国的没问题嘛', '也有其他人遇到这个问题', '会不会有延时严重卡顿的问题', '会存在互联的问题吗', '但是当时用着有个问题', '但需要解决互联互通的问题', '你也不懂技术上的问题吧', '你们具体是怎么解决这个问题的', '你们整个网站都有问题', '你们是怎么解决卡顿问题的', '你们的存在这个问题吗', '你能不能一个一个问题回答', '你能先回答我的问题吗', '内部还有问题要确认下', '前面用的现在出现问题了', '启用了技能组后就转的有问题了', '和外国交流没问题吧', '因为大家要讨论工程问题', '在处理您的请求时遇到问题', '在处理您的请求时遇到问题', '在海外使用会有问题吗', '处理您的请求时遇到问题', '好久不看就出问题了', '如果出了问题有现场服务吗', '如果出现技术问题只能在线对接是吧', '就是用的时候出现了问题', '屏幕共享都是没有问题的对伐', '平时这样做会出现很多问题', '您的问题都好专业', '想解决公司外地员工开会的问题', '我之前一直在思考一个问题', '我以前几次使用时没有出现过这个问题', '我们现在主要与你们服务器连接有问题', '我们现在碰到的问题是', '我们程控机出现了问题', '我刚的问题你还没有帮我解答呢', '我安排活动事遇到了问题', '我想知道是对方的问题还是我的问题', '我想确认一下技术方面的问题', '我想还有个问题你那个云端空间是送的', '我现在来详细的说一下我的问题', '我现在的问题是通过', '我现在遇到了一点问题', '我直接问你一些问题吧', '我给你我的问题', '我考虑的是安全性问题', '我要了解下技术上的问题', '我这边有一个问题需要解决', '我这边还有一个问题想要请教您', '我需要别人远程控制来帮忙解决个问题', '昨天我用的还是没问题', '是我的问题不在咱们的服务范围吗', '最好客户问的简单问题可以直接答', '有个问题想请教您这边一下可以么', '有回答我问题的客服人员吗', '有问题再向您请教', '有问题找他就可以吧', '有问题的时候人员进来说话', '欧R变频器的问题可以在这里提问吗', '此网站的安全证书有问题', '没有解决我的问题啊', '没空回那么多跟不相关的问题', '点了没反应是不是我这边的问题', '现在你们官网是出问题了吗', '现在先看下这些问题是出在哪里', '的问题可以质询你吗', '看来这个地方也有问题', '能不能解决我的问题呢', '能查到是什么问题吗', '自己看没有什么问题挺清晰的', '讲话没声音是什么问题呢', '请帮我解决这个问题', '请问技术层面您能回答一些问题吗', '跟国际多国开会也没问题吧', '这个国外的访问有问题没呢', '这边能问关于技术方面的问题么', '那应该是没有问题的咯', '那我就有问题了', '那我问点技术问题吧', '问个小问题就是想快速在线解决', '问题可以是留言板的形式', '问题是我用不到这么多', '问题这个是图片我点不了', '麻烦你先回答我问题吧']
语义向量：[-5.08111996e-02 -4.89305520e-02 -7.17006276e-02  5.08141614e-02
 -3.86062128e-02 -1.74309587e-02  1.01159032e-02  2.24455175e-02
 -3.83425060e-03 -7.49816596e-03  4.85188404e-02 -2.94289553e-02
 -2.56347022e-02 -3.39886727e-04  7.07985929e-02 -4.21235547e-02
  1.30667278e-02  2.67310644e-02 -2.58349512e-02 -2.51195841e-02
  1.10820582e-02  1.14964701e-02  1.17929959e-02 -2.12480424e-02
 -9.45894691e-02  6.73698016e-02 -5.16356965e-02 -9.04199147e-02
 -6.15357402e-02 -3.08701939e-03 -8.67376437e-02  5.82659536e-02
 -4.39293731e-02 -2.64533197e-02 -6.85528773e-02 -2.96474929e-02
  8.14173935e-02  1.86099529e-02  6.17333557e-02 -5.96234295e-02
 -4.19756873e-02  7.02668292e-02 -2.79952661e-02  3.58088773e-02
 -4.57609576e-02 -1.42081713e-02  2.83790458e-02 -7.45376544e-02
 -1.41572038e-02 -1.60155563e-03  4.19527848e-03  4.38187631e-02
 -1.29319088e-02 -2.30432126e-02  2.67283008e-02  1.01452501e-01
  6.27281313e-02 -7.99065438e-02  7.34408369e-03 -6.67412660e-02
  4.25498020e-02  6.94384513e-02  1.97644170e-02 -1.22311560e-01
  2.20414424e-03 -2.04663113e-02  2.55494376e-02 -3.28282205e-02
 -6.81358393e-03 -5.62293209e-02  1.75568749e-02  1.03084175e-01
 -1.93782083e-02  1.91835435e-02  7.59235332e-02 -1.04829060e-01
  1.55409739e-02  8.52516110e-02 -2.93878797e-03  6.47722680e-02
 -5.06409835e-02 -1.05306344e-02  1.01966298e-01 -1.35764549e-02
 -3.26754915e-02  2.83481131e-02  1.69202239e-02  2.26834405e-02
  4.52696046e-03  8.29685258e-03 -2.47799192e-02 -2.07785993e-02
  9.33089922e-05 -2.78046036e-02  7.02091345e-02 -6.50537681e-02
 -4.38243940e-02  2.80619898e-02 -2.21276746e-02  6.38184540e-02
 -8.94405665e-03 -6.23184721e-02 -6.29703968e-03  6.01251163e-02
 -3.79226985e-04  2.11817911e-02  4.88636625e-03  4.58186690e-02
  1.90626495e-03  4.31163983e-02  3.24213760e-03 -7.35935788e-02
 -3.77264369e-02  2.70822371e-02  4.95918756e-02 -9.89556510e-02
  2.55035901e-02  7.67537275e-02 -6.12990078e-02 -4.91046176e-02
 -3.85996484e-02 -2.07019664e-02  6.54570572e-02  1.83397432e-02
 -1.26801851e-02  4.71133458e-02  9.65311625e-03  1.57579116e-02
 -1.19935581e-02  9.98169392e-02  4.81758008e-02 -3.39470205e-02
  1.14291505e-01  5.86327247e-02  4.36304136e-02  9.34706313e-02
  2.19581932e-02 -4.69050953e-02 -1.83154302e-02 -1.14948121e-01
  5.15611099e-03 -6.90959452e-02  2.64093564e-02  5.59249271e-02
  3.18831452e-02 -7.70842052e-02 -1.85154890e-02 -2.64977168e-02
  1.39492241e-01 -2.77435227e-02 -1.41488298e-02 -4.62545278e-02
 -4.34535035e-02 -5.59302658e-02  9.20978949e-02  2.65391373e-04
 -1.41534769e-02 -5.45622387e-02 -3.63538525e-02  5.22273690e-02
  9.69089992e-02 -4.93881012e-02  2.08922842e-02  1.02487016e-01
 -4.38521109e-02 -6.26066331e-03 -6.89027369e-02 -3.18802158e-02
 -2.00638499e-02 -2.52023159e-04  7.34515465e-02  5.79781952e-02
  1.59411759e-02 -1.30755402e-02  4.54325946e-02  3.87084051e-03
 -7.27044428e-02  5.76045112e-02 -1.13253269e-02  1.15889696e-03
  1.09863049e-01  6.42611549e-02  1.52300905e-02  5.44407364e-02
  4.68537948e-02  5.43715756e-02  2.81731029e-02 -6.69879104e-03
  6.94435905e-03  7.99290575e-02  9.88385359e-03 -3.83446715e-02
 -8.26395690e-02  4.65806694e-02  4.15625408e-03 -5.69864960e-03
 -4.08470861e-02  1.08331970e-02  2.18069681e-02 -7.44032950e-03
 -9.88975924e-02  8.18172348e-02  4.51821630e-03  5.45267143e-02
 -4.04250899e-02 -3.30875980e-02  2.77157793e-02  2.67586021e-02
  4.53529079e-02  4.79262527e-02  1.69002364e-02 -5.14892443e-02
 -3.66328395e-02 -2.96253504e-02  1.12710153e-02 -8.86643496e-02
  3.15970579e-02  6.99582615e-02  5.26104194e-02 -2.65584104e-02
  3.18088791e-02  6.34742069e-02  5.26825550e-02 -2.34102138e-02
 -7.46609353e-02 -3.11012443e-02  5.05230220e-02 -5.54030964e-03
 -3.45555331e-03  2.85712747e-02 -8.55582103e-02 -5.56246061e-02
 -3.94475731e-02  4.61678851e-02 -1.27296923e-02  5.43681029e-02
 -9.45245659e-02 -5.41549610e-02 -5.89113548e-02 -2.05768571e-02
  9.78536124e-02 -4.10188673e-02 -5.23084692e-02  2.30532382e-02
 -3.53925460e-03 -7.12494709e-02 -2.36779113e-02  1.02364585e-01
  3.99616430e-02 -4.02507290e-02 -5.68060742e-02 -9.09364953e-02
 -6.93509415e-02  1.19591521e-02 -1.73040189e-02 -1.50490707e-02
  7.94188464e-02  7.73121947e-04 -7.09542823e-02 -4.51652492e-02
  1.12358865e-02  7.27899040e-04  2.61083681e-02 -6.11096865e-02
  1.66072112e-03  6.53009573e-04 -1.91271321e-02  6.76328990e-02
  7.00274583e-02 -2.80743354e-02  4.22420010e-02 -9.94643642e-02
 -2.72358378e-02 -8.19938075e-02  1.29199381e-03 -3.40571013e-02
  7.18010447e-02  4.49150165e-02  1.06036818e-01  5.72763271e-03
 -1.20265006e-02 -6.34975617e-02 -3.49355824e-02  1.61973469e-03
 -2.79444674e-02 -1.08715114e-01  2.46651156e-03 -1.43317818e-02
 -9.42141492e-03 -2.90942795e-02  4.95641161e-02  2.17321228e-02
 -6.79970697e-02  3.15907833e-02  1.04637626e-02 -5.11113078e-02
 -9.33118256e-03 -3.83111135e-02  5.60267554e-03 -2.86817307e-02]


第4类： ['与客户讨论项目问题', '如果再有客户有问题', '如果设备出现了问题', '现在安装插件除了问题', '解决分店开会问题', '这个跟国外来开会有问题吗', '问题我快手直播不了']
语义向量：[-0.09232746 -0.08164598 -0.15407167  0.06291235 -0.10021655  0.00526673
  0.05663524  0.03905203 -0.01049427 -0.0124736   0.02319612  0.03437878
 -0.0806255   0.05816046  0.16012555 -0.06917648  0.01922964 -0.02184497
 -0.01869078 -0.08147039 -0.00914368  0.07556463 -0.02675115 -0.08098171
 -0.2418533   0.13245031 -0.13877485 -0.19712828 -0.1015259  -0.03539336
 -0.16926004  0.03540385 -0.10339029 -0.03441214 -0.10239572 -0.08287975
  0.13953037 -0.03980586  0.11533506 -0.11709003 -0.12551533  0.03926554
 -0.09137227  0.09091683 -0.13714104 -0.04163087  0.01850867 -0.11179203
 -0.00927896  0.07973349 -0.02113509  0.11683904  0.05818174 -0.07233639
 -0.005256    0.18927679  0.18979954 -0.16358333 -0.08857622 -0.12533374
  0.09851551  0.11937178 -0.05902387 -0.31236821 -0.06699228 -0.05717722
  0.05085124 -0.11460564  0.01246542 -0.15955285  0.0739098   0.22819473
 -0.02927427  0.01468989  0.20322469 -0.18486248 -0.04255339  0.17444652
 -0.04025973  0.05779932 -0.09058475 -0.01670251  0.25665421 -0.00734197
 -0.13573694  0.03635224  0.00846334  0.09517002 -0.01874761  0.0296744
  0.00723862 -0.12164483 -0.04086483 -0.11092957  0.0947038  -0.12902313
 -0.07973483 -0.02579745 -0.06283192  0.09136359 -0.0055921  -0.11127218
 -0.02632933  0.20788346  0.02287331  0.03343671  0.0053744   0.18980908
  0.04609102  0.06919784  0.02957899 -0.11455197  0.01755222  0.07174043
 -0.02394438 -0.12966615  0.0010327   0.19535291 -0.16381933 -0.06411239
 -0.07041671 -0.11768252  0.09513894  0.08025616  0.04435464  0.15439162
  0.01167367  0.0416751   0.01205874  0.18743295  0.01962307 -0.0833756
  0.30003438  0.09441408  0.11342782  0.32595167  0.08961782 -0.1799852
 -0.05868749 -0.17604057 -0.08713107 -0.09646542  0.12281522  0.08825222
  0.13456542 -0.20075224 -0.06783098  0.08568452  0.22411045 -0.04341697
  0.02339022 -0.0248599  -0.09108115 -0.06550405  0.12186722  0.0550144
  0.00138272 -0.21156842 -0.01168222  0.15571459  0.20017695 -0.13331546
  0.06073189  0.29615142 -0.07906404  0.00433298 -0.18291241 -0.04494121
  0.03732446 -0.06063232  0.10723946  0.01105767 -0.00350469 -0.0180476
  0.08607757 -0.03561375 -0.10807273  0.12116636  0.0269041   0.05778692
  0.20415141  0.08888877  0.03602889  0.05819792  0.01152648  0.11893033
 -0.04303579 -0.02824034  0.04140534  0.15855878 -0.00860784 -0.01727645
 -0.14442038  0.05808777 -0.08830019 -0.06054289 -0.13291255  0.11789481
 -0.04502519 -0.02109076 -0.24044617  0.03795633 -0.006935    0.06152527
 -0.12782511 -0.0893275   0.12900855  0.05375583  0.10921458  0.04552267
  0.05758367 -0.08797223 -0.08601372 -0.08598982  0.07349568 -0.15448885
  0.07239085  0.11644652  0.02405473  0.03214884  0.08122765  0.09823607
  0.09505675 -0.04932514 -0.08488349  0.04834527  0.10368305  0.01361955
  0.02185287 -0.00683365 -0.12210353 -0.14029019 -0.00118748  0.12324189
 -0.001525    0.08670367 -0.19137641 -0.1040909  -0.08557085  0.08821405
  0.22057316 -0.10126663 -0.1369721  -0.00817235 -0.03669077 -0.17327327
  0.00545055  0.08178456  0.10028374 -0.11167491 -0.10041976 -0.16196645
 -0.12202896  0.01113956  0.02925112 -0.04411342  0.1148245  -0.05381776
 -0.20545792 -0.03288524  0.08085256 -0.0664299   0.03988364 -0.18243581
 -0.00818656 -0.04724722 -0.042111    0.12549474  0.12359223 -0.06815516
  0.05276549 -0.11903273  0.05953437 -0.10551627  0.0015874   0.0028361
  0.11329859  0.08727571  0.15659053  0.04647661  0.01698496 -0.1131794
 -0.06797303 -0.05198176  0.0136376  -0.20288076  0.07645445 -0.12048696
  0.06924063 -0.05123941  0.04514612  0.082611   -0.09784509  0.07407852
 -0.026072   -0.12214259  0.13836582 -0.05626788 -0.01305664 -0.10738775]


第5类： ['三个问题', '可能问题', '回答问题', '我问题个问题', '技术问题', '有个问题', '有个问题', '老有问题']
语义向量：[-1.75024062e-01 -1.79219842e-01 -2.53082365e-01  1.89766437e-01
 -1.25402451e-01 -5.50724044e-02  3.13442759e-02  7.86941200e-02
 -5.42748393e-03 -2.27750838e-02  1.77504793e-01 -1.15843654e-01
 -8.04724172e-02 -4.57523437e-03  2.50487983e-01 -1.54859841e-01
  4.60815877e-02  1.02575094e-01 -9.17037278e-02 -8.33532363e-02
  5.13362065e-02  3.21711190e-02  3.69498096e-02 -6.62554801e-02
 -3.11081976e-01  2.36056075e-01 -1.75528347e-01 -3.12018931e-01
 -2.16689631e-01  4.34146437e-04 -2.99563259e-01  2.20011920e-01
 -1.38975918e-01 -9.02000517e-02 -2.35866010e-01 -9.06093195e-02
  2.94136912e-01  9.12661776e-02  2.13109210e-01 -2.17131481e-01
 -1.30908996e-01  2.58825600e-01 -9.72742662e-02  1.05955578e-01
 -1.51048854e-01 -5.18788360e-02  1.16752155e-01 -2.59479105e-01
 -4.51213680e-02 -2.12446246e-02  2.11851336e-02  1.45024568e-01
 -6.27131164e-02 -7.58872181e-02  9.87013876e-02  3.63097548e-01
  2.13187084e-01 -2.77857691e-01  3.54006551e-02 -2.34001428e-01
  1.36118427e-01  2.38680065e-01  8.60366672e-02 -4.16848868e-01
  2.24187970e-02 -6.77390620e-02  8.42179433e-02 -9.42557007e-02
 -1.75659545e-02 -1.75830230e-01  5.38482182e-02  3.53337318e-01
 -7.02446848e-02  6.10173792e-02  2.67964631e-01 -3.72860938e-01
  7.42902160e-02  2.82693624e-01  2.76010833e-03  2.45762855e-01
 -1.84058651e-01 -3.77943218e-02  3.45039159e-01 -5.39581776e-02
 -1.00772239e-01  9.47000012e-02  6.40641749e-02  7.95821249e-02
  2.40172278e-02  2.46760882e-02 -9.27456170e-02 -5.70345037e-02
  7.70903146e-03 -9.01013389e-02  2.47588620e-01 -2.17108682e-01
 -1.61010429e-01  1.06258214e-01 -7.85553008e-02  2.28945509e-01
 -3.71947177e-02 -2.21480593e-01 -2.66868267e-02  1.94217965e-01
 -1.26173510e-03  7.99211264e-02  2.24676151e-02  1.48389652e-01
  1.24176210e-02  1.58938542e-01  1.52043076e-02 -2.64955580e-01
 -1.44146159e-01  8.60836133e-02  1.81949332e-01 -3.49110335e-01
  9.19980258e-02  2.58695245e-01 -2.06624493e-01 -1.68747440e-01
 -1.35578617e-01 -5.00418358e-02  2.37879783e-01  6.66899011e-02
 -5.86809628e-02  1.56260297e-01  4.04248014e-02  6.17555603e-02
 -5.96882664e-02  3.47091198e-01  1.88499510e-01 -1.17221475e-01
  3.88440967e-01  1.99283153e-01  1.32088095e-01  2.93786436e-01
  7.43806958e-02 -1.32897332e-01 -6.22098222e-02 -4.17921662e-01
  4.41054031e-02 -2.50274241e-01  8.28841999e-02  2.00188577e-01
  8.75922069e-02 -2.57102311e-01 -6.69468343e-02 -1.14383213e-01
  4.93915826e-01 -1.00628428e-01 -4.54755127e-02 -1.75032765e-01
 -1.40674427e-01 -2.11594090e-01  3.24934453e-01 -6.89575635e-03
 -5.52355424e-02 -1.70071900e-01 -1.42015979e-01  1.73593059e-01
  3.29998255e-01 -1.63387761e-01  6.73214793e-02  3.41224194e-01
 -1.55154198e-01 -2.41356809e-02 -2.29828447e-01 -1.05470106e-01
 -7.93120489e-02  1.09246168e-02  2.64453322e-01  2.16080278e-01
  6.20460398e-02 -5.38254641e-02  1.53830692e-01  2.02870164e-02
 -2.52901733e-01  1.89540461e-01 -5.61634004e-02 -1.33609753e-02
  3.81156713e-01  2.26684406e-01  4.73328158e-02  2.04805285e-01
  1.76093593e-01  2.01608494e-01  1.16626300e-01 -1.84733402e-02
  3.69055048e-02  2.85716712e-01  3.84388939e-02 -1.40225828e-01
 -3.01891446e-01  1.67356282e-01  2.47373972e-02 -1.07233394e-02
 -1.33638352e-01  8.36168695e-03  9.43134576e-02 -1.99366454e-02
 -3.41193974e-01  3.11554283e-01  2.74016000e-02  1.88248619e-01
 -1.43258482e-01 -1.15006536e-01  8.00332204e-02  8.53484496e-02
  1.56138346e-01  1.74806863e-01  6.08728379e-02 -1.84419498e-01
 -1.18844442e-01 -9.75029245e-02  2.44924538e-02 -3.17746669e-01
  1.06191143e-01  2.36736745e-01  2.05288172e-01 -1.08165346e-01
  1.03322610e-01  2.22934544e-01  1.76368743e-01 -8.72028321e-02
 -2.69451410e-01 -1.26645878e-01  1.74726069e-01 -3.32291871e-02
 -2.44338047e-02  1.07923165e-01 -3.13689113e-01 -1.80766925e-01
 -1.47724941e-01  1.53910190e-01 -5.67622557e-02  1.96316972e-01
 -3.24049324e-01 -1.84803903e-01 -2.11315185e-01 -1.00478753e-01
  3.37379545e-01 -1.49633139e-01 -1.73037380e-01  8.37308243e-02
 -7.83229340e-03 -2.48376667e-01 -9.43993255e-02  3.69140536e-01
  1.29618287e-01 -1.36927873e-01 -1.87533990e-01 -3.10460716e-01
 -2.44996727e-01  4.98597361e-02 -7.15818405e-02 -4.65274751e-02
  2.81377137e-01  2.02575810e-02 -2.38608032e-01 -1.75768927e-01
  2.41177287e-02  1.81964654e-02  9.60235298e-02 -1.96655810e-01
  5.96365146e-03  1.60208587e-02 -7.43756592e-02  2.49177679e-01
  2.46585727e-01 -9.01375189e-02  1.58620879e-01 -3.51569623e-01
 -1.14736743e-01 -2.96449453e-01  5.48331486e-03 -1.30706236e-01
  2.34336749e-01  1.57071605e-01  3.78560901e-01  1.92174576e-02
 -4.70849574e-02 -2.29448184e-01 -1.19566746e-01  9.84837394e-03
 -1.13825642e-01 -3.79086852e-01 -3.41181504e-03 -3.14069204e-02
 -4.69798446e-02 -1.01788074e-01  1.77860320e-01  7.61024579e-02
 -2.38618419e-01  1.10178418e-01  4.64948975e-02 -1.80286616e-01
 -5.72117902e-02 -1.38900489e-01  1.74211226e-02 -8.80822092e-02]


第6类： ['有些问题想沟通一下', '有问题再沟通']
语义向量：[-0.13039222 -0.00559699 -0.13694022  0.07605534 -0.27137072 -0.05391469
 -0.10186538  0.00957472 -0.0526719  -0.01097335  0.01739486 -0.14167562
 -0.16369513 -0.12004414  0.02132884 -0.05810329 -0.06209821  0.05086439
  0.02926609 -0.11013738 -0.01920791  0.04738334  0.19532459 -0.05150182
 -0.14962263  0.0885458  -0.1781678  -0.29696922 -0.16107133  0.10234764
 -0.27470595  0.03738528 -0.08729319 -0.21335516 -0.14060118 -0.00974418
  0.15546913 -0.02430829  0.2497403  -0.12457455 -0.12170627  0.10326993
  0.03670695  0.12794279 -0.1034263   0.01078547  0.06633731 -0.10223386
 -0.11995988 -0.07677563  0.06240411  0.11737234 -0.05434872 -0.16327985
  0.24457004  0.20037834  0.15779763 -0.14324503 -0.02585095 -0.16119625
  0.16129415  0.270476   -0.03430795 -0.25362708 -0.01667527 -0.19979684
  0.16502316 -0.13792588 -0.09566388 -0.1303258   0.19214088  0.20637416
 -0.16046468 -0.00780376 -0.06967467 -0.12841577 -0.04456054  0.32893828
 -0.04459437  0.03321303 -0.02536304 -0.07902916  0.17385323 -0.01719396
  0.05621961  0.11024036  0.00466781  0.07895527  0.04635964  0.00135744
 -0.05772229 -0.07966786 -0.04779225 -0.0191004   0.27947081 -0.05068135
  0.00389129  0.02362583 -0.0390679   0.05426452  0.10310864 -0.15299344
  0.1425284   0.1032391  -0.03782706  0.10299337  0.07009289  0.09215303
 -0.0310393   0.02615632 -0.10334349 -0.27786162 -0.05288196  0.0971445
  0.17081695 -0.14521273 -0.0293884   0.14356361 -0.10949208 -0.09087654
 -0.04802486 -0.01406558  0.09149405 -0.00327449  0.01954707  0.03454192
  0.03497312  0.01744631  0.10752346  0.2331107  -0.00060659 -0.01677201
  0.13829574  0.23523773  0.07370357  0.1167708   0.10989719 -0.16416836
 -0.06722357 -0.11607497 -0.05566934 -0.05663074  0.11534419  0.1412323
  0.18166164 -0.1196277  -0.0528506   0.04756116  0.13463806 -0.11335978
  0.06180867 -0.17902324 -0.15166752 -0.04047252  0.2779048   0.08651309
  0.11821038 -0.12960178 -0.02235204  0.08930723  0.22022098 -0.1477917
  0.11498033  0.30712178  0.0550265  -0.06576129 -0.18116274 -0.08580424
 -0.13625953  0.09476836  0.18487992 -0.14420949  0.00406698 -0.0870027
  0.10849547 -0.01929507 -0.1694334   0.05048575  0.09244207  0.12466045
  0.24086859  0.06234081  0.08195212  0.13738143  0.15473181 -0.10496682
  0.08488247 -0.12892177  0.06883063  0.1413646  -0.00638446 -0.14395365
 -0.05647765 -0.03633263 -0.00490733  0.0300995  -0.11291016 -0.00673291
 -0.11484613  0.00666705 -0.20493626 -0.07221048 -0.05250205  0.16517287
 -0.07083158 -0.13949407  0.14835102  0.34374866  0.1017813   0.16364761
  0.07350613 -0.2765211  -0.18117641 -0.01969283  0.11478076 -0.02654083
 -0.03297227  0.04655467  0.19857439 -0.00227254  0.10005173  0.15794221
  0.10387613  0.05540342 -0.10914836  0.22321097  0.28767872 -0.00641064
 -0.00889324 -0.03078527 -0.19215171 -0.1926226  -0.06437268  0.1023808
 -0.03191504  0.12789792 -0.18668895 -0.25512518 -0.06812708  0.02228021
  0.28339271 -0.10160992 -0.05568993 -0.01204273 -0.09240925  0.02291999
 -0.09990536  0.18689029  0.11929318 -0.14074396 -0.18253393 -0.16608085
 -0.17798707 -0.02971258  0.02835798 -0.01995157  0.15692033 -0.07914597
 -0.25580273  0.02372841 -0.01704217 -0.084089   -0.01772763 -0.11088177
 -0.11615761 -0.02282893 -0.0705537   0.02605163  0.06156839  0.01730723
  0.03119013 -0.18389458 -0.01486014 -0.06708695  0.02804926 -0.12774975
  0.26078799  0.03102645  0.11330087  0.01452368 -0.13674678 -0.06623635
 -0.01079967  0.01065089 -0.10571806 -0.14162753  0.06965339 -0.03149005
  0.02842151 -0.19271281  0.24413195  0.02264848 -0.07614517  0.15773246
  0.00731799 -0.2010943  -0.11315701 -0.12753788 -0.06122571 -0.13609633]


第7类： ['倒不是钱的问题', '我想简单问一下费用问题', '我想询问一下费用问题', '还有实施及费用问题', '还有延时方面的问题', '那这个费用问题是多少']
语义向量：[-0.05800955 -0.0835774  -0.03262026  0.04172313 -0.01477254 -0.03365677
  0.0245333  -0.00276752 -0.02978851 -0.08830984  0.04341281  0.06432254
 -0.10338937  0.0361447   0.11386825 -0.06205811 -0.05772913 -0.00287363
 -0.05933862 -0.02511567 -0.02320961  0.06441088  0.02868395 -0.03414893
 -0.1405559   0.15775794 -0.05584011 -0.12125571  0.04411383  0.00299454
 -0.14781604  0.11737959 -0.04486016 -0.03212243 -0.19128972 -0.122717
  0.04769831 -0.09055805  0.14068793 -0.16405696 -0.06275721  0.03334643
  0.01589897  0.03051174 -0.07392349  0.03072839  0.02902172 -0.13489253
  0.04894486  0.04846079 -0.02760523  0.15416372  0.01332659 -0.07569006
  0.00269523  0.13458563  0.07716338 -0.00540694  0.00124843 -0.15264553
 -0.03682015  0.1691093   0.0015523  -0.15696261 -0.10134238 -0.08018577
 -0.02132215 -0.10038018 -0.08033558 -0.15671596  0.01404832  0.10894431
 -0.02366799  0.02888533  0.05578527 -0.18778915 -0.00850152  0.17209311
 -0.00599983  0.01440549 -0.11672957  0.03033918  0.24232686 -0.12040672
 -0.08722392  0.03875451  0.02327263  0.03692991  0.06922999  0.00309423
  0.05055511 -0.13752393 -0.01073453 -0.05297347  0.09351769 -0.05081079
 -0.01789128 -0.01624355 -0.01122877  0.12206423  0.00228942 -0.10291808
 -0.08337505  0.14766162  0.01989128  0.02243733  0.0511439   0.04148113
  0.07374837  0.12034921 -0.04503234 -0.20656296 -0.10752032  0.029611
  0.04088115 -0.15438854 -0.00136408  0.13828686 -0.14790113  0.00309259
 -0.04574116 -0.13210395  0.03618428  0.01855745 -0.00697536  0.02568023
 -0.09768908  0.02257924  0.02616845  0.19667385  0.10867119 -0.07871404
  0.18306517  0.10302609  0.11162955  0.18345192  0.02933004 -0.20019365
 -0.01490372 -0.20882524  0.0093134  -0.10770677  0.01223825  0.0632447
  0.14921762 -0.11844571 -0.06911758  0.00534471  0.22495866 -0.03842685
 -0.07458894  0.04398444 -0.03264172 -0.01400761  0.10374391 -0.03035361
  0.01273279 -0.04260361 -0.02036795  0.17570764  0.2135993  -0.09527312
  0.05000078  0.2484775  -0.14792887  0.07749743 -0.20940648 -0.0688887
 -0.00479092 -0.05022242  0.02671545  0.04118405  0.00649612  0.07419973
 -0.00352901  0.00550831 -0.08219079  0.0849815   0.03846689  0.06847282
  0.13676467  0.14481386 -0.03300909  0.08392092  0.05711796  0.05271846
  0.01755707 -0.07750155  0.00471837  0.01179778  0.03600863 -0.07086704
 -0.05073537  0.03923946 -0.1116123  -0.00698636 -0.14967837  0.09563312
  0.05073395  0.03526991 -0.11873847  0.07631116  0.03724776  0.0404198
 -0.01703998 -0.03723645  0.020476    0.04674727  0.09923555  0.02714312
 -0.01322038  0.02292675 -0.05709828 -0.14889606  0.05760464 -0.20578901
  0.05511403  0.12411391 -0.00352638 -0.00943989  0.04044269  0.06981605
  0.12821845  0.02085574 -0.05627656 -0.03007454  0.060066    0.02013738
 -0.03290731  0.02370737 -0.14769605 -0.10044156 -0.0210171   0.0989921
  0.03075975 -0.02216472 -0.14924992 -0.07031508 -0.06570996  0.08873904
  0.10335136 -0.02048592 -0.0847196   0.00364369 -0.00565716 -0.05762748
  0.01781317  0.07658706  0.14230767 -0.05642401 -0.05557017 -0.22647913
 -0.12531098  0.03727963 -0.05423194 -0.0300793   0.106672   -0.00998758
 -0.03505647  0.03447381  0.00790047  0.02201438  0.05866466 -0.14723915
 -0.00393705 -0.07740674 -0.08437444  0.05408354  0.15523181 -0.05103165
  0.07211591 -0.1761186   0.00508219 -0.14453173 -0.00035336 -0.03220688
  0.16654546  0.06806303  0.19365197  0.02782243 -0.02129409 -0.11469456
 -0.08905504  0.04018643 -0.0114219  -0.22533514  0.06135318 -0.0375795
  0.00866334 -0.00450916  0.02352677  0.06441088 -0.15501837 -0.01775023
  0.06694501 -0.01306047  0.08595024 -0.08868801  0.0034459  -0.04933743]


