第1类： ['不过我们有和日本的母公司进行视频会议的需求', '主要是异地的视频会议需求', '公司有这方面的视频会议系统的一个需求', '刚才你们同事打电话咨询我的产品需求', '只是客户有新的需求', '基本的视频会议需求免费的钉钉的都可以了', '大概的需求就是手机电脑都可以用', '对于呼叫中心我只需要自动拨号和录音两个功能需求', '对硬件有什么需求吗', '您好我们这边是有一个一对一在线直播的需求', '我们公司有一个视频会议系统的需求', '我们单位有视频会议的需求', '我们是电脑公司有客户需求', '我们最近有视频会议这方面的需求', '我们有产业园区云视频会议系统建设需求', '我们的需求是需要采购一个对客培训的系统', '我想咨询一下有没有岗位需求', '我的需求是视频会议系统的终端装在船上', '我这边主要是需求是视频会议', '我这边有电话会议系统的需求', '我这边杭州公司有视频会议解决方案的需求', '或者对硬件有什么需求你们也可以给我们方案', '有一些国际视频会议的需求', '有没有针对我的需求场景的产品实施', '这个也是按照客户需求提供方案', '遇到有客户对视频会议这块有需求', '高清视频对设备带宽的需求是多少']
语义向量：[ 2.16025997e-02  1.02393756e-01  8.76347109e-02  1.47392727e-02
 -1.72423786e-01 -9.03743766e-02 -3.12593643e-02  4.34763298e-02
 -1.82769938e-01 -9.87746031e-02 -7.75216943e-02  2.19474695e-02
 -3.22531185e-03  2.37281293e-02 -1.34040313e-02 -1.35769611e-01
 -4.62855567e-02 -1.34595952e-01  2.98691814e-02 -1.28895495e-01
  1.37032844e-01  1.24694369e-01  1.29130446e-01 -1.92668527e-01
 -1.24493297e-01  8.80591503e-02 -4.58730109e-03  5.78765034e-02
  8.55580924e-02 -4.30975313e-02 -1.83138292e-01 -1.47493361e-01
 -1.44610190e-01  2.41907330e-02 -9.79585165e-02  3.19591944e-03
 -1.23127449e-01 -7.56485321e-02  1.38665262e-01 -2.02972840e-01
 -8.99628411e-02 -2.22967075e-03  7.17438079e-02  2.70466052e-01
 -1.06126386e-01  1.22185354e-01  6.85214015e-03 -1.82685282e-01
  8.09224128e-02 -7.46113732e-02 -1.39418416e-01  1.12525579e-01
  1.67196184e-01 -7.01285840e-03  2.28173504e-02  1.24783504e-02
  2.39885985e-02 -1.19511018e-02  3.77980956e-02 -2.15283375e-01
  9.43316500e-02  1.77808072e-01 -2.32695257e-02 -1.81289780e-01
 -1.96103748e-01 -2.98270811e-02 -1.44322041e-01 -2.68089899e-01
 -8.44083735e-02 -2.29235304e-01  1.01375656e-01 -8.73984178e-02
  4.83860202e-02 -8.85208590e-02 -1.34663072e-01 -1.16075740e-01
 -1.54423560e-02  2.10044674e-01  3.92252483e-02 -2.02876510e-01
 -2.60684816e-01  6.95285140e-02  8.04624742e-02 -1.91616503e-01
 -7.25457186e-03  1.23865997e-01  1.70389605e-01 -3.31962122e-02
 -8.39509532e-03  1.20686858e-01  2.05476364e-01 -1.70716217e-01
 -1.99841008e-02 -1.21957429e-01 -3.52221602e-02  2.15427636e-02
  1.84207192e-01 -6.35303845e-02  1.05758894e-01  4.17956216e-02
  1.95307273e-01 -9.67047624e-02  1.82608109e-02 -2.41260776e-02
 -4.78698986e-02 -1.99938489e-01  9.60724892e-02  1.44976095e-01
 -6.52077995e-02  9.49779609e-02 -1.83470093e-01  4.70829817e-02
 -1.12885086e-01 -5.32727294e-02  1.06308681e-01 -1.86947477e-01
 -7.00794326e-02  1.22325972e-01 -6.52541727e-02  2.68063506e-02
 -5.40140819e-02 -2.12275077e-01 -1.45394577e-01 -2.05787343e-01
  1.68318176e-02  2.00102271e-01 -8.43799363e-02  4.53020319e-03
  1.48391954e-01 -2.84298751e-02 -1.99705483e-01 -1.60435294e-01
  1.08172467e-01  2.04814260e-01  1.84612488e-01  2.60767766e-01
  1.02072530e-01 -2.17359206e-01 -1.40968437e-01  9.63928103e-02
 -8.53057649e-02  9.78478238e-02 -9.98924221e-03 -1.50936038e-01
  1.27768399e-01 -1.57222187e-01 -1.13272784e-01  3.78780170e-01
  1.06330824e-01  2.83478444e-02 -3.70119392e-02 -4.95397635e-02
  8.22386587e-02  8.02676978e-04  1.09502552e-01  5.11135943e-02
  1.83270951e-01 -1.84223891e-01  1.22057380e-01  3.02494064e-01
  1.73296311e-01 -6.34516404e-02 -1.07882598e-02  3.55732706e-01
 -1.56955317e-01 -3.90408679e-02 -9.49774724e-02 -2.09668016e-01
 -4.26993813e-02 -3.19109682e-02  3.82847617e-02 -1.57102220e-01
  1.69184571e-02  1.22886747e-01 -1.40721271e-01  8.24656553e-02
 -2.35767911e-01  1.48206884e-01  1.35919397e-01  1.35630891e-01
  1.18030106e-01  4.46765786e-02  1.12544076e-01 -2.80886655e-02
 -1.31344003e-01 -1.23036222e-01 -1.08463486e-01 -4.36186503e-02
 -2.18167995e-01  8.38656889e-03 -4.84645652e-02  7.96198972e-02
  5.17149876e-02 -4.15989437e-02  5.92058516e-02 -2.79815149e-02
 -8.77249350e-02  2.28302956e-01 -3.62772439e-02  2.25280223e-02
 -1.52693115e-01 -7.08170247e-03 -5.00868312e-02  1.54448988e-01
 -2.58241223e-02  5.53843753e-03 -4.89326842e-03 -4.10629748e-02
  1.09755048e-01  8.08867403e-02 -4.96127971e-02  8.81640379e-04
 -2.04185492e-01 -2.45166685e-01  2.38086299e-01  2.03208812e-02
  4.99961281e-02  4.31323269e-02  3.63866077e-02  1.04451052e-01
 -2.89967773e-03  6.72676890e-02  7.35665941e-02 -8.10829907e-02
  7.09805684e-03  1.10272534e-01  6.11731455e-02 -3.10712725e-02
  1.39145201e-01  1.83425759e-01 -5.19598137e-02 -1.11789780e-01
 -1.29194716e-01 -8.71143614e-06  6.98045334e-02  8.33930545e-02
 -2.51140649e-01 -3.70428734e-02  5.73698343e-02  1.61852160e-01
  9.52580385e-02  1.20816066e-01 -8.57172443e-04 -1.08766973e-01
 -1.98181192e-02 -8.46745604e-02 -6.92980416e-02  1.15591092e-01
  1.27978500e-01 -1.80519494e-02 -3.27611916e-02 -1.42486526e-01
 -8.04350782e-02 -3.76884864e-02 -8.57231935e-02 -2.76909280e-02
  9.10469204e-02 -1.95321169e-01 -5.18790807e-02  2.32370300e-01
  1.49559878e-02 -9.62500615e-02  6.92793015e-02 -1.56202906e-01
  5.92857250e-02 -1.25283807e-01 -3.00983890e-02 -8.39619537e-03
  1.69367477e-01  1.82450657e-03  8.10316835e-02 -1.29169395e-01
  1.48069349e-02  1.84032739e-02 -1.03721273e-01  5.39307966e-03
  2.77338171e-01 -1.63763973e-02  8.25781029e-02 -1.05341038e-01
 -1.57029991e-01  1.05958038e-02  1.22042110e-02  7.11597385e-02
  7.33535199e-02 -2.89419113e-01  5.71235969e-02 -9.99871330e-02
  5.41420062e-02 -3.96471593e-02 -4.45446720e-02  9.63605594e-02
 -9.05290089e-02  8.01979474e-04  7.02200976e-02 -9.72599655e-02
  2.33352452e-01 -2.57167463e-02 -1.47361600e-02 -5.25871754e-02]


第2类： ['两个终端的需求', '公司有个需求', '具体需求是', '又发起需求', '大概需求是', '就是这个需求', '就这个需求', '我们提供需求', '我们有个需求', '我们没需求', '我们需求是', '接口需求呢', '无国外需求', '有发起需求', '有国外需求', '等等的需求', '还有个需求', '这样的需求', '这边有个需求', '都有需求', '需求不大', '需求具体多少', '需求大概十几', '需求很多了', '需求指参会人数么', '需求是多少', '需求是多少', '需求是指', '需求是每月', '需求最高峰同时', '需求还没定']
语义向量：[ 0.00812095  0.26735294  0.30362734  0.14249245 -0.40342258 -0.16492307
 -0.19376127  0.19318998 -0.38412704 -0.26553851 -0.02135152 -0.01236651
  0.00176401 -0.02546021 -0.05329399 -0.32049907 -0.00213383 -0.33437223
  0.20044081 -0.27691107  0.47749735  0.24551518  0.23789279 -0.41406659
 -0.01506359  0.1862408  -0.02169818  0.28352461  0.20128705  0.01627576
 -0.23396975 -0.10879865 -0.34365585  0.13047124 -0.08841307  0.15269998
 -0.31609746  0.06755169  0.39047941 -0.61243615 -0.0641951   0.1034238
  0.265168    0.34544169 -0.13612409  0.27940606  0.05008814 -0.51749425
  0.03734585 -0.37394473 -0.16220642  0.11937006  0.30011577  0.09422364
  0.2135984  -0.03830343 -0.0428712  -0.00485176  0.187857   -0.47949718
  0.15754627  0.36024916  0.09022694 -0.17808565 -0.21139089  0.05533769
 -0.36484264 -0.48489678 -0.11770074 -0.28465163  0.1775351  -0.25368844
  0.15701035 -0.31555277 -0.36187157 -0.24801817  0.19213907  0.21133128
  0.14084987 -0.28396158 -0.56619013  0.06417391 -0.08945177 -0.41575376
  0.11296686  0.25367114  0.3538874   0.00121966 -0.03512978  0.10349854
  0.24001388 -0.26802937 -0.11339961 -0.09649537 -0.16230606  0.20515268
  0.36999337 -0.23533715  0.2295325   0.13239204  0.35074326 -0.10128926
 -0.07293661 -0.3119367  -0.11437513 -0.37890508  0.33112292  0.09265763
 -0.1536118   0.23979446 -0.35221733  0.18499782 -0.19411957 -0.30169914
  0.2707803  -0.49709918 -0.16712337  0.19473094  0.09152312  0.20152305
 -0.29117937 -0.2799039  -0.20012598 -0.58801625 -0.10116846  0.44897967
 -0.25064527  0.03992556  0.1662258  -0.2099449  -0.3353152  -0.3270105
  0.00850872  0.44886692  0.26792775  0.45316034  0.19567348 -0.06876065
 -0.32751635  0.11034103 -0.07735201  0.21615919 -0.34425126 -0.50710357
  0.23805095 -0.31850651 -0.17365836  0.68659454  0.15823603  0.01636318
 -0.16671553 -0.15612521  0.24457385 -0.12838829  0.24644517  0.04062987
  0.50067307 -0.08510255  0.13529727  0.68516652  0.26383234 -0.04280318
 -0.11435289  0.71123802 -0.28737921 -0.1833261  -0.06296549 -0.34672133
 -0.19631664  0.04777306  0.12185446 -0.23555728  0.03285707  0.34817905
 -0.43470662  0.3043768  -0.53115136  0.13450474  0.10618483  0.21356842
  0.14089186  0.05044755  0.16399986  0.04533494 -0.12988798 -0.38053598
 -0.11522271 -0.05306224 -0.46030531 -0.1067826  -0.12658969  0.17040407
  0.07018165 -0.0085365   0.34829196  0.0232132  -0.20546066  0.2421416
  0.07755322  0.05955507 -0.1728429   0.15760484  0.0231323   0.39450638
 -0.03007033  0.16219547 -0.15275982 -0.23915459  0.02778223  0.11917909
 -0.21030805 -0.00695577 -0.3959101  -0.48901214  0.37128674  0.03016514
  0.18158731  0.07157775  0.20374272 -0.00938913  0.03890744  0.21170366
  0.10294547 -0.15968926  0.04573127  0.07709139  0.02821628 -0.07184677
  0.39182844  0.48511648 -0.18009754 -0.1382816  -0.31482508 -0.22105103
  0.13274515  0.3407008  -0.35895672  0.01404745  0.23332395  0.05456239
  0.12179003  0.30244768  0.11238754 -0.22629131 -0.02771661 -0.12035988
 -0.22886593  0.25940105  0.20004742 -0.04401654  0.02064455 -0.24661909
 -0.04280698 -0.02004551 -0.20671159  0.03557082  0.30072044 -0.35287095
 -0.10601021  0.52600637 -0.02213752  0.00369444  0.08717447 -0.08628182
 -0.05414258 -0.1035863  -0.10316142  0.10518865  0.4287422   0.0239279
  0.21648148 -0.2353253  -0.15297658  0.00116735 -0.28284836 -0.08777715
  0.38716101  0.01988485  0.23427999 -0.29807168 -0.20622993  0.06359226
  0.06867333  0.36990619  0.03541872 -0.56199141 -0.08686949  0.03155317
  0.06697516 -0.12181405 -0.05691183  0.08314134 -0.18603213 -0.04363424
  0.15874418 -0.14538738  0.38273262 -0.05133044  0.12423131 -0.01884402]


第3类： ['两种需求都有', '什么叫多少需求', '以上是客户需求', '你有需求调查表吗', '你说的需求', '公司需求会议室比较多', '具体需求没有给我', '后期需求是指什么', '大概需求是多少', '如果有进一步的需求', '如果符合我们需求', '对网络有什么需求', '就是最基本的需求', '就是费用跟需求有关系', '就能满足需求了', '您指的需求多少', '我们客户的需求只是', '我们是首次需求', '我们有两个需求', '我们有很多种需求', '我们有这个产品需求', '我们现在的需求', '我们的需求不定', '我们的需求很小型', '我们的需求很简单', '我们的需求是', '我们的需求是', '我们的需求是', '我们的需求有两种', '我们这的需求是', '我们这边有个项目需求', '我们需求不大', '我们需求是一般', '我先提出我的需求', '我司有合作需求', '我有个客户需求', '我有个需求', '我有这样一个需求', '我的需求在', '我的需求少呢', '我的需求是', '我的需求是', '我的需求是', '我的需求比较简单', '我这边的需求', '我这边的需求是', '我这边需求大致是', '按照我的需求', '接口需求是啥', '是同事提出需求', '暂时只有这个需求', '有这方面的需求', '有这样一个需求', '有需求才想试用啊', '有需求需要了解一下', '根据我的需求', '没有什么特殊需求', '满足几十人参会需求就行', '目前比较小需求', '目前还在需求分析阶段', '目前需求点数在', '还有培训讲课的需求', '这个功能需求的配件', '这个需求能满足吗', '这是主要的需求', '这是我们的需求', '这是我们的需求', '这边有远程教育的需求', '都是有需求的', '需求包括哪些内容', '需求可以量化吗', '需求可能不是很多', '需求场景指的是什么呢', '需求是多少怎么理解', '需求是指什么', '需求是集团公司与', '需求直接给您说', '需求见面再说吧', '需求这个怎么判断']
语义向量：[ 1.42091586e-02  1.80518605e-01  2.05095575e-01  9.85599310e-02
 -2.68101623e-01 -1.20100196e-01 -1.29331757e-01  1.29458684e-01
 -2.64867050e-01 -1.84937386e-01 -1.50474501e-02 -1.54839336e-02
  9.07555169e-03 -1.60316638e-02 -3.46442736e-02 -2.17808222e-01
  3.84080655e-03 -2.25704279e-01  1.35564757e-01 -1.89639531e-01
  3.17233048e-01  1.59763933e-01  1.67104628e-01 -2.73942637e-01
 -3.15694533e-03  1.22391972e-01 -1.44532909e-02  1.90630573e-01
  1.42898596e-01 -3.75568974e-04 -1.67656886e-01 -7.35166149e-02
 -2.31139633e-01  7.55517891e-02 -6.37720064e-02  9.67753757e-02
 -2.19641912e-01  3.05641522e-02  2.65795786e-01 -4.14090357e-01
 -5.12404940e-02  6.44800359e-02  1.83698240e-01  2.46565912e-01
 -9.29711905e-02  1.84297501e-01  3.21977758e-02 -3.50346229e-01
  3.17515467e-02 -2.51023764e-01 -1.14282139e-01  8.78914785e-02
  1.97098163e-01  6.29277974e-02  1.45749293e-01 -2.22441175e-02
 -2.72408542e-02 -5.94526238e-04  1.23021271e-01 -3.30627883e-01
  1.09499071e-01  2.49656130e-01  5.85552521e-02 -1.23030952e-01
 -1.50308155e-01  2.97189210e-02 -2.45866249e-01 -3.37012305e-01
 -9.41027129e-02 -2.01072428e-01  1.20138766e-01 -1.72129986e-01
  1.04506805e-01 -2.07930315e-01 -2.54848387e-01 -1.61681926e-01
  1.23174702e-01  1.53222645e-01  9.69880928e-02 -1.97356995e-01
 -3.88014040e-01  4.68767074e-02 -6.00491142e-02 -2.83726155e-01
  7.23151116e-02  1.83720682e-01  2.45831390e-01  1.29514110e-03
 -2.59098852e-02  7.37574030e-02  1.70474190e-01 -1.76902583e-01
 -7.73064883e-02 -6.40457734e-02 -1.06563456e-01  1.35124042e-01
  2.54867375e-01 -1.44351997e-01  1.50311484e-01  8.84523672e-02
  2.46538487e-01 -7.07948472e-02 -4.44706605e-02 -2.09643992e-01
 -8.32903995e-02 -2.65225163e-01  2.20269163e-01  7.51326728e-02
 -9.72333782e-02  1.69291617e-01 -2.47737725e-01  1.21216640e-01
 -1.48978889e-01 -2.00972899e-01  1.94533591e-01 -3.32499747e-01
 -1.09635484e-01  1.27574886e-01  6.74140549e-02  1.26932546e-01
 -1.85973785e-01 -1.97685846e-01 -1.44740588e-01 -4.01872700e-01
 -6.64483319e-02  2.95572280e-01 -1.71862675e-01  2.56307473e-02
  1.14724197e-01 -1.37718571e-01 -2.32787260e-01 -2.28377368e-01
  6.04865988e-03  3.15428819e-01  1.90932352e-01  3.02581719e-01
  1.29052667e-01 -4.85684317e-02 -2.22556560e-01  6.92401893e-02
 -5.54520732e-02  1.43096912e-01 -2.26264857e-01 -3.43626129e-01
  1.63771873e-01 -2.15292398e-01 -1.25434397e-01  4.70346266e-01
  1.15514206e-01  1.42264397e-02 -1.15464729e-01 -1.08927789e-01
  1.61940088e-01 -8.18281248e-02  1.72858461e-01  3.01284696e-02
  3.29476263e-01 -5.94535978e-02  9.79303094e-02  4.60569636e-01
  1.78366658e-01 -2.29120758e-02 -7.79759461e-02  4.79431421e-01
 -1.96228427e-01 -1.21702635e-01 -4.30551564e-02 -2.46813451e-01
 -1.37040108e-01  3.59045293e-02  7.69287445e-02 -1.61986511e-01
  2.47767320e-02  2.35579803e-01 -2.89676314e-01  2.04925485e-01
 -3.73273544e-01  1.01748153e-01  8.40531929e-02  1.48611214e-01
  9.77928174e-02  3.23265390e-02  1.15505803e-01  3.18708675e-02
 -9.17947078e-02 -2.62561913e-01 -7.78110688e-02 -3.62446952e-02
 -3.16973093e-01 -7.14441519e-02 -8.95371081e-02  1.09938896e-01
  4.82868783e-02 -4.63780706e-03  2.30704566e-01  1.77364454e-02
 -1.38342403e-01  1.69497660e-01  5.12703425e-02  3.96711870e-02
 -1.20713789e-01  1.01402151e-01  1.91551599e-02  2.71453546e-01
 -1.21682273e-02  1.07095194e-01 -1.10542973e-01 -1.50606484e-01
  2.93244166e-02  8.55754887e-02 -1.41904515e-01 -8.56036546e-03
 -2.68438707e-01 -3.27682762e-01  2.58346527e-01  1.64722705e-02
  1.14945264e-01  5.15231695e-02  1.42560048e-01  4.76502514e-03
  2.97786168e-02  1.48429255e-01  7.52089583e-02 -1.06174251e-01
  2.25403009e-02  6.12170118e-02  2.16659580e-02 -5.39797767e-02
  2.54445845e-01  3.31626052e-01 -1.26956636e-01 -1.01297015e-01
 -2.22558295e-01 -1.48947996e-01  9.04597086e-02  2.27331752e-01
 -2.49840188e-01  1.93918091e-03  1.47561034e-01  4.61196618e-02
  8.89811553e-02  2.13142788e-01  7.79044064e-02 -1.49410707e-01
 -1.52244678e-02 -7.72819890e-02 -1.53478866e-01  1.81038141e-01
  1.38927506e-01 -2.73122526e-02  1.00802486e-02 -1.73504952e-01
 -3.16842626e-02 -1.35941324e-02 -1.50743989e-01  1.99815255e-02
  2.05345622e-01 -2.39815807e-01 -6.47394958e-02  3.63469981e-01
 -1.82905111e-02 -5.60241078e-03  5.87431219e-02 -6.46014460e-02
 -2.70306858e-02 -7.44228020e-02 -7.70347853e-02  6.60538697e-02
  2.89563958e-01  1.65470074e-02  1.56210815e-01 -1.65344811e-01
 -1.00127177e-01  9.37765471e-03 -1.85355466e-01 -6.47244916e-02
  2.79970547e-01  1.48123525e-02  1.66112542e-01 -1.99195514e-01
 -1.52027354e-01  4.12438602e-02  4.09601528e-02  2.46928320e-01
  2.34630539e-02 -3.90732259e-01 -5.33315122e-02  1.93046701e-02
  3.91218743e-02 -8.17097599e-02 -3.99207963e-02  5.94848964e-02
 -1.25888391e-01 -2.73576252e-02  1.10764841e-01 -9.71690494e-02
  2.54938425e-01 -3.63988121e-02  8.57291021e-02 -9.71066658e-03]


第4类： ['视频会议需求', '视频会议需求']
语义向量：[ 0.12043238  0.3037923   0.31870323 -0.04019263 -0.49162611 -0.44606966
 -0.06053077  0.14329466 -0.69461495 -0.31081206 -0.50906885  0.08727689
  0.13461438  0.24491118 -0.16146189 -0.43974572 -0.06395493 -0.30776507
  0.09578997 -0.30911273  0.48755869  0.39082822  0.66111612 -0.65921044
 -0.36920255  0.36988991 -0.03269643  0.36819184  0.36968404 -0.34139958
 -0.57499796 -0.63897848 -0.20966098  0.29839718 -0.37427127  0.06936456
 -0.40882084 -0.27467975  0.36887741 -0.72885156 -0.2211637  -0.0046964
  0.30892763  1.15219784 -0.48255384  0.50836122  0.19777371 -0.58537233
  0.45797324 -0.32591152 -0.4816058   0.37460095  0.66212732 -0.05421422
  0.25380462  0.01973106 -0.016112   -0.00283874  0.13025101 -0.69323498
  0.24765845  0.50308192  0.03509361 -0.56244516 -0.89770901 -0.05770093
 -0.7462827  -0.97956538 -0.25955656 -0.69342834  0.32117957 -0.47162968
  0.09749806 -0.34910637 -0.51858824 -0.23724467 -0.13113108  0.81431377
  0.24781775 -0.89975214 -0.74918091  0.28932363  0.36127788 -0.76170897
 -0.08366063  0.50842625  0.55782688 -0.41041347  0.19256084  0.59995919
  1.0906086  -0.68226492  0.22401449 -0.32513756 -0.08023369  0.191259
  0.72774112 -0.19855735  0.4557389   0.10526581  0.80347955 -0.35817295
  0.14332066 -0.01755503 -0.24576205 -0.88931847  0.41716605  0.58890092
 -0.28041524  0.57995725 -0.74810374  0.18268448 -0.47197881 -0.23526494
  0.35936293 -0.85041708 -0.29305196  0.48447376 -0.12919305 -0.05568761
  0.01349884 -0.70450681 -0.46655619 -0.70339155 -0.03235362  0.85485291
 -0.20545924  0.04336499  0.68184054 -0.38550651 -0.84415388 -0.60765964
  0.19827518  0.78788102  0.85378385  0.91486502  0.37664789 -0.79589826
 -0.48514482  0.53791916 -0.14525203  0.32899138  0.03201604 -0.45200461
  0.16052689 -0.68865514 -0.26724827  1.36038125  0.56254482  0.02576757
  0.00271624 -0.09406249  0.52026731  0.18245701  0.41996744 -0.02071494
  0.74511439 -0.68884051  0.4490065   1.16131985  0.42889661 -0.36611944
 -0.132081    1.16400278 -0.57679772 -0.20023853 -0.17936477 -0.82736832
 -0.05580324 -0.0984079   0.33332479 -0.43060306  0.12442437  0.28340894
 -0.53751028  0.42397836 -0.70431221  0.5579896   0.43389893  0.6001637
  0.27251998  0.13612252  0.3050454  -0.07387711 -0.5829736  -0.54855537
 -0.26537749 -0.12115906 -0.66314101  0.08720937 -0.05164258  0.27038261
  0.05499984 -0.07069645  0.24140695 -0.01525109 -0.30693263  0.80293691
 -0.03949527  0.12920977 -0.45086405  0.03832234 -0.26165709  0.47889405
  0.02264219 -0.00518832 -0.15023443 -0.2337918   0.4748638   0.48969159
 -0.21710551  0.21855907 -0.8519215  -0.88569862  0.89003348  0.06223445
  0.19142368  0.14459985  0.06620482  0.52730155 -0.12589808  0.09679425
  0.07359378 -0.38346627  0.06922229  0.2644881   0.22800654 -0.2369439
  0.47277719  0.83307439 -0.09038553 -0.43230051 -0.53849322 -0.15393539
  0.09044535  0.21599054 -0.84698653 -0.02944857  0.17867441  0.54158419
  0.36324406  0.72790527 -0.14708254 -0.36579511 -0.2296761  -0.19371837
 -0.28914574  0.40346441  0.38894653 -0.10397533 -0.20447174 -0.67460811
 -0.24240479 -0.31946737 -0.35279638 -0.20108646  0.35354167 -0.67300701
 -0.01422799  0.93027145 -0.16974312 -0.44807428  0.22988474 -0.53814775
  0.28407508 -0.65936494 -0.17935495 -0.10256289  0.70620877  0.05685884
  0.46805739 -0.61188948  0.13507858  0.05814559 -0.24427705  0.06179784
  1.06449366  0.0292257   0.18786764 -0.29918247 -0.66056216  0.00143916
 -0.0128683   0.10740879  0.24029338 -1.13482559  0.22612137 -0.3238903
  0.1700173  -0.16424324 -0.22521925  0.35968328 -0.38545144  0.16516869
  0.27504098 -0.51193482  0.89051962 -0.09624652 -0.06190757 -0.32938835]


第5类： ['客户需求', '客户需求']
语义向量：[ 1.54802427e-02  4.92243588e-01  2.85294771e-01  2.45232865e-01
 -7.43580163e-01 -2.89977968e-01 -9.88440365e-02  2.02894509e-01
 -6.77156866e-01 -6.06319487e-01 -2.64681250e-01  5.68392202e-02
 -8.40015337e-02 -2.30116304e-02 -1.19963326e-01 -6.46974087e-01
  5.33904973e-03 -6.90407872e-01  2.45087445e-01 -4.47813958e-01
  6.99445426e-01  4.72013861e-01  2.81390518e-01 -8.57423067e-01
 -6.76266924e-02  2.45652676e-01 -1.54989749e-01  2.32085034e-01
  3.72905970e-01 -1.63399652e-02 -5.08755863e-01 -3.21756989e-01
 -4.40746188e-01  3.81680131e-02 -1.67147428e-01  8.05271715e-02
 -4.16564733e-01 -2.16075182e-02  6.70356452e-01 -9.82432127e-01
 -3.06539327e-01 -1.02036968e-01  3.70021284e-01  6.29902303e-01
 -2.96844631e-01  2.14128554e-01  1.52104169e-01 -7.27391362e-01
  1.10077113e-01 -4.33001012e-01 -3.88403177e-01  2.38446921e-01
  4.91770744e-01  6.66840225e-02  3.07392180e-01 -8.72865319e-04
  3.09839904e-01 -2.65734009e-02  1.33369640e-01 -8.57853830e-01
  3.46758753e-01  6.69925570e-01 -5.56203872e-02 -6.39181852e-01
 -5.45385063e-01  1.43770725e-02 -4.53164220e-01 -7.85942793e-01
 -1.86767012e-01 -5.86769581e-01  4.39441979e-01 -3.94208074e-01
  1.13503560e-01 -6.71104670e-01 -3.08128893e-01 -3.56359392e-01
  1.37206003e-01  4.62886274e-01  2.26451173e-01 -4.28559780e-01
 -8.21641266e-01  8.50017443e-02  7.05702156e-02 -7.02804506e-01
  1.38657182e-01  4.22720641e-01  6.49978161e-01  2.25929677e-01
 -1.89536080e-01  1.44128457e-01  5.29429913e-01 -6.65307164e-01
 -3.06657463e-01 -3.66711199e-01 -2.67030209e-01  2.83739984e-01
  5.76921582e-01 -4.10113424e-01  3.10476363e-01  1.41695544e-01
  6.03957713e-01 -1.33205980e-01 -1.20379396e-01 -1.90806538e-01
 -1.27119213e-01 -4.82989699e-01  5.37272096e-01  4.84910876e-01
 -7.37228692e-02  5.01938999e-01 -5.25049806e-01  2.78390646e-01
 -1.48986906e-01 -4.13652897e-01  3.43461365e-01 -7.42351890e-01
 -4.45586592e-01  4.06762779e-01  1.29784435e-01  2.30231300e-01
 -5.94355941e-01 -4.93581891e-01 -3.69516641e-01 -8.03783238e-01
  2.29245275e-02  9.38507676e-01 -5.18132567e-01  9.42334458e-02
  2.42567256e-01 -3.99564773e-01 -7.72764385e-01 -6.33768082e-01
  2.99364269e-01  7.27378547e-01  4.74523306e-01  1.10746455e+00
  5.86598575e-01 -2.54285216e-01 -4.93719727e-01  1.57154217e-01
 -4.54717129e-01  3.53080153e-01 -4.45285410e-01 -8.24337304e-01
  4.57230568e-01 -7.56405830e-01 -4.29667294e-01  1.62249064e+00
  4.28971887e-01  1.23703331e-02  7.38183856e-02 -2.67381728e-01
  3.63766462e-01 -2.29724854e-01  2.93360710e-01  1.97900355e-01
  7.75942743e-01 -5.18873334e-01  2.96507657e-01  1.18710947e+00
  4.21642363e-01 -8.99322182e-02 -1.99534982e-01  1.37378883e+00
 -3.42629939e-01 -2.75200844e-01 -1.58525050e-01 -5.55516720e-01
 -1.73669428e-01  2.17682570e-02  1.76277593e-01 -5.45266926e-01
  9.50036570e-03  5.25343537e-01 -6.82294786e-01  3.71449053e-01
 -9.10900533e-01  2.95856208e-01  3.28293324e-01  3.46201658e-01
  2.11491704e-01  6.56152517e-03  3.72456491e-01 -6.44641370e-02
 -3.48411113e-01 -4.61377263e-01 -4.62567776e-01  2.29369029e-02
 -6.02694809e-01 -1.90383539e-01 -2.56902874e-01  4.51136678e-01
  1.93143412e-02 -9.07940865e-02  3.96487415e-01 -5.00474125e-02
 -5.42136431e-01  6.08264387e-01 -1.18316650e-01  6.47072941e-02
 -4.95172679e-01  4.15399671e-04  1.69555172e-01  5.72218239e-01
 -8.87688249e-02  7.20591694e-02  8.49530399e-02 -3.26893121e-01
  2.27321327e-01  1.82677299e-01 -1.72516659e-01 -2.40369350e-01
 -7.97271371e-01 -9.00814056e-01  5.74405789e-01  9.62174386e-02
  3.82022947e-01  1.75783187e-01  3.51373792e-01  2.77917236e-01
  1.21865883e-01  2.68810660e-01  8.34852383e-02 -2.21649513e-01
  4.87761572e-02  4.59852546e-01  1.99421853e-01 -1.00898549e-01
  6.25803053e-01  4.89417374e-01 -2.93339908e-01 -4.41584140e-01
 -3.53266478e-01 -2.20646828e-01  2.74505407e-01  6.59467220e-01
 -6.80943489e-01 -9.22210068e-02  2.93272853e-01  3.20381880e-01
  4.89200294e-01  4.10843343e-01  3.98503691e-02 -4.12239343e-01
 -9.49521065e-02 -3.34791690e-01 -2.91087955e-01  1.48104191e-01
  4.34639394e-01 -2.31169283e-01  2.25636307e-02 -4.25110579e-01
 -5.76312467e-02 -1.78825244e-01 -2.33766958e-01 -1.90823115e-02
  4.16126609e-01 -7.29416788e-01 -4.82238889e-01  8.90468299e-01
  8.73423666e-02 -1.50225759e-01  1.10866517e-01 -4.37206775e-01
 -3.77229899e-02 -3.41072798e-01 -2.37201959e-01  3.94877121e-02
  4.86461699e-01 -1.38094753e-01  3.71812642e-01 -2.89902568e-01
  4.58782613e-02  1.83896214e-01 -2.55826294e-01 -7.25167990e-02
  6.19129777e-01 -4.49409448e-02  4.06578720e-01 -3.02709550e-01
 -2.62333810e-01  4.67092358e-02  1.63310692e-01  2.55881876e-01
  1.60636961e-01 -8.97130966e-01  1.04025155e-01 -2.20007956e-01
  1.81736887e-01 -1.90376163e-01 -1.06736645e-01  2.07917988e-01
 -2.47888625e-01  1.18503720e-01  1.16973847e-01 -3.70647341e-01
  1.01371253e+00 -1.85438603e-01  9.57040191e-02 -5.76941222e-02]


第6类： ['主要需求是电话会议', '关于视频会议系统需求', '后期会有硬件视频会议需求', '我们有个视频会议需求', '我们有电话会议的需求', '我们有视频会议的需求', '我们有视频会议需求', '我有视频会议系统需求', '有视频会议的需求', '有视频会议需求', '满足远程视频会议需求', '目前是需求存电话会议', '视频设备有需求吗']
语义向量：[ 0.02893074  0.20272347  0.17381608 -0.04038206 -0.26631598 -0.1766937
 -0.00863332  0.04793775 -0.30331109 -0.1499489  -0.18308091  0.05600481
  0.0517705   0.05554067 -0.05321751 -0.2368672  -0.06841384 -0.18888029
  0.04698626 -0.20380041  0.23381016  0.20959187  0.29599003 -0.34867156
 -0.27358504  0.19257332  0.00994205  0.1360344   0.16497706 -0.11998305
 -0.31146848 -0.3503624  -0.2182142   0.09453115 -0.17015988  0.00380684
 -0.20054109 -0.15204437  0.19373319 -0.33126099 -0.12715141  0.02969156
  0.14320909  0.55223486 -0.22729932  0.22960095  0.03290863 -0.27964061
  0.21607527 -0.14033663 -0.23735632  0.17633943  0.3452227   0.00301258
  0.03157951 -0.01187565  0.01143378 -0.00934852  0.04324224 -0.33677534
  0.16645299  0.25323858 -0.04699112 -0.28124929 -0.38596392 -0.03241823
 -0.33542812 -0.47126729 -0.13997385 -0.43356318  0.13415739 -0.21206535
  0.13357143 -0.17632965 -0.23111925 -0.20253383 -0.06637161  0.4152666
  0.0800842  -0.39589737 -0.44683113  0.13103765  0.1714465  -0.34505903
 -0.05429125  0.20868134  0.28847221 -0.15524579  0.0087942   0.27959739
  0.40188628 -0.33260814  0.04311111 -0.20104643 -0.0544941   0.06050362
  0.34657907 -0.13305066  0.22054513  0.03703618  0.34519231 -0.21210324
  0.04002254 -0.02008339 -0.08682615 -0.39507628  0.14343773  0.30680596
 -0.13833879  0.16265579 -0.34669983  0.09034548 -0.16661921 -0.08558703
  0.20349955 -0.33559665 -0.1307284   0.2300432  -0.15366367  0.02276487
 -0.03894304 -0.3925741  -0.25425479 -0.37825751  0.02651523  0.36030145
 -0.09243087  0.02511433  0.31538906 -0.09171324 -0.39687446 -0.28980205
  0.20376169  0.36251535  0.3699461   0.44899289  0.14403919 -0.46625535
 -0.2095561   0.23627196 -0.09723727  0.18109875 -0.00907724 -0.23629798
  0.13842559 -0.28602844 -0.17659754  0.66068995  0.20261065  0.03728892
 -0.05247674 -0.05003393  0.17771368  0.03680339  0.17235365  0.04142098
  0.36270613 -0.37321236  0.22305855  0.53829926  0.29481361 -0.12579175
 -0.06374414  0.59118869 -0.29623374 -0.05883848 -0.11797946 -0.40754222
 -0.04315752 -0.05548511  0.08574588 -0.23540292  0.03296695  0.17248693
 -0.23527486  0.20329749 -0.37502409  0.32202911  0.23063699  0.23681927
  0.18051228  0.08557119  0.16857203 -0.09227156 -0.24942866 -0.24887678
 -0.16489689 -0.1150352  -0.39697296  0.07132945 -0.07141296  0.11926591
  0.10343092 -0.03256635  0.15097489 -0.061654   -0.14238444  0.4581971
 -0.08039708  0.05198218 -0.23521285  0.02217212 -0.14824688  0.24311406
 -0.04160684  0.01970494 -0.04010362 -0.14433473  0.21036115  0.1923202
 -0.11483498  0.06337668 -0.39831197 -0.45452342  0.46431764  0.06498536
  0.05624724  0.07104353 -0.00947569  0.22927197 -0.06710913  0.10559555
  0.12322568 -0.15522803  0.00215607  0.16776266  0.1026302  -0.05117825
  0.26421406  0.34125547 -0.07616391 -0.19269161 -0.25154743 -0.04920643
  0.06774694  0.10221947 -0.44581574 -0.05906696  0.10486773  0.3148298
  0.14394647  0.26969749 -0.04083171 -0.22855884 -0.06242016 -0.15424543
 -0.13570487  0.20750503  0.23149068 -0.05289838 -0.08166699 -0.31229104
 -0.14369293 -0.1089422  -0.1603635  -0.0800173   0.16999241 -0.33720525
 -0.03167002  0.44849477  0.01936887 -0.16505131  0.14606609 -0.30760608
  0.14082607 -0.27887355 -0.01306247 -0.02809473  0.36385412  0.0283547
  0.14456253 -0.25796846  0.05407848  0.01293208 -0.1721656   0.03450995
  0.52126048 -0.0402815   0.12299547 -0.14942887 -0.28943583  0.01725502
  0.0166856   0.08999871  0.14020331 -0.52537891  0.1129553  -0.20354339
  0.09866508 -0.0707745  -0.09800937  0.17575707 -0.15811715  0.03038051
  0.16477566 -0.19825553  0.43047396 -0.01199628 -0.01381358 -0.15244304]


第7类： ['什么需求', '什么需求', '参会需求', '后期需求', '我们需求', '我们需求', '我们需求', '正常需求', '目前需求', '需求就是', '需求就是', '需求待定', '需求的话', 'l需求']
语义向量：[ 1.54839137e-02  4.08585067e-01  4.64337526e-01  2.19899889e-01
 -5.75211274e-01 -2.52537625e-01 -2.94943577e-01  2.90328088e-01
 -5.78352817e-01 -3.89858256e-01 -1.93950312e-02 -1.89027190e-02
  1.80175652e-02 -4.89417551e-02 -8.48540978e-02 -4.69385986e-01
  1.99874274e-02 -4.82652673e-01  3.22471653e-01 -4.18985260e-01
  7.00644459e-01  3.52755566e-01  4.02486901e-01 -5.97526018e-01
  3.36711002e-03  2.72798059e-01 -3.86839937e-02  4.57716207e-01
  3.25849265e-01  3.69678118e-03 -3.40729685e-01 -1.58381037e-01
 -5.08527345e-01  1.98422390e-01 -1.33108414e-01  2.35092536e-01
 -4.98820373e-01  8.07802198e-02  5.76271870e-01 -9.18526283e-01
 -8.98225882e-02  1.62259235e-01  4.05604475e-01  5.27469869e-01
 -2.14854743e-01  4.22982514e-01  8.74745393e-02 -7.82072974e-01
  8.04329259e-02 -5.76443510e-01 -2.21200662e-01  1.66334693e-01
  4.40628863e-01  1.42816425e-01  3.53632078e-01 -5.22328998e-02
 -7.59111478e-02 -3.61326357e-03  2.77539436e-01 -7.19440281e-01
  2.54107943e-01  5.26701738e-01  1.43272374e-01 -2.32437032e-01
 -3.31937613e-01  9.80689313e-02 -5.74622214e-01 -7.38892393e-01
 -1.85106953e-01 -4.19966955e-01  2.52220069e-01 -3.80142687e-01
  2.33281572e-01 -4.83055924e-01 -5.76392361e-01 -3.58370342e-01
  2.91118058e-01  2.91959279e-01  2.19641007e-01 -4.31336194e-01
 -8.51454565e-01  8.22028113e-02 -1.52278951e-01 -6.07220918e-01
  1.47431938e-01  3.94367427e-01  5.09445525e-01 -8.93260253e-03
 -4.77782411e-02  1.73047160e-01  3.73018367e-01 -3.86683106e-01
 -1.62542067e-01 -1.18187308e-01 -2.33613198e-01  3.15010537e-01
  5.64143194e-01 -3.43047027e-01  3.46087185e-01  1.87428742e-01
  5.48875915e-01 -1.46902635e-01 -1.09578647e-01 -4.92166008e-01
 -1.90980798e-01 -5.94106095e-01  5.14767081e-01  1.28131148e-01
 -2.19907783e-01  3.68849194e-01 -5.44643870e-01  2.67904072e-01
 -3.09466258e-01 -4.73747696e-01  4.17473584e-01 -7.51854943e-01
 -2.49240645e-01  2.96803259e-01  1.59350509e-01  2.90971134e-01
 -4.13302605e-01 -4.48095813e-01 -3.08611725e-01 -8.85776192e-01
 -1.65225661e-01  6.53457007e-01 -3.68217013e-01  6.84370391e-02
  2.46040194e-01 -3.15398582e-01 -5.01752023e-01 -5.03355373e-01
 -1.33483639e-02  7.01807035e-01  4.19819851e-01  6.55061160e-01
  2.82554903e-01 -7.23938090e-02 -4.85687631e-01  1.46078947e-01
 -1.03190174e-01  3.29444919e-01 -5.25173941e-01 -7.68007994e-01
  3.54221742e-01 -4.66794414e-01 -2.61757529e-01  9.94042431e-01
  2.29903317e-01  1.92566593e-02 -2.63091688e-01 -2.32006150e-01
  3.72894883e-01 -1.59901985e-01  3.83131574e-01  5.49337708e-02
  7.70455305e-01 -1.14136982e-01  1.94492723e-01  1.02641889e+00
  3.83581051e-01 -6.64964199e-02 -1.75722409e-01  1.05875203e+00
 -4.35487894e-01 -2.76313514e-01 -7.88816283e-02 -5.49155469e-01
 -2.98923158e-01  8.99078399e-02  2.01850014e-01 -3.50405940e-01
  4.96159387e-02  5.27900266e-01 -6.52720370e-01  4.79483072e-01
 -7.92876244e-01  2.02631183e-01  1.71875998e-01  3.32182258e-01
  1.84565808e-01  6.98587381e-02  2.18202568e-01  7.59191460e-02
 -2.08919305e-01 -6.10161905e-01 -1.46971657e-01 -8.66111208e-02
 -6.66123652e-01 -1.61597573e-01 -1.83717573e-01  2.21153683e-01
  1.00762975e-01 -8.02834433e-03  5.35584824e-01  6.04111765e-02
 -3.08810300e-01  3.70044036e-01  1.14296739e-01  1.05644268e-01
 -2.42308457e-01  2.27016823e-01  2.46484644e-02  5.94752580e-01
 -3.02263655e-02  2.69671472e-01 -2.44539299e-01 -3.45400991e-01
  3.56688885e-02  1.74544394e-01 -3.13820132e-01 -1.01893369e-03
 -5.93406371e-01 -7.11014769e-01  5.54427649e-01  5.33991722e-02
  2.55467060e-01  1.15829848e-01  3.15707869e-01 -1.82385962e-02
  8.67457079e-02  3.32352872e-01  1.61007059e-01 -2.47946316e-01
  7.72436972e-02  1.06232944e-01  3.31839429e-02 -1.01514840e-01
  5.80751257e-01  7.49488443e-01 -2.55880818e-01 -2.04545584e-01
 -4.73439334e-01 -3.57156400e-01  1.90929551e-01  5.17726796e-01
 -5.23165426e-01  5.14309627e-03  3.38181591e-01  9.17620563e-02
  1.74188208e-01  4.91259249e-01  1.65720625e-01 -3.35527978e-01
 -5.36871076e-02 -1.50147289e-01 -3.41589121e-01  3.97781002e-01
  2.91948978e-01 -6.70602785e-02  3.41765528e-02 -3.94512543e-01
 -6.10863170e-02 -2.90522814e-02 -3.30293097e-01  4.44654774e-02
  4.75825082e-01 -5.15746700e-01 -1.26225449e-01  8.13097464e-01
 -6.02059202e-02 -5.33486173e-03  1.11190831e-01 -1.11268540e-01
 -8.29493582e-02 -1.51126850e-01 -1.71522227e-01  1.48690143e-01
  6.67590759e-01  6.16341396e-02  3.45174515e-01 -3.51253422e-01
 -2.32742546e-01  1.54022341e-02 -4.13039669e-01 -1.49680275e-01
  5.85306274e-01  5.38238306e-02  3.69521499e-01 -4.32126060e-01
 -3.18089586e-01  7.47938140e-02  9.21394436e-02  5.70429998e-01
  4.28200324e-02 -8.48569844e-01 -1.41041367e-01  7.74211011e-02
  9.40189974e-02 -1.97519603e-01 -9.02137017e-02  1.15462482e-01
 -2.81306788e-01 -5.33380487e-02  2.44901973e-01 -2.10734530e-01
  5.70007277e-01 -5.65744867e-02  2.12145604e-01 -4.74545444e-02]


第8类： ['发起电话会议需求', '方电话会议需求', '电话会议需求', '纯电话会议需求']
语义向量：[-1.81941226e-01  5.79094201e-01  3.61438185e-01 -2.15739176e-01
 -4.01792884e-01 -1.48140607e-01  6.00990169e-02  5.67247421e-02
 -2.79539861e-01 -2.63834447e-01 -1.01292949e-01  1.50315627e-01
  1.32174626e-01 -1.03468509e-01 -6.03538686e-02 -5.27286626e-01
 -4.98647802e-03 -3.71169455e-01  1.09922580e-01 -3.70076522e-01
  5.48042685e-01  3.84070963e-01  5.78908168e-01 -6.60032094e-01
 -5.79190090e-01  3.74146812e-01  9.89091429e-02  2.15064231e-01
  2.25022051e-01 -3.08953668e-02 -4.88903552e-01 -5.88703088e-01
 -4.53911118e-01  9.64753535e-02 -1.88271087e-01 -2.55432776e-02
 -2.94389628e-01 -7.23082237e-02  3.46352220e-01 -6.22745007e-01
 -9.06854519e-03  2.52058681e-01  3.91428165e-01  8.16135854e-01
 -3.44518229e-01  2.12706540e-01  7.16923680e-02 -3.27688031e-01
  4.99335147e-01 -3.47100146e-01 -2.28024773e-01  7.07221804e-02
  6.20855838e-01  1.24102239e-01 -1.35324970e-02 -3.08233355e-02
  6.71857931e-02  2.39003639e-02  8.87663867e-02 -4.57457043e-01
  3.67686048e-01  2.27324463e-01 -1.48137622e-01 -2.78893530e-01
 -3.97069879e-01 -2.37680823e-02 -7.13405117e-01 -5.93561217e-01
 -1.20147377e-01 -8.29332620e-01  1.47856111e-02 -4.31592509e-01
  5.66034853e-01 -5.47711432e-01 -2.44936709e-01 -5.95499709e-01
 -6.93386067e-02  7.00422555e-01  7.16948025e-02 -4.46313135e-01
 -9.27221611e-01  2.01901276e-01  1.92141656e-01 -4.89769600e-01
 -1.57339323e-01  2.19949383e-01  5.03724031e-01 -2.76608892e-01
 -2.05512185e-01  4.07337911e-01  2.04174103e-01 -5.29374212e-01
 -6.62923176e-02 -2.52721675e-01 -1.30842015e-01  2.63441123e-01
  5.68438813e-01 -4.01140869e-01  3.92143629e-01 -3.37334946e-02
  4.73184623e-01 -4.50189531e-01 -1.24203786e-01 -1.42490182e-01
 -5.13560313e-02 -5.40082723e-01  2.01533828e-01  5.17378315e-01
 -2.04848405e-01  9.62861702e-02 -4.69213240e-01  1.01058876e-01
  9.09966026e-02 -1.53373223e-01  5.04762553e-01 -4.86682013e-01
 -2.59377088e-01  3.75078149e-01 -3.94720934e-01  2.56938316e-01
 -3.20751615e-01 -5.83425596e-01 -2.86957433e-01 -8.32699448e-01
  3.99301294e-02  3.52580026e-01 -5.92890959e-02  1.86884645e-01
  3.41953464e-01 -1.09118816e-01 -6.64535522e-01 -4.99368027e-01
  4.38115150e-01  4.90393043e-01  4.49839473e-01  5.98487929e-01
  8.50436511e-02 -8.19084033e-01 -2.04031024e-01  2.98516586e-01
  4.29717288e-03  3.83614279e-01 -4.02351670e-01 -4.51721892e-01
  1.53069220e-01 -3.35671090e-01 -4.18484084e-01  1.00698826e+00
  1.74377702e-01 -1.15708387e-02 -1.31333519e-01 -5.68682402e-02
  2.00780828e-01 -6.22965298e-02  9.42319557e-02  5.61585939e-02
  7.88073793e-01 -6.42179593e-01  2.98372909e-01  8.47777903e-01
  6.52647242e-01  2.06305990e-02 -3.11602399e-01  9.05051678e-01
 -4.90095392e-01 -1.43651341e-02 -6.15898808e-02 -6.53225780e-01
 -1.64543718e-01  6.15762435e-02  1.15933381e-02 -2.51881309e-01
 -1.05638109e-01  3.23429860e-01 -3.83970149e-01  5.85224718e-01
 -6.78163812e-01  6.59090996e-01  1.47137020e-01  1.06739489e-01
  2.16517866e-01  2.59811237e-01  1.26442355e-01 -3.09194162e-01
 -2.23589271e-01 -4.64472070e-01 -1.15081528e-01 -4.10187408e-01
 -6.93155274e-01  2.68869244e-01 -2.29411427e-01  2.49819714e-03
  3.47337589e-01 -1.73558549e-02  6.09673239e-01 -2.38868989e-01
 -3.19316961e-01  7.74116069e-01 -2.94890553e-01  2.43747037e-01
 -2.60731317e-01  2.12422457e-01 -2.80072831e-01  3.48942287e-01
 -2.22459678e-01  1.71375319e-01 -1.25429343e-01 -5.80252677e-01
  1.75851250e-01  2.78014459e-01 -2.75550477e-01  6.41343463e-03
 -7.11433306e-01 -9.27996099e-01  6.51679054e-01  3.15375432e-01
  1.86427478e-02  1.84747605e-02 -5.16937398e-02  1.53201461e-01
 -1.12819297e-01  3.72650638e-01  3.61361414e-01 -1.35180548e-01
 -9.07102022e-02  2.74353936e-01  9.60334977e-02  1.51926607e-01
  6.70458719e-01  4.26079720e-01 -2.53907677e-01 -1.05743580e-01
 -3.65069520e-01 -3.04781772e-01  5.53152850e-02  2.41091713e-01
 -6.46540627e-01 -1.02370698e-01  2.01073740e-01  4.61632617e-01
  1.19123220e-01  3.36270832e-01  5.45213930e-04 -6.35593027e-01
 -6.31172548e-03 -3.46824288e-01 -2.95915456e-01  3.09989911e-01
  4.14689220e-01 -2.76809148e-01 -1.52209098e-02 -5.45169115e-01
 -2.34875306e-01 -1.08679911e-01 -3.12618643e-01 -1.04900035e-01
  3.67290847e-01 -3.35393455e-01 -5.04521243e-02  9.54922214e-01
  1.94813721e-01  1.38609564e-01  2.67054670e-01 -5.48067361e-01
  1.28573064e-01 -3.35076980e-01  1.26118291e-01  6.80078417e-02
  8.87336463e-01  1.74691129e-01  8.00985899e-02 -3.25186562e-01
  2.41666902e-02  2.95488723e-03 -3.44224624e-01  1.46679748e-02
  7.01864094e-01 -2.05327179e-01  3.44412982e-01 -2.03496020e-01
 -3.10691778e-01  2.10099802e-02  1.14719959e-01  2.02154711e-01
  1.88281883e-01 -7.03404695e-01  1.50190294e-02 -3.38640071e-01
  9.79367318e-02 -1.79384828e-01 -1.24101343e-01  1.79364663e-01
 -1.96233720e-01 -5.33876857e-02  5.14911532e-01 -1.97770026e-01
  7.23005995e-01  1.21017816e-01  1.68219723e-01 -2.99268708e-01]


第9类： ['两个我这边都有需求', '主要以这次的需求为主', '主要是您的需求都能满足这个是最重要的', '但具体需求与细节我不太清楚', '你们的产品可以满足这个需求吗', '你把我的需求转给你们销售顾问', '你指的需求是什么', '你指的需求是指那些', '你说的需求是什么意思', '你说的需求是什么意思', '具体怎样的需求还没定', '具体的需求可以让他给我打电话', '具体需求我还没了解清楚', '具体需求等贵司的具体对接人联系我后', '具体需求请提供具体的对接人给我', '另外对线路的需求怎么算', '可否传达下我们的需求', '可能之后也可能会有需求', '因为我们需要把这个视频会商的需求封装进我们的项目中', '因为我这边现在有一个需求是', '大概就是这样的一个需求', '大概需求是指账号数吗', '如果我们有需求我联系他', '当时需求倒是问得挺仔细的', '您具体需求是指哪方便', '我不太明白你说的几方需求是什么意思', '我不清楚你理解的支持是否和我需求的是一个意思', '我以后两种需求都有', '我们公司是有这个需求', '我们可以提供有这些潜在需求的客户', '我们有个客户有这方面的需求', '我们现在需求是有一个交易系统', '我们的需求是由于项目经理经常不在一个地区', '我们的需求是能够通过', '我们的需求是这样的', '我们自己公司有这个需求啊', '我们自己目前没有这样的需求', '我们这边平时电话会需求比较小', '我们需求是可以在桌面共享同时可以通话', '我先把我的需求给你说下', '我公司现在有这方面的需求', '我大概简单介绍下我们的需求', '我把项目资料需求发你看看', '我有需求再联系你', '我现在有个需求是这样的', '我现在的需求是最多', '我的需求是不能回拨', '我的需求是这样的', '我的需求是这样的', '我的需求是这样的', '我直接吧需求资料发给咱们的技术看', '我直接跟您说下我这边的需求', '我还没有那么细的需求', '我这边客户有这样一个需求', '我这边暂时没有什么需求', '我这边的需求是需要点对点', '我这里有这么一个需求', '我都不了解我如何需求', '我需要先了解下是否符合我们的需求', '我需要跟我们运营的同事确认一下他们的需求再联系', '方便发个文件给我看下是否满足我司需求', '是不是领导已经把需求说了呢', '根据我们的需求进行定制开发', '没有现在只是体验一下这套系统是否满足我们公司需求', '没有需求和你联系干嘛呀', '满足我们的需求就可以了', '现在公司有这方面的需求', '现在我这边需求是这样的', '目前我们的需求还没确定', '目前我只有共享桌面的需求', '目前没有其他移动端的需求', '目前没有同一时间多场的需求', '目前的需求在这个范围内', '目前的需求是支持桌面共享', '目前的需求还不确定', '看看你们直播供应商这一块是否有需求', '看看能不能达到我们的需求', '等于就是说国内和国外的终端可以按自己需求选择了', '而是我们现在有这方面的需求', '要是方案能满足需求再说吧', '详细的需求我跟他们再说吧', '这个需求都会包含什么', '这种需求你们有解决方案么', '那对网络需求会不会比较高', '那您把我的需求转给他', '需求是每次参会都是三方', '需求暂时为确定详细的', '需求的话大概是每周一次', '需求的话最多三四个地方的人']
语义向量：[ 3.14287709e-03  1.11121217e-01  1.14884251e-01  5.95686230e-02
 -1.77961265e-01 -7.73924416e-02 -8.48723390e-02  8.05544284e-02
 -1.57481654e-01 -1.07192305e-01 -7.91273114e-04 -1.57877986e-02
 -4.95536319e-03 -1.35045227e-02 -2.80664608e-02 -1.36394262e-01
 -6.11011480e-04 -1.33402629e-01  8.21615581e-02 -1.15748971e-01
  1.86155250e-01  9.77527654e-02  1.18671142e-01 -1.67427141e-01
 -4.66924597e-03  6.79329413e-02 -1.87707254e-02  1.02354424e-01
  7.64625914e-02  2.46270854e-03 -1.12709750e-01 -4.40221195e-02
 -1.41028981e-01  3.78870415e-02 -4.36083856e-02  5.73790798e-02
 -1.33756779e-01  2.02513051e-02  1.69406129e-01 -2.48664632e-01
 -2.94919527e-02  4.26651160e-02  1.14339591e-01  1.55729767e-01
 -5.97441340e-02  1.14094098e-01  2.08519829e-02 -2.17208988e-01
  1.41927610e-02 -1.54014355e-01 -6.55698905e-02  5.51828776e-02
  1.19065812e-01  3.02300328e-02  1.04246390e-01 -4.94046721e-03
 -6.90412982e-03 -7.65778060e-03  7.70333364e-02 -2.02762253e-01
  7.85553036e-02  1.56607083e-01  3.96686510e-02 -8.42703406e-02
 -9.39425748e-02  1.25832253e-02 -1.41698945e-01 -2.07931073e-01
 -6.05642030e-02 -1.22115785e-01  7.92236560e-02 -9.28424828e-02
  4.99660663e-02 -1.32032140e-01 -1.63156753e-01 -1.00510491e-01
  7.17025299e-02  1.01776741e-01  5.58013974e-02 -1.17546664e-01
 -2.31197331e-01  2.58686279e-02 -3.27322924e-02 -1.67732307e-01
  4.54402376e-02  1.13550751e-01  1.44652760e-01  3.56065735e-03
 -1.57319523e-02  4.63188694e-02  1.03945716e-01 -1.10816868e-01
 -5.38679486e-02 -4.23234354e-02 -4.83633481e-02  7.80093793e-02
  1.54212203e-01 -8.58768388e-02  8.66051469e-02  5.40617805e-02
  1.55478106e-01 -4.19580835e-02 -1.82883845e-02 -1.25697726e-01
 -5.50795919e-02 -1.60140037e-01  1.37381444e-01  4.32226438e-02
 -6.33446575e-02  1.00397336e-01 -1.53866196e-01  6.44795680e-02
 -9.12882138e-02 -1.18728707e-01  1.23899234e-01 -2.10296896e-01
 -6.26659525e-02  8.15867330e-02  3.46080950e-02  6.91035209e-02
 -1.14613794e-01 -1.24287549e-01 -8.34070760e-02 -2.42834221e-01
 -3.91681552e-02  1.74225839e-01 -1.03944518e-01  1.42587728e-02
  7.08677129e-02 -7.16884575e-02 -1.41620566e-01 -1.34063489e-01
  3.47893479e-03  1.94386771e-01  1.19168614e-01  1.84953448e-01
  8.61092690e-02 -3.78194452e-02 -1.36339383e-01  3.89957985e-02
 -3.87631355e-02  8.81203848e-02 -1.38033489e-01 -2.02139108e-01
  1.07345746e-01 -1.29701929e-01 -7.95019622e-02  2.84283717e-01
  6.73283125e-02  2.42392200e-03 -7.03758134e-02 -7.56365132e-02
  8.69224311e-02 -4.50461629e-02  1.14596268e-01  2.25037523e-02
  2.10939120e-01 -3.99334167e-02  5.59544813e-02  2.75665196e-01
  1.12182730e-01 -2.45737217e-02 -4.08951634e-02  2.98912692e-01
 -1.13353673e-01 -7.91736549e-02 -3.30734088e-02 -1.53080411e-01
 -8.77669680e-02  3.02610637e-02  5.61189100e-02 -1.09628381e-01
  8.17567351e-03  1.38547702e-01 -1.73986254e-01  1.25055878e-01
 -2.29164056e-01  6.02020774e-02  5.12686480e-02  9.47111060e-02
  6.34245044e-02  2.24505781e-02  6.73253806e-02  1.98086164e-02
 -5.36904685e-02 -1.72346850e-01 -4.27290552e-02 -2.83484613e-02
 -1.84086834e-01 -3.64888558e-02 -4.67528530e-02  5.20780441e-02
  3.30740687e-02 -8.83058232e-03  1.44001405e-01  1.41022531e-02
 -8.91187819e-02  1.01209157e-01  2.06585169e-02  2.80307521e-02
 -7.88532803e-02  5.57202673e-02  4.32011528e-03  1.71838624e-01
 -1.08279993e-02  6.43484530e-02 -5.50664349e-02 -7.32555062e-02
  1.64994334e-02  5.73724084e-02 -7.84909408e-02 -2.00809858e-02
 -1.69101942e-01 -2.01868206e-01  1.55716191e-01  1.44540126e-02
  6.61964752e-02  3.39605044e-02  1.00809494e-01 -3.11822233e-06
  2.98913548e-02  9.51125298e-02  4.92423035e-02 -5.86396656e-02
  1.49751916e-02  4.48770553e-02  2.59460054e-02 -2.35220588e-02
  1.51959098e-01  2.04649630e-01 -7.64372151e-02 -6.87739494e-02
 -1.28134873e-01 -8.35846245e-02  5.51397104e-02  1.44645966e-01
 -1.50787972e-01 -1.27998076e-02  8.43768210e-02  2.64377545e-02
  6.26621544e-02  1.26176466e-01  4.93538482e-02 -8.82686559e-02
 -1.52321203e-02 -4.47845025e-02 -9.66829658e-02  1.15617163e-01
  8.24855529e-02 -2.27689801e-02 -8.45907999e-06 -1.09851148e-01
 -2.87167945e-02 -8.74236689e-03 -8.97430006e-02  8.52718832e-03
  1.28575461e-01 -1.46934823e-01 -4.63633432e-02  2.18765642e-01
 -1.36100414e-02 -8.26186803e-03  3.25714785e-02 -3.93937059e-02
 -2.30346512e-02 -4.40740751e-02 -5.01778841e-02  3.84768914e-02
  1.75507907e-01  1.28731368e-02  9.28222783e-02 -1.06718006e-01
 -6.12372825e-02  8.23847299e-04 -1.14217124e-01 -4.32347614e-02
  1.74103528e-01  9.73365670e-03  1.00067406e-01 -1.21701935e-01
 -9.81950170e-02  2.52318572e-02  2.61949064e-02  1.47555623e-01
  8.62258394e-03 -2.30770891e-01 -3.53206042e-02  1.13397996e-02
  1.71835545e-02 -6.01544257e-02 -1.52164335e-02  2.77019064e-02
 -7.68618194e-02 -1.12872719e-02  6.62811889e-02 -5.87241260e-02
  1.46288156e-01 -2.21876714e-02  4.98120663e-02 -1.24971512e-02]


